time_sec,ax,ay,az,gx,gy,gz,temp_c
0.002,-0.059000,-0.813000,0.579000,-94.893000,-34.084000,44.786000,31.210000
0.015,-0.133000,-0.752000,0.553000,-92.084000,-25.389000,43.702000,31.210000
0.021,-0.165000,-0.692000,0.526000,-90.939000,-14.626000,39.908000,31.170000
0.034,-0.166000,-0.664000,0.470000,-88.603000,-9.817000,38.206000,31.120000
0.046,-0.159000,-0.639000,0.467000,-81.664000,-2.260000,37.008000,31.210000
0.053,-0.211000,-0.588000,0.379000,-85.588000,4.550000,35.176000,31.260000
0.066,-0.247000,-0.602000,0.339000,-82.420000,0.244000,35.962000,31.260000
0.074,-0.251000,-0.593000,0.300000,-81.122000,3.702000,34.145000,31.210000
0.084,-0.300000,-0.588000,0.234000,-80.664000,-0.550000,37.550000,31.310000
0.098,-0.297000,-0.565000,0.191000,-79.794000,-2.389000,35.351000,31.170000
0.103,-0.311000,-0.547000,0.145000,-81.397000,-3.595000,30.985000,31.210000
0.115,-0.329000,-0.552000,0.109000,-83.702000,-14.031000,25.000000,31.310000
0.122,-0.357000,-0.625000,0.063000,-80.206000,-25.473000,18.473000,31.260000
0.134,-0.282000,-0.672000,0.037000,-73.000000,-38.450000,16.405000,31.260000
0.146,-0.217000,-0.692000,0.058000,-62.466000,-40.412000,12.458000,31.210000
0.153,-0.156000,-0.723000,0.033000,-56.656000,-42.237000,11.397000,31.260000
0.165,-0.119000,-0.739000,0.023000,-51.595000,-44.718000,13.954000,31.260000
0.172,-0.084000,-0.742000,0.021000,-49.275000,-38.099000,14.878000,31.210000
0.184,-0.068000,-0.753000,0.005000,-45.626000,-31.603000,19.084000,31.210000
0.196,-0.056000,-0.802000,0.012000,-32.878000,-36.634000,25.137000,31.260000
0.202,0.004000,-0.815000,0.000000,-28.260000,-36.053000,32.870000,31.210000
0.215,0.009000,-0.806000,0.027000,-23.290000,-32.794000,31.840000,31.310000
0.223,0.031000,-0.867000,0.059000,-14.153000,-31.244000,31.069000,31.260000
0.234,0.019000,-0.938000,0.040000,-15.076000,-21.305000,34.153000,31.170000
0.246,0.019000,-0.942000,0.088000,-3.710000,-15.847000,37.450000,31.310000
0.253,0.011000,-0.937000,0.120000,-0.053000,-12.779000,45.008000,31.310000
0.265,-0.018000,-0.908000,0.148000,9.435000,-13.916000,51.214000,31.260000
0.273,-0.048000,-0.914000,0.137000,4.870000,-10.031000,57.183000,31.310000
0.284,-0.115000,-0.915000,0.162000,7.542000,-16.924000,59.336000,31.210000
0.290,-0.087000,-0.892000,0.193000,3.176000,-6.687000,53.687000,31.260000
0.304,-0.149000,-0.910000,0.258000,4.023000,-1.252000,50.908000,31.260000
0.316,-0.237000,-0.929000,0.297000,8.260000,-2.603000,49.183000,31.210000
0.323,-0.249000,-0.925000,0.322000,11.076000,1.214000,44.267000,31.170000
0.335,-0.298000,-0.910000,0.364000,12.656000,-0.870000,41.122000,31.260000
0.342,-0.319000,-0.903000,0.395000,14.542000,-6.649000,39.809000,31.310000
0.354,-0.286000,-0.914000,0.420000,14.519000,-7.580000,39.802000,31.260000
0.360,-0.287000,-0.937000,0.437000,17.443000,-8.817000,42.595000,31.260000
0.374,-0.281000,-0.943000,0.421000,17.084000,-6.359000,45.374000,31.310000
0.386,-0.280000,-0.917000,0.429000,16.359000,-2.771000,44.000000,31.210000
0.393,-0.347000,-0.914000,0.427000,11.702000,-1.275000,37.863000,31.260000
0.405,-0.357000,-0.930000,0.410000,9.237000,-5.885000,29.328000,31.310000
0.412,-0.344000,-0.936000,0.398000,8.450000,-13.221000,23.366000,31.310000
0.424,-0.314000,-0.930000,0.426000,9.748000,-17.870000,19.031000,31.260000
0.436,-0.245000,-0.953000,0.414000,8.260000,-18.878000,16.725000,31.170000
0.443,-0.253000,-0.957000,0.425000,5.359000,-23.481000,19.000000,31.210000
0.456,-0.255000,-1.003000,0.386000,0.695000,-28.084000,20.779000,31.170000
0.463,-0.226000,-1.026000,0.374000,-3.466000,-29.298000,22.015000,31.170000
0.475,-0.232000,-1.031000,0.368000,-4.809000,-31.267000,23.664000,31.210000
0.482,-0.210000,-1.019000,0.361000,-4.672000,-30.450000,22.824000,31.120000
0.494,-0.193000,-1.005000,0.384000,-6.328000,-26.763000,20.344000,31.170000
0.506,-0.199000,-0.967000,0.365000,-9.305000,-20.550000,15.282000,31.210000
0.513,-0.239000,-1.011000,0.315000,-9.664000,-21.992000,16.947000,31.310000
0.525,-0.223000,-0.996000,0.310000,-4.122000,-23.771000,18.626000,31.310000
0.532,-0.231000,-0.963000,0.303000,-4.313000,-14.061000,13.916000,31.260000
0.544,-0.232000,-0.952000,0.278000,-6.206000,-6.702000,7.641000,31.310000
0.556,-0.271000,-0.967000,0.252000,-6.069000,-4.389000,2.573000,31.260000
0.563,-0.299000,-0.990000,0.244000,-3.145000,-5.504000,0.740000,31.260000
0.576,-0.279000,-0.988000,0.223000,0.389000,-0.221000,-1.878000,31.310000
0.583,-0.256000,-0.979000,0.235000,4.511000,2.672000,-2.137000,31.260000
0.595,-0.228000,-0.963000,0.238000,6.473000,8.000000,-2.550000,31.260000
0.602,-0.255000,-0.958000,0.240000,8.893000,10.618000,-2.679000,31.210000
0.615,-0.254000,-0.953000,0.258000,8.336000,14.237000,-4.618000,31.120000
0.623,-0.292000,-0.971000,0.276000,9.969000,15.313000,-4.656000,31.170000
0.634,-0.311000,-0.948000,0.294000,9.702000,12.702000,-5.618000,31.310000
0.646,-0.310000,-0.936000,0.303000,6.389000,10.214000,-7.748000,31.120000
0.653,-0.308000,-0.917000,0.308000,2.214000,6.939000,-9.878000,31.260000
0.666,-0.282000,-0.930000,0.315000,1.504000,3.954000,-9.542000,31.260000
0.674,-0.272000,-0.970000,0.325000,0.038000,4.695000,-10.176000,31.210000
0.685,-0.242000,-1.008000,0.329000,4.183000,5.534000,-11.656000,31.260000
0.692,-0.217000,-1.034000,0.385000,4.656000,7.802000,-11.977000,31.170000
0.704,-0.189000,-1.051000,0.399000,4.977000,14.397000,-12.924000,31.210000
0.717,-0.149000,-1.038000,0.378000,-0.763000,20.466000,-10.084000,31.260000
0.723,-0.129000,-0.997000,0.404000,-10.374000,32.008000,-9.885000,31.260000
0.735,-0.133000,-0.954000,0.424000,-17.817000,31.756000,1.351000,31.310000
0.742,-0.159000,-1.011000,0.371000,-16.511000,20.702000,11.344000,31.210000
0.754,-0.215000,-0.980000,0.384000,-18.122000,15.534000,17.351000,31.170000
0.763,-0.273000,-0.964000,0.388000,-15.496000,7.985000,15.466000,31.310000
0.774,-0.333000,-0.972000,0.382000,-13.992000,-7.053000,15.359000,31.210000
0.786,-0.402000,-0.971000,0.329000,-9.023000,-27.542000,13.656000,31.210000
0.792,-0.405000,-0.962000,0.293000,-5.168000,-46.931000,16.275000,31.260000
0.805,-0.362000,-0.944000,0.273000,-7.374000,-52.198000,12.756000,31.310000
0.813,-0.210000,-0.917000,0.280000,-18.634000,-38.649000,2.626000,31.260000
0.824,-0.241000,-0.927000,0.308000,-22.450000,-24.137000,-5.450000,31.260000
0.836,-0.230000,-0.923000,0.316000,-23.878000,-23.420000,-6.847000,31.210000
0.842,-0.231000,-0.908000,0.331000,-25.992000,-20.053000,-6.137000,31.210000
0.854,-0.281000,-0.897000,0.334000,-27.969000,-19.725000,-6.840000,31.170000
0.860,-0.258000,-0.887000,0.331000,-29.534000,-19.412000,-7.641000,31.210000
0.874,-0.265000,-0.895000,0.293000,-28.260000,-26.496000,-4.664000,31.210000
0.885,-0.295000,-0.916000,0.267000,-24.313000,-37.427000,-0.687000,31.260000
0.892,-0.278000,-0.944000,0.245000,-15.550000,-48.397000,3.695000,31.260000
0.904,-0.229000,-0.967000,0.246000,-13.122000,-48.366000,5.695000,31.210000
0.910,-0.164000,-0.948000,0.243000,-12.443000,-39.107000,1.176000,31.210000
0.924,-0.110000,-0.926000,0.267000,-13.267000,-20.237000,-5.885000,31.170000
0.935,-0.090000,-0.948000,0.283000,-13.672000,-11.939000,-6.160000,31.310000
0.942,-0.092000,-0.937000,0.274000,-12.664000,-3.519000,-5.855000,31.210000
0.954,-0.129000,-0.929000,0.256000,-14.038000,2.687000,-5.679000,31.260000
0.964,-0.152000,-0.946000,0.244000,-13.351000,7.573000,-6.992000,31.310000
0.974,-0.165000,-0.945000,0.237000,-8.924000,4.206000,-5.351000,31.210000
0.986,-0.171000,-0.981000,0.216000,-8.718000,4.046000,-5.046000,31.260000
0.993,-0.145000,-0.980000,0.221000,-5.786000,4.099000,-4.710000,31.170000
1.005,-0.144000,-0.996000,0.205000,-7.008000,-0.977000,-2.336000,31.310000
1.013,-0.090000,-0.993000,0.192000,-13.664000,7.191000,-6.809000,31.260000
1.025,-0.139000,-0.993000,0.194000,-14.397000,11.206000,-4.550000,31.260000
1.032,-0.169000,-0.978000,0.204000,-11.290000,2.435000,0.634000,31.210000
1.044,-0.129000,-0.955000,0.208000,-12.290000,-0.939000,5.473000,31.210000
1.056,-0.158000,-0.893000,0.257000,-14.260000,-1.931000,7.038000,31.260000
1.064,-0.192000,-0.887000,0.269000,-16.061000,1.252000,6.267000,31.310000
1.075,-0.179000,-0.920000,0.275000,-16.626000,4.008000,5.863000,31.310000
1.083,-0.172000,-0.925000,0.242000,-17.519000,5.863000,6.290000,31.260000
1.095,-0.192000,-0.933000,0.202000,-15.153000,2.321000,8.588000,31.170000
1.101,-0.179000,-0.983000,0.168000,-11.969000,-2.611000,10.786000,31.210000
1.115,-0.165000,-0.995000,0.146000,-10.389000,-4.275000,10.855000,31.260000
1.127,-0.170000,-1.004000,0.146000,-8.076000,1.840000,6.542000,31.170000
1.134,-0.167000,-1.012000,0.135000,-4.611000,4.924000,4.328000,31.210000
1.146,-0.136000,-0.995000,0.162000,1.305000,9.573000,1.962000,31.310000
1.153,-0.154000,-0.963000,0.186000,8.069000,12.115000,1.931000,31.260000
1.165,-0.156000,-0.948000,0.185000,8.084000,19.603000,-0.527000,31.310000
1.172,-0.190000,-0.958000,0.179000,8.550000,18.580000,-2.336000,31.310000
1.184,-0.200000,-0.983000,0.148000,9.832000,12.260000,-3.092000,31.310000
1.191,-0.216000,-1.031000,0.124000,11.992000,2.855000,-1.015000,31.260000
1.204,-0.232000,-1.049000,0.125000,18.725000,-8.267000,2.947000,31.210000
1.217,-0.229000,-1.011000,0.194000,22.359000,-11.580000,6.061000,31.350000
1.224,-0.256000,-0.948000,0.230000,22.878000,-10.664000,4.718000,31.260000
1.235,-0.249000,-0.919000,0.302000,15.473000,-9.527000,1.176000,31.210000
1.242,-0.250000,-0.896000,0.340000,11.221000,-9.389000,-2.756000,31.210000
1.254,-0.226000,-0.892000,0.381000,8.206000,-11.420000,-3.420000,31.350000
1.260,-0.192000,-0.904000,0.376000,4.000000,-11.588000,-2.069000,31.310000
1.274,-0.211000,-0.902000,0.350000,-2.550000,-6.145000,-1.450000,31.210000
1.286,-0.244000,-0.897000,0.283000,-10.557000,-3.382000,0.076000,31.260000
1.293,-0.264000,-0.914000,0.217000,-15.687000,-5.298000,2.099000,31.260000
1.305,-0.243000,-0.901000,0.165000,-18.206000,-5.863000,0.855000,31.210000
1.313,-0.259000,-0.984000,0.142000,-16.176000,-15.725000,1.595000,31.210000
1.324,-0.233000,-0.984000,0.159000,-14.771000,-18.832000,-0.809000,31.260000
1.336,-0.200000,-0.933000,0.200000,-15.435000,-4.534000,-11.076000,31.310000
1.343,-0.199000,-0.924000,0.209000,-14.168000,4.092000,-15.252000,31.400000
1.355,-0.238000,-0.882000,0.245000,-14.931000,12.733000,-21.763000,31.260000
1.363,-0.220000,-0.890000,0.206000,-16.382000,15.015000,-24.374000,31.260000
1.374,-0.212000,-0.933000,0.198000,-10.573000,3.366000,-21.740000,31.310000
1.386,-0.211000,-0.985000,0.186000,-2.939000,-10.817000,-16.580000,31.260000
1.393,-0.164000,-1.003000,0.198000,-1.924000,-10.649000,-16.794000,31.260000
1.405,-0.122000,-0.985000,0.208000,3.389000,-13.351000,-14.275000,31.310000
1.413,-0.111000,-0.984000,0.230000,5.260000,-11.710000,-13.122000,31.210000
1.424,-0.067000,-0.974000,0.237000,5.817000,-5.947000,-14.061000,31.260000
1.436,-0.077000,-0.988000,0.245000,8.855000,-4.656000,-12.489000,31.310000
1.443,-0.069000,-0.985000,0.268000,9.565000,2.397000,-12.443000,31.210000
1.455,-0.066000,-1.001000,0.272000,11.832000,8.809000,-12.305000,31.350000
1.463,-0.095000,-0.974000,0.272000,12.290000,10.695000,-10.298000,31.260000
1.474,-0.102000,-0.958000,0.260000,12.985000,12.198000,-7.931000,31.210000
1.482,-0.050000,-0.933000,0.280000,12.771000,15.710000,-7.794000,31.260000
1.494,-0.065000,-0.964000,0.285000,12.618000,12.794000,-2.031000,31.260000
1.506,-0.093000,-0.968000,0.282000,15.099000,5.901000,4.916000,31.210000
1.515,-0.110000,-0.940000,0.300000,12.008000,8.786000,6.786000,31.310000
1.527,-0.148000,-0.910000,0.314000,9.298000,9.076000,7.924000,31.170000
1.533,-0.175000,-0.885000,0.321000,5.221000,10.710000,7.229000,31.210000
1.545,-0.182000,-0.882000,0.311000,1.954000,12.031000,5.550000,31.210000
1.552,-0.190000,-0.880000,0.300000,-1.084000,11.985000,5.115000,31.260000
1.564,-0.185000,-0.905000,0.304000,-2.885000,11.107000,5.038000,31.260000
1.573,-0.185000,-0.926000,0.283000,-1.702000,6.244000,7.145000,31.310000
1.584,-0.223000,-0.912000,0.289000,-1.786000,0.031000,9.382000,31.210000
1.596,-0.252000,-0.883000,0.282000,-4.420000,-1.046000,7.947000,31.170000
1.603,-0.263000,-0.873000,0.253000,-7.252000,-7.817000,7.954000,31.310000
1.616,-0.282000,-0.880000,0.253000,-9.031000,-16.267000,7.710000,31.260000
1.623,-0.250000,-0.889000,0.247000,-9.931000,-19.817000,4.802000,31.260000
1.635,-0.191000,-0.933000,0.270000,-3.687000,-33.595000,8.863000,31.210000
1.641,-0.189000,-0.916000,0.282000,-1.038000,-40.260000,12.824000,31.310000
1.654,-0.187000,-0.899000,0.300000,-2.534000,-32.916000,9.038000,31.260000
1.666,-0.197000,-0.876000,0.290000,-8.229000,-28.023000,5.076000,31.310000
1.674,-0.187000,-0.878000,0.305000,-14.260000,-15.763000,-1.069000,31.310000
1.685,-0.189000,-0.880000,0.298000,-17.008000,-9.954000,-5.122000,31.260000
1.692,-0.185000,-0.917000,0.268000,-17.947000,-7.412000,-6.382000,31.260000
1.704,-0.171000,-0.927000,0.258000,-15.962000,-7.718000,-7.290000,31.310000
1.717,-0.172000,-0.934000,0.247000,-14.985000,-9.840000,-7.443000,31.210000
1.723,-0.185000,-0.933000,0.238000,-13.618000,-10.718000,-8.962000,31.350000
1.735,-0.186000,-0.926000,0.245000,-14.389000,-11.046000,-10.718000,31.210000
1.741,-0.155000,-0.926000,0.244000,-13.244000,-13.435000,-11.153000,31.310000
1.754,-0.125000,-0.927000,0.250000,-9.176000,-19.992000,-7.084000,31.170000
1.766,-0.119000,-0.907000,0.253000,-8.702000,-15.817000,-7.420000,31.310000
1.773,-0.126000,-0.926000,0.251000,-8.321000,-13.733000,-7.473000,31.310000
1.785,-0.141000,-0.946000,0.237000,-8.374000,-14.145000,-6.916000,31.260000
1.792,-0.145000,-0.957000,0.250000,-7.969000,-14.832000,-6.916000,31.260000
1.804,-0.135000,-0.962000,0.241000,-7.985000,-15.145000,-6.763000,31.310000
1.816,-0.099000,-0.960000,0.248000,-7.893000,-13.985000,-7.038000,31.260000
1.824,-0.054000,-0.973000,0.233000,-6.679000,-12.519000,-5.573000,31.260000
1.835,-0.046000,-0.999000,0.225000,-1.847000,-14.611000,-1.130000,31.310000
1.842,-0.040000,-1.001000,0.227000,0.435000,-10.374000,-0.855000,31.310000
1.854,-0.047000,-1.008000,0.237000,2.580000,-7.542000,-0.985000,31.170000
1.862,-0.030000,-1.003000,0.239000,4.534000,-7.214000,-0.977000,31.310000
1.874,-0.035000,-0.981000,0.259000,3.702000,-0.718000,-2.053000,31.210000
1.886,-0.047000,-0.955000,0.253000,2.557000,4.756000,-1.565000,31.260000
1.893,-0.077000,-0.945000,0.251000,1.298000,3.939000,0.687000,31.260000
1.906,-0.114000,-0.945000,0.213000,-0.618000,1.336000,1.702000,31.210000
1.913,-0.132000,-0.949000,0.221000,-1.198000,-3.557000,1.115000,31.260000
1.926,-0.135000,-0.958000,0.223000,-1.046000,-6.725000,-0.847000,31.260000
1.933,-0.084000,-0.981000,0.237000,1.328000,-9.740000,-1.038000,31.210000
1.944,-0.093000,-0.974000,0.243000,3.794000,-12.542000,1.115000,31.210000
1.950,-0.064000,-0.981000,0.225000,5.099000,-9.649000,2.313000,31.260000
1.965,-0.037000,-0.991000,0.225000,7.267000,-5.107000,0.244000,31.350000
1.976,-0.010000,-1.011000,0.216000,10.977000,3.076000,-1.420000,31.210000
1.984,0.033000,-1.052000,0.214000,16.046000,14.000000,-4.542000,31.210000
1.995,-0.044000,-1.053000,0.185000,17.786000,18.573000,-5.282000,31.260000
2.002,-0.094000,-1.031000,0.193000,22.504000,19.863000,-5.130000,31.210000
2.015,-0.107000,-1.018000,0.173000,23.733000,19.115000,-5.641000,31.210000
2.023,-0.108000,-0.989000,0.175000,25.389000,16.130000,-4.435000,31.170000
2.034,-0.084000,-0.984000,0.189000,26.702000,14.893000,-1.099000,31.210000
2.046,-0.068000,-0.996000,0.221000,28.786000,5.634000,4.931000,31.310000
2.053,-0.102000,-0.957000,0.227000,27.916000,-0.435000,8.733000,31.170000
2.065,-0.114000,-0.932000,0.224000,25.160000,-4.145000,12.038000,31.260000
2.073,-0.129000,-0.921000,0.232000,22.855000,-6.878000,12.748000,31.310000
2.085,-0.146000,-0.919000,0.236000,19.672000,-10.206000,13.947000,31.210000
2.096,-0.157000,-0.921000,0.236000,17.542000,-14.618000,14.672000,31.260000
2.103,-0.150000,-0.933000,0.244000,17.206000,-21.252000,16.618000,31.310000
2.116,-0.148000,-0.927000,0.237000,16.725000,-25.489000,18.099000,31.310000
2.123,-0.163000,-0.928000,0.246000,17.046000,-26.298000,18.435000,31.210000
2.134,-0.156000,-0.915000,0.249000,17.557000,-28.580000,18.145000,31.260000
2.141,-0.158000,-0.893000,0.260000,18.542000,-28.573000,16.908000,31.310000
2.153,-0.160000,-0.889000,0.288000,19.786000,-27.954000,15.908000,31.170000
2.166,-0.150000,-0.885000,0.302000,18.405000,-26.053000,10.260000,31.170000
2.173,-0.166000,-0.899000,0.318000,17.855000,-21.542000,6.977000,31.210000
2.185,-0.158000,-0.896000,0.306000,19.397000,-20.130000,4.740000,31.310000
2.191,-0.163000,-0.900000,0.319000,21.733000,-22.290000,4.832000,31.170000
2.204,-0.169000,-0.898000,0.333000,23.008000,-22.237000,4.229000,31.350000
2.217,-0.177000,-0.910000,0.324000,24.137000,-26.214000,4.260000,31.310000
2.224,-0.183000,-0.898000,0.347000,25.634000,-31.336000,4.931000,31.260000
2.236,-0.162000,-0.892000,0.375000,25.794000,-33.534000,3.702000,31.260000
2.242,-0.139000,-0.881000,0.395000,24.053000,-32.664000,2.336000,31.210000
2.255,-0.137000,-0.865000,0.412000,21.977000,-29.397000,0.924000,31.310000
2.263,-0.157000,-0.868000,0.385000,18.015000,-27.374000,-0.053000,31.260000
2.275,-0.185000,-0.863000,0.384000,16.145000,-29.237000,-0.901000,31.310000
2.286,-0.201000,-0.876000,0.375000,13.183000,-32.183000,-0.458000,31.210000
2.293,-0.201000,-0.894000,0.364000,15.634000,-35.679000,-1.046000,31.350000
2.305,-0.135000,-0.897000,0.355000,17.817000,-41.137000,-0.847000,31.170000
2.312,-0.107000,-0.898000,0.400000,20.962000,-34.985000,-2.954000,31.210000
2.325,-0.071000,-0.895000,0.393000,23.534000,-27.313000,-4.336000,31.260000
2.336,-0.065000,-0.875000,0.405000,25.557000,-20.725000,-5.634000,31.260000
2.343,-0.064000,-0.849000,0.415000,26.092000,-13.519000,-5.947000,31.210000
2.355,-0.058000,-0.835000,0.423000,26.069000,-10.038000,-5.977000,31.310000
2.363,-0.085000,-0.825000,0.420000,24.260000,-7.313000,-4.985000,31.170000
2.374,-0.078000,-0.817000,0.393000,23.069000,-11.901000,-2.855000,31.260000
2.386,-0.115000,-0.816000,0.377000,22.137000,-15.870000,-3.481000,31.210000
2.393,-0.100000,-0.804000,0.387000,19.466000,-16.985000,-4.664000,31.210000
2.405,-0.034000,-0.825000,0.406000,19.313000,-12.611000,-8.496000,31.170000
2.413,-0.001000,-0.810000,0.420000,21.496000,-11.496000,-9.298000,31.210000
2.424,-0.026000,-0.787000,0.438000,21.145000,-8.893000,-12.595000,31.210000
2.436,-0.040000,-0.811000,0.436000,17.771000,-6.084000,-11.992000,31.170000
2.443,-0.068000,-0.775000,0.419000,15.321000,-3.832000,-11.412000,31.120000
2.455,-0.121000,-0.815000,0.410000,12.893000,-3.924000,-9.260000,31.310000
2.462,-0.103000,-0.829000,0.382000,9.534000,-2.901000,-8.183000,31.260000
2.476,-0.128000,-0.843000,0.360000,7.443000,-3.725000,-9.008000,31.260000
2.482,-0.127000,-0.866000,0.372000,8.740000,-10.145000,-6.763000,31.310000
2.494,-0.097000,-0.861000,0.354000,10.069000,-20.023000,-2.496000,31.260000
2.506,-0.087000,-0.833000,0.372000,9.519000,-21.344000,-2.092000,31.350000
2.514,-0.059000,-0.847000,0.384000,6.076000,-22.695000,0.687000,31.210000
2.526,-0.084000,-0.857000,0.363000,5.763000,-29.656000,2.504000,31.210000
2.533,-0.048000,-0.873000,0.369000,4.359000,-34.863000,3.679000,31.260000
2.545,0.052000,-0.905000,0.389000,6.351000,-35.702000,4.435000,31.310000
2.552,0.085000,-0.896000,0.411000,8.550000,-35.275000,6.137000,31.210000
2.564,0.068000,-0.897000,0.451000,11.580000,-32.122000,7.893000,31.260000
2.577,0.034000,-0.902000,0.450000,10.183000,-30.847000,10.061000,31.350000
2.584,0.023000,-0.874000,0.452000,9.435000,-31.504000,11.504000,31.210000
2.596,0.013000,-0.880000,0.455000,6.748000,-34.450000,13.183000,31.350000
2.603,0.056000,-0.897000,0.440000,4.092000,-34.145000,13.672000,31.260000
2.616,0.046000,-0.882000,0.439000,3.344000,-29.282000,13.366000,31.210000
2.623,0.031000,-0.902000,0.434000,4.046000,-29.840000,14.771000,31.210000
2.635,0.034000,-0.892000,0.450000,4.908000,-28.504000,15.496000,31.260000
2.642,0.020000,-0.877000,0.454000,7.229000,-27.931000,16.962000,31.210000
2.654,0.051000,-0.906000,0.460000,7.679000,-30.863000,18.519000,31.120000
2.667,0.108000,-0.933000,0.451000,6.382000,-21.603000,17.183000,31.120000
2.674,0.079000,-0.921000,0.449000,7.107000,-13.412000,20.076000,31.260000
2.685,0.052000,-0.930000,0.450000,8.595000,-12.038000,23.656000,31.210000
2.692,0.054000,-0.909000,0.433000,10.725000,-12.290000,24.534000,31.170000
2.705,-0.019000,-0.895000,0.435000,10.580000,-14.641000,24.198000,31.170000
2.713,-0.055000,-0.904000,0.403000,10.939000,-14.679000,23.634000,31.210000
2.725,-0.052000,-0.894000,0.392000,10.328000,-15.985000,20.328000,31.210000
2.736,-0.054000,-0.920000,0.394000,12.939000,-16.855000,19.038000,31.260000
2.743,-0.011000,-0.938000,0.378000,16.389000,-16.962000,20.557000,31.260000
2.755,0.005000,-0.900000,0.386000,20.267000,-17.977000,21.847000,31.310000
2.763,-0.025000,-0.851000,0.420000,25.015000,-16.771000,25.794000,31.170000
2.774,-0.031000,-0.790000,0.412000,26.321000,-19.427000,24.168000,31.170000
2.786,-0.092000,-0.776000,0.449000,26.824000,-18.885000,19.107000,31.120000
2.793,-0.101000,-0.771000,0.446000,26.893000,-18.382000,17.992000,31.210000
2.805,-0.090000,-0.784000,0.437000,26.794000,-15.130000,17.458000,31.170000
2.817,-0.080000,-0.813000,0.400000,26.206000,-7.153000,15.687000,31.210000
2.825,-0.079000,-0.842000,0.368000,24.634000,-3.374000,14.794000,31.210000
2.837,-0.119000,-0.835000,0.336000,26.786000,-10.557000,18.870000,31.170000
2.843,-0.092000,-0.803000,0.371000,35.954000,-18.160000,15.214000,31.170000
2.855,-0.028000,-0.792000,0.449000,46.878000,-20.527000,8.603000,31.210000
2.864,0.027000,-0.750000,0.496000,54.344000,-18.038000,2.015000,31.310000
2.876,0.058000,-0.735000,0.586000,61.305000,-12.038000,-3.153000,31.170000
2.883,0.104000,-0.719000,0.624000,64.038000,-0.565000,-6.763000,31.210000
2.894,0.084000,-0.709000,0.628000,62.389000,10.763000,-6.366000,31.210000
2.907,0.031000,-0.694000,0.583000,57.565000,12.130000,-3.855000,31.170000
2.915,-0.075000,-0.675000,0.552000,47.733000,7.817000,3.282000,31.170000
2.926,-0.182000,-0.649000,0.532000,35.786000,-0.198000,9.504000,31.210000
2.934,-0.199000,-0.637000,0.505000,26.176000,-15.046000,10.397000,31.310000
2.945,-0.183000,-0.668000,0.532000,19.321000,-11.382000,6.557000,31.260000
2.952,-0.154000,-0.738000,0.523000,14.695000,-19.550000,6.878000,31.310000
2.965,-0.092000,-0.760000,0.542000,17.725000,-26.290000,7.489000,31.310000
2.976,-0.046000,-0.768000,0.538000,17.679000,-34.145000,10.183000,31.170000
2.984,0.024000,-0.707000,0.553000,22.580000,-35.588000,3.702000,31.310000
2.995,0.035000,-0.737000,0.579000,25.534000,-37.901000,-2.534000,31.210000
3.002,0.025000,-0.725000,0.606000,26.786000,-28.115000,-8.649000,31.260000
3.015,0.069000,-0.768000,0.621000,28.229000,-18.099000,-11.931000,31.260000
3.022,0.123000,-0.794000,0.656000,31.641000,-5.122000,-12.641000,31.210000
3.034,0.109000,-0.820000,0.613000,34.626000,-1.015000,-7.870000,31.260000
3.046,0.133000,-0.876000,0.594000,32.282000,-1.313000,1.084000,31.260000
3.053,0.088000,-0.850000,0.573000,29.733000,-1.611000,9.626000,31.120000
3.066,0.016000,-0.818000,0.551000,28.382000,-6.672000,19.321000,31.210000
3.074,-0.002000,-0.771000,0.559000,25.992000,-18.939000,30.679000,31.170000
3.085,-0.030000,-0.718000,0.598000,23.023000,-27.130000,37.344000,31.210000
3.091,-0.068000,-0.681000,0.630000,15.855000,-32.359000,41.405000,31.210000
3.104,-0.105000,-0.653000,0.642000,7.679000,-42.015000,44.214000,31.350000
3.116,-0.062000,-0.640000,0.646000,-1.641000,-44.573000,42.595000,31.260000
3.123,-0.023000,-0.623000,0.663000,-5.145000,-42.878000,35.321000,31.210000
3.135,-0.028000,-0.669000,0.664000,-0.664000,-43.664000,27.389000,31.260000
3.142,0.029000,-0.677000,0.668000,1.496000,-36.855000,18.214000,31.170000
3.154,0.035000,-0.700000,0.677000,5.649000,-22.252000,9.672000,31.310000
3.163,0.056000,-0.720000,0.662000,9.351000,-3.893000,5.366000,31.260000
3.174,0.021000,-0.729000,0.625000,11.969000,8.992000,5.641000,31.260000
3.186,-0.061000,-0.728000,0.586000,9.977000,10.519000,7.382000,31.210000
3.193,-0.096000,-0.718000,0.573000,8.542000,5.511000,8.435000,31.310000
3.206,-0.123000,-0.694000,0.596000,4.061000,-0.458000,9.885000,31.260000
3.215,-0.134000,-0.694000,0.605000,-0.710000,-8.855000,9.580000,31.210000
3.226,-0.132000,-0.684000,0.589000,-9.359000,-18.069000,9.985000,31.120000
3.233,-0.155000,-0.694000,0.585000,-15.092000,-30.183000,10.534000,31.260000
3.244,-0.169000,-0.705000,0.560000,-20.580000,-43.397000,10.595000,31.260000
3.256,-0.152000,-0.730000,0.548000,-23.954000,-48.740000,9.473000,31.120000
3.265,-0.052000,-0.764000,0.581000,-19.634000,-39.618000,6.336000,31.260000
3.275,-0.019000,-0.805000,0.578000,-9.153000,-39.969000,8.687000,31.170000
3.283,0.053000,-0.781000,0.611000,0.412000,-28.244000,12.282000,31.210000
3.295,0.066000,-0.765000,0.625000,5.725000,-18.069000,16.061000,31.210000
3.302,0.057000,-0.715000,0.650000,4.122000,-11.359000,18.748000,31.260000
3.315,0.029000,-0.701000,0.646000,2.374000,-13.756000,16.901000,31.310000
3.326,-0.028000,-0.688000,0.630000,-4.664000,-12.458000,17.366000,31.210000
3.333,-0.066000,-0.673000,0.609000,-9.145000,-10.405000,14.412000,31.210000
3.345,-0.074000,-0.696000,0.597000,-13.542000,-11.412000,12.649000,31.260000
3.352,-0.073000,-0.715000,0.583000,-14.992000,-11.069000,11.206000,31.210000
3.365,-0.015000,-0.720000,0.593000,-15.351000,-3.931000,6.397000,31.170000
3.376,0.062000,-0.749000,0.602000,-18.641000,15.985000,-3.137000,31.260000
3.384,0.020000,-0.781000,0.553000,-17.412000,25.901000,-5.863000,31.210000
3.395,-0.027000,-0.779000,0.507000,-15.771000,27.237000,-5.412000,31.210000
3.402,-0.053000,-0.783000,0.483000,-15.580000,21.099000,-4.893000,31.260000
3.415,-0.064000,-0.792000,0.470000,-13.023000,7.588000,-2.534000,31.210000
3.422,-0.041000,-0.800000,0.495000,-9.397000,-1.618000,-0.336000,31.210000
3.434,-0.002000,-0.804000,0.508000,-3.473000,-4.542000,1.000000,31.260000
3.446,0.060000,-0.773000,0.550000,0.847000,2.855000,-1.969000,31.070000
3.453,0.052000,-0.779000,0.572000,3.420000,12.214000,-3.229000,31.310000
3.466,-0.014000,-0.775000,0.560000,4.290000,16.565000,-4.069000,31.120000
3.473,-0.072000,-0.770000,0.549000,6.229000,14.878000,-4.664000,31.170000
3.485,-0.079000,-0.747000,0.555000,5.924000,12.298000,-5.214000,31.210000
3.492,-0.094000,-0.749000,0.565000,5.221000,10.519000,-4.733000,31.210000
3.504,-0.071000,-0.743000,0.581000,5.641000,7.573000,-3.947000,31.260000
3.513,-0.058000,-0.709000,0.618000,4.695000,13.962000,-5.878000,31.310000
3.524,-0.083000,-0.686000,0.640000,1.435000,20.359000,-7.252000,31.210000
3.536,-0.085000,-0.675000,0.633000,-4.069000,28.351000,-11.939000,31.260000
3.543,-0.101000,-0.683000,0.614000,-5.260000,30.145000,-14.695000,31.170000
3.555,-0.104000,-0.677000,0.603000,-7.183000,27.870000,-17.214000,31.210000
3.564,-0.104000,-0.689000,0.600000,-6.687000,23.962000,-20.626000,31.170000
3.574,-0.092000,-0.672000,0.619000,-9.389000,25.076000,-26.718000,31.260000
3.586,-0.089000,-0.684000,0.635000,-13.008000,26.893000,-26.069000,31.210000
3.593,-0.070000,-0.664000,0.629000,-14.664000,27.023000,-25.382000,31.210000
3.605,-0.043000,-0.688000,0.616000,-15.733000,30.466000,-24.725000,31.170000
3.613,0.015000,-0.704000,0.631000,-18.305000,38.573000,-27.511000,31.310000
3.624,0.023000,-0.731000,0.617000,-19.267000,49.122000,-29.618000,31.210000
3.636,0.021000,-0.776000,0.613000,-16.618000,54.458000,-29.924000,31.170000
3.643,-0.001000,-0.794000,0.595000,-16.214000,54.405000,-28.458000,31.170000
3.655,-0.040000,-0.775000,0.569000,-18.351000,50.130000,-26.008000,31.210000
3.665,-0.047000,-0.782000,0.569000,-19.000000,43.206000,-24.580000,31.170000
3.674,-0.031000,-0.780000,0.571000,-18.641000,36.649000,-23.252000,31.170000
3.686,0.002000,-0.784000,0.582000,-14.939000,32.977000,-20.870000,31.210000
3.693,0.042000,-0.779000,0.597000,-13.534000,35.382000,-20.237000,31.210000
3.705,0.028000,-0.773000,0.586000,-13.954000,33.748000,-18.191000,31.260000
3.713,0.029000,-0.755000,0.590000,-13.679000,34.679000,-18.863000,31.210000
3.724,0.042000,-0.766000,0.615000,-15.206000,38.588000,-20.305000,31.210000
3.736,0.040000,-0.764000,0.611000,-19.237000,46.992000,-23.924000,31.310000
3.743,0.041000,-0.767000,0.605000,-19.160000,53.282000,-26.122000,31.170000
3.755,0.068000,-0.789000,0.611000,-19.557000,61.191000,-26.382000,31.120000
3.763,0.054000,-0.804000,0.560000,-20.947000,65.344000,-23.679000,31.210000
3.775,0.018000,-0.790000,0.527000,-21.565000,64.939000,-19.947000,31.260000
3.786,-0.007000,-0.780000,0.506000,-21.985000,59.473000,-15.412000,31.120000
3.793,-0.045000,-0.764000,0.484000,-23.382000,51.855000,-12.229000,31.210000
3.805,-0.040000,-0.754000,0.494000,-23.122000,49.099000,-13.160000,31.260000
3.813,-0.030000,-0.785000,0.524000,-21.107000,48.725000,-13.519000,31.260000
3.824,-0.009000,-0.800000,0.529000,-19.595000,48.420000,-12.244000,31.210000
3.836,-0.027000,-0.790000,0.540000,-19.305000,48.206000,-9.947000,31.170000
3.843,-0.063000,-0.771000,0.547000,-19.626000,48.595000,-8.046000,31.170000
3.855,-0.095000,-0.738000,0.535000,-23.565000,47.794000,-8.748000,31.210000
3.864,-0.114000,-0.711000,0.507000,-28.947000,43.176000,-9.748000,31.210000
3.874,-0.084000,-0.719000,0.501000,-33.168000,39.038000,-15.084000,31.170000
3.886,-0.065000,-0.749000,0.506000,-35.328000,37.557000,-17.962000,31.210000
3.893,-0.042000,-0.776000,0.497000,-35.214000,39.878000,-19.290000,31.210000
3.905,0.006000,-0.792000,0.507000,-32.145000,46.313000,-20.817000,31.170000
3.914,0.006000,-0.781000,0.491000,-30.351000,54.038000,-19.885000,31.260000
3.924,-0.030000,-0.786000,0.478000,-28.969000,54.641000,-19.595000,31.310000
3.936,-0.069000,-0.773000,0.452000,-28.931000,49.145000,-17.466000,31.210000
3.942,-0.098000,-0.746000,0.427000,-32.840000,47.573000,-16.916000,31.260000
3.955,-0.125000,-0.731000,0.425000,-35.863000,42.473000,-17.824000,31.210000
3.964,-0.126000,-0.769000,0.412000,-38.580000,39.626000,-18.313000,31.210000
3.974,-0.075000,-0.808000,0.412000,-35.412000,39.809000,-20.206000,31.170000
3.986,-0.065000,-0.846000,0.393000,-34.176000,39.366000,-19.656000,31.170000
3.992,-0.086000,-0.870000,0.365000,-30.336000,37.053000,-19.359000,31.310000
4.004,-0.094000,-0.871000,0.334000,-28.397000,35.763000,-17.649000,31.210000
4.017,-0.105000,-0.822000,0.327000,-27.351000,34.595000,-18.779000,31.170000
4.024,-0.105000,-0.808000,0.349000,-22.672000,28.389000,-18.183000,31.210000
4.035,-0.051000,-0.802000,0.384000,-16.557000,27.305000,-17.618000,31.210000
4.042,-0.032000,-0.837000,0.394000,-13.458000,32.542000,-21.656000,31.260000
4.054,-0.027000,-0.842000,0.393000,-9.137000,42.985000,-24.397000,31.260000
4.067,-0.026000,-0.820000,0.391000,-4.298000,51.916000,-24.450000,31.120000
4.074,-0.006000,-0.799000,0.371000,-2.656000,62.878000,-23.618000,31.260000
4.086,-0.010000,-0.792000,0.348000,1.626000,68.282000,-20.824000,31.170000
4.092,-0.011000,-0.770000,0.320000,2.534000,74.168000,-19.817000,31.210000
4.105,-0.036000,-0.740000,0.317000,1.534000,77.290000,-19.756000,31.210000
4.114,-0.133000,-0.740000,0.320000,0.260000,71.863000,-17.130000,31.170000
4.125,-0.229000,-0.741000,0.312000,1.908000,56.466000,-13.405000,31.210000
4.136,-0.258000,-0.715000,0.319000,-3.565000,51.954000,-19.458000,31.210000
4.143,-0.292000,-0.837000,0.321000,-1.076000,36.748000,-22.099000,31.210000
4.155,-0.188000,-0.872000,0.315000,1.427000,30.740000,-25.695000,31.170000
4.165,-0.148000,-0.900000,0.340000,5.420000,25.710000,-26.382000,31.310000
4.174,-0.122000,-0.897000,0.337000,6.870000,20.687000,-25.740000,31.170000
4.186,-0.137000,-0.885000,0.329000,7.084000,20.168000,-26.702000,31.260000
4.193,-0.135000,-0.918000,0.321000,8.527000,14.687000,-25.954000,31.120000
4.206,-0.113000,-0.956000,0.319000,9.908000,8.443000,-23.992000,31.210000
4.215,-0.081000,-0.977000,0.319000,11.740000,4.557000,-23.939000,31.260000
4.226,-0.012000,-0.986000,0.365000,11.191000,1.389000,-25.038000,31.260000
4.233,0.033000,-0.969000,0.425000,7.687000,10.084000,-29.786000,31.210000
4.244,0.010000,-0.901000,0.431000,6.641000,2.779000,-23.092000,31.170000
4.251,0.012000,-0.842000,0.455000,1.099000,3.069000,-21.290000,31.260000
4.265,0.009000,-0.792000,0.458000,-6.458000,9.656000,-21.870000,31.120000
4.277,0.033000,-0.795000,0.466000,-15.137000,17.550000,-24.046000,31.210000
4.283,0.057000,-0.843000,0.494000,-16.908000,30.489000,-27.595000,31.210000
4.295,0.045000,-0.861000,0.495000,-18.435000,42.466000,-27.382000,31.170000
4.302,0.003000,-0.846000,0.486000,-19.733000,50.809000,-26.931000,31.210000
4.315,-0.041000,-0.907000,0.454000,-15.389000,46.458000,-17.282000,31.170000
4.326,-0.051000,-0.893000,0.419000,-12.397000,31.008000,-5.595000,31.260000
4.333,-0.064000,-0.862000,0.401000,-17.725000,24.908000,-1.992000,31.120000
4.345,-0.107000,-0.886000,0.385000,-16.641000,16.489000,-2.443000,31.120000
4.352,-0.060000,-0.909000,0.368000,-16.603000,7.305000,-1.771000,31.170000
4.364,-0.059000,-0.894000,0.389000,-13.924000,-1.443000,-2.519000,31.210000
4.376,0.032000,-0.883000,0.414000,-16.466000,8.076000,-7.450000,31.120000
4.384,0.085000,-0.859000,0.441000,-15.763000,19.038000,-11.198000,31.170000
4.395,0.046000,-0.847000,0.477000,-16.626000,29.198000,-12.962000,31.170000
4.402,-0.038000,-0.839000,0.454000,-20.160000,34.550000,-13.313000,31.210000
4.414,-0.124000,-0.811000,0.424000,-26.885000,37.908000,-17.038000,31.120000
4.426,-0.177000,-0.823000,0.395000,-30.962000,31.664000,-18.992000,31.260000
4.433,-0.127000,-0.841000,0.367000,-34.588000,26.008000,-20.985000,31.210000
4.445,-0.062000,-0.859000,0.360000,-33.198000,24.206000,-23.282000,31.210000
4.452,-0.030000,-0.926000,0.376000,-29.840000,22.237000,-24.153000,31.350000
4.467,0.031000,-0.911000,0.349000,-27.901000,11.038000,-17.718000,31.120000
4.476,0.020000,-0.918000,0.368000,-28.763000,11.229000,-14.466000,31.210000
4.484,0.018000,-0.957000,0.351000,-28.534000,13.847000,-12.870000,31.170000
4.495,0.032000,-0.955000,0.316000,-29.557000,16.496000,-12.458000,31.170000
4.502,0.035000,-0.953000,0.320000,-32.275000,30.344000,-15.786000,31.210000
4.514,0.047000,-0.973000,0.262000,-29.527000,33.763000,-12.069000,31.260000
4.527,0.031000,-0.974000,0.232000,-25.878000,34.023000,-8.794000,31.170000
4.534,-0.026000,-0.998000,0.227000,-22.710000,31.763000,-5.015000,31.210000
4.545,-0.055000,-0.997000,0.232000,-20.580000,28.725000,-5.756000,31.210000
4.552,-0.072000,-0.968000,0.243000,-20.962000,29.908000,-5.863000,31.260000
4.565,-0.069000,-0.944000,0.241000,-22.153000,29.023000,-5.450000,31.210000
4.571,-0.055000,-0.922000,0.219000,-22.939000,28.366000,-4.443000,31.210000
4.584,-0.069000,-0.927000,0.200000,-22.466000,23.382000,-0.985000,31.170000
4.596,-0.091000,-0.978000,0.192000,-18.969000,20.763000,2.176000,31.170000
4.602,-0.094000,-0.998000,0.187000,-16.252000,25.550000,-0.137000,31.210000
4.616,-0.122000,-1.008000,0.154000,-12.038000,25.611000,-1.053000,31.170000
4.623,-0.103000,-0.962000,0.171000,-10.313000,24.412000,-3.069000,31.070000
4.635,-0.056000,-0.935000,0.201000,-11.885000,28.924000,-6.397000,31.210000
4.646,-0.056000,-0.941000,0.208000,-12.038000,28.985000,-4.137000,31.120000
4.653,-0.069000,-0.957000,0.213000,-11.794000,27.099000,-0.977000,31.170000
4.665,-0.075000,-0.948000,0.198000,-13.115000,29.695000,-1.084000,31.210000
4.673,-0.137000,-0.999000,0.190000,-13.275000,24.824000,2.061000,31.120000
4.684,-0.126000,-0.993000,0.199000,-11.069000,10.588000,7.053000,31.210000
4.696,-0.100000,-0.978000,0.213000,-10.954000,6.183000,6.557000,31.260000
4.703,-0.040000,-0.990000,0.209000,-7.527000,0.626000,8.412000,31.210000
4.717,0.005000,-1.028000,0.224000,-2.542000,0.756000,10.061000,31.170000
4.724,0.022000,-1.049000,0.243000,2.229000,9.511000,8.954000,31.260000
4.736,0.015000,-1.050000,0.239000,5.359000,17.847000,6.756000,31.210000
4.743,-0.055000,-1.027000,0.266000,3.244000,21.046000,7.359000,31.210000
4.755,-0.088000,-0.994000,0.262000,1.817000,28.473000,5.435000,31.260000
4.763,-0.064000,-0.936000,0.267000,-3.290000,32.748000,4.702000,31.210000
4.775,-0.001000,-0.890000,0.285000,-10.183000,42.214000,7.473000,31.210000
4.786,-0.031000,-0.895000,0.292000,-11.794000,44.519000,13.160000,31.260000
4.793,-0.095000,-0.969000,0.301000,-9.611000,36.626000,22.061000,31.260000
4.806,-0.196000,-0.975000,0.276000,-6.489000,21.985000,27.191000,31.120000
4.815,-0.276000,-0.957000,0.272000,-12.863000,19.359000,22.260000,31.210000
4.825,-0.302000,-0.968000,0.276000,-15.260000,11.580000,15.137000,31.170000
4.832,-0.266000,-0.958000,0.278000,-18.527000,8.015000,7.573000,31.210000
4.844,-0.195000,-0.964000,0.261000,-19.679000,8.427000,2.832000,31.120000
4.857,-0.141000,-0.950000,0.250000,-18.198000,8.206000,1.008000,31.170000
4.863,-0.121000,-0.949000,0.243000,-17.664000,11.595000,0.099000,31.120000
4.875,-0.132000,-0.985000,0.249000,-15.702000,10.328000,-0.237000,31.120000
4.883,-0.140000,-1.010000,0.230000,-13.740000,10.489000,-0.489000,31.260000
4.895,-0.125000,-1.022000,0.220000,-11.634000,13.336000,-2.412000,31.260000
4.901,-0.099000,-1.016000,0.198000,-7.954000,10.519000,-0.374000,31.120000
4.915,-0.048000,-0.989000,0.193000,-9.473000,11.473000,1.573000,31.260000
4.927,-0.037000,-0.961000,0.173000,-9.420000,14.183000,4.366000,31.170000
4.934,-0.027000,-0.918000,0.173000,-8.359000,17.015000,6.389000,31.210000
4.945,-0.011000,-0.886000,0.191000,-12.191000,21.229000,6.557000,31.210000
4.952,-0.066000,-0.844000,0.278000,-17.626000,21.267000,7.282000,31.170000
4.965,-0.095000,-0.892000,0.296000,-25.427000,21.679000,8.214000,31.210000
4.971,-0.079000,-0.896000,0.286000,-27.580000,20.336000,12.840000,31.210000
4.984,-0.081000,-0.905000,0.212000,-35.649000,23.092000,15.947000,31.260000
4.996,-0.104000,-0.960000,0.157000,-45.214000,33.740000,15.214000,31.260000
5.002,-0.202000,-1.006000,0.056000,-43.695000,26.061000,17.908000,31.210000
5.015,-0.245000,-1.073000,0.036000,-38.695000,14.580000,17.748000,31.170000
5.023,-0.253000,-1.098000,0.049000,-31.427000,4.374000,13.191000,31.170000
5.034,-0.189000,-1.028000,0.126000,-26.611000,-3.145000,5.878000,31.210000
5.046,-0.137000,-0.983000,0.195000,-26.099000,-0.588000,-3.107000,31.120000
5.053,-0.085000,-0.990000,0.215000,-25.702000,3.588000,-4.901000,31.260000
5.066,-0.027000,-0.994000,0.197000,-23.382000,10.405000,0.000000,31.210000
5.074,-0.011000,-1.025000,0.212000,-23.145000,27.305000,6.511000,31.210000
5.085,-0.100000,-1.067000,0.155000,-19.275000,29.473000,17.687000,31.310000
5.096,-0.177000,-1.043000,0.098000,-16.481000,26.450000,22.763000,31.170000
5.103,-0.230000,-1.013000,0.089000,-13.618000,18.443000,22.931000,31.210000
5.116,-0.207000,-0.975000,0.096000,-12.382000,10.863000,18.771000,31.170000
5.123,-0.172000,-0.961000,0.131000,-7.809000,2.061000,14.954000,31.170000
5.135,-0.141000,-0.974000,0.166000,-2.183000,-3.099000,12.145000,31.210000
5.142,-0.116000,-0.949000,0.181000,-2.260000,-3.168000,7.893000,31.210000
5.154,-0.136000,-0.959000,0.204000,-4.992000,7.947000,0.969000,31.170000
5.168,-0.143000,-0.970000,0.182000,-4.740000,14.855000,0.672000,31.120000
5.174,-0.141000,-0.974000,0.150000,-3.756000,22.809000,1.931000,31.210000
5.186,-0.198000,-0.954000,0.117000,2.351000,22.160000,4.763000,31.260000
5.193,-0.174000,-0.934000,0.108000,5.107000,21.359000,5.389000,31.170000
5.205,-0.202000,-0.939000,0.125000,8.489000,18.893000,4.237000,31.210000
5.215,-0.197000,-0.945000,0.136000,7.305000,10.840000,2.176000,31.120000
5.225,-0.178000,-0.861000,0.185000,3.069000,12.069000,-5.038000,31.260000
5.232,-0.173000,-0.832000,0.223000,-8.405000,26.053000,-20.565000,31.120000
5.244,-0.228000,-0.817000,0.204000,-14.061000,25.282000,-29.489000,31.310000
5.256,-0.207000,-0.846000,0.203000,-20.023000,27.137000,-35.382000,31.170000
5.264,-0.159000,-0.920000,0.094000,-18.160000,32.824000,-30.061000,31.260000
5.275,-0.054000,-1.033000,0.054000,-7.641000,45.840000,-21.191000,31.210000
5.283,-0.082000,-1.090000,0.015000,6.160000,53.931000,-7.160000,31.170000
5.294,-0.130000,-1.119000,-0.002000,13.962000,55.908000,5.580000,31.170000
5.306,-0.168000,-1.055000,0.016000,16.672000,54.336000,12.878000,31.210000
5.315,-0.199000,-0.988000,0.058000,14.687000,42.794000,19.015000,31.310000
5.327,-0.186000,-0.959000,0.084000,9.679000,42.634000,18.863000,31.170000
5.333,-0.223000,-0.900000,0.107000,9.550000,28.626000,19.420000,31.120000
5.345,-0.171000,-0.874000,0.132000,6.634000,30.267000,14.618000,31.210000
5.352,-0.199000,-0.911000,0.168000,0.321000,36.450000,6.145000,31.210000
5.364,-0.264000,-1.021000,0.116000,-2.290000,34.145000,3.840000,31.170000
5.377,-0.286000,-1.077000,0.146000,-3.489000,31.244000,4.015000,31.210000
5.383,-0.299000,-1.117000,0.130000,3.298000,23.145000,15.473000,31.170000
5.396,-0.259000,-1.106000,0.118000,11.214000,22.908000,22.305000,31.260000
5.403,-0.249000,-1.039000,0.134000,11.351000,12.748000,30.740000,31.120000
5.415,-0.282000,-0.987000,0.166000,8.511000,-0.336000,34.832000,31.210000
5.424,-0.253000,-0.930000,0.186000,2.809000,-7.130000,32.099000,31.170000
5.434,-0.193000,-0.905000,0.219000,-9.267000,1.580000,21.763000,31.120000
5.446,-0.236000,-0.952000,0.177000,-16.031000,-1.359000,18.107000,31.210000
5.453,-0.215000,-0.954000,0.121000,-17.542000,-9.863000,16.076000,31.170000
5.465,-0.147000,-1.013000,0.100000,-13.901000,-16.076000,17.595000,31.170000
5.474,-0.076000,-1.049000,0.071000,-2.962000,-20.710000,21.168000,31.210000
5.486,-0.076000,-0.980000,0.078000,7.649000,-29.305000,29.031000,31.120000
5.490,-0.121000,-1.006000,0.042000,10.351000,-28.260000,20.374000,31.260000
5.504,-0.147000,-1.025000,0.062000,4.374000,-18.351000,7.160000,31.120000
5.516,-0.201000,-1.025000,0.093000,3.611000,-10.573000,-3.313000,31.210000
5.524,-0.202000,-1.020000,0.120000,4.244000,-5.046000,-10.618000,31.260000
5.536,-0.181000,-1.010000,0.164000,5.634000,4.916000,-16.855000,31.210000
5.542,-0.159000,-1.032000,0.188000,10.443000,14.939000,-18.580000,31.120000
5.554,-0.112000,-1.031000,0.176000,12.374000,31.000000,-16.840000,31.170000
5.566,-0.062000,-0.963000,0.192000,13.145000,55.573000,-16.031000,31.170000
5.574,-0.124000,-1.015000,0.172000,10.466000,66.473000,-12.763000,31.210000
5.586,-0.208000,-0.945000,0.159000,0.137000,63.099000,-6.031000,31.310000
5.592,-0.370000,-0.953000,0.110000,-8.053000,32.298000,7.672000,31.260000
5.605,-0.421000,-0.939000,0.072000,-13.618000,6.565000,13.084000,31.210000
5.615,-0.356000,-0.912000,0.087000,-20.450000,-3.824000,4.328000,31.210000
5.624,-0.316000,-0.917000,0.109000,-21.313000,-13.519000,-5.824000,31.210000
5.636,-0.191000,-0.937000,0.127000,-23.779000,-1.626000,-25.634000,31.260000
5.643,-0.186000,-0.964000,0.149000,-22.534000,4.733000,-38.718000,31.120000
5.655,-0.146000,-0.923000,0.141000,-22.534000,18.092000,-52.198000,31.260000
5.665,-0.120000,-0.927000,0.131000,-23.702000,42.046000,-69.427000,31.170000
5.674,-0.124000,-0.953000,0.107000,-23.847000,49.046000,-76.527000,31.210000
5.686,-0.110000,-0.953000,0.093000,-22.870000,48.405000,-75.969000,31.210000
5.692,-0.137000,-0.976000,0.051000,-19.115000,34.076000,-67.893000,31.170000
5.704,-0.175000,-0.982000,0.025000,-20.916000,9.313000,-54.679000,31.210000
5.718,-0.161000,-1.041000,-0.041000,-23.336000,-16.740000,-40.229000,31.210000
5.723,-0.122000,-1.085000,-0.019000,-23.008000,-35.817000,-24.359000,31.350000
5.735,-0.018000,-1.060000,0.043000,-22.985000,-20.092000,-22.137000,31.170000
5.742,0.063000,-1.082000,0.043000,-19.092000,-8.824000,-14.534000,31.210000
5.754,0.083000,-1.022000,0.060000,-9.473000,-10.076000,-4.893000,31.210000
5.768,0.152000,-0.985000,0.069000,-7.321000,5.939000,-10.611000,31.170000
5.774,0.185000,-1.022000,0.080000,-8.802000,9.153000,-7.000000,31.310000
5.786,0.095000,-0.976000,0.060000,-19.710000,10.168000,3.244000,31.210000
5.793,0.020000,-1.091000,-0.035000,-25.649000,-3.527000,-2.710000,31.170000
5.805,-0.024000,-1.084000,-0.072000,-21.145000,-24.420000,-0.740000,31.170000
5.814,-0.062000,-1.146000,-0.047000,-16.305000,-37.893000,6.351000,31.120000
5.824,-0.059000,-1.160000,-0.028000,-8.321000,-49.626000,14.756000,31.170000
5.836,-0.062000,-1.187000,0.028000,1.885000,-51.947000,28.748000,31.260000
5.843,-0.105000,-1.149000,0.081000,6.260000,-38.573000,39.061000,31.210000
5.855,-0.233000,-1.097000,0.090000,16.672000,-39.817000,53.336000,31.120000
5.862,-0.334000,-0.984000,0.130000,15.656000,-33.626000,54.550000,31.260000
5.874,-0.308000,-0.870000,0.188000,-1.115000,-3.458000,32.718000,31.210000
5.886,-0.381000,-0.937000,0.151000,-7.725000,11.511000,20.229000,31.210000
5.893,-0.436000,-1.010000,0.124000,-8.618000,11.305000,18.542000,31.260000
5.906,-0.444000,-1.042000,0.046000,-7.641000,13.611000,10.580000,31.170000
5.915,-0.398000,-1.114000,0.001000,-5.321000,20.725000,6.092000,31.120000
5.925,-0.437000,-1.132000,-0.013000,0.084000,11.893000,5.275000,31.170000
5.932,-0.404000,-1.130000,-0.048000,4.183000,10.153000,-3.435000,31.260000
5.944,-0.321000,-1.153000,-0.030000,6.908000,9.031000,-11.137000,31.210000
5.956,-0.281000,-1.147000,0.006000,8.420000,3.580000,-16.336000,31.210000
5.965,-0.213000,-1.139000,0.031000,11.588000,-1.435000,-19.519000,31.260000
5.977,-0.121000,-1.130000,0.052000,10.542000,-3.374000,-22.405000,31.120000
5.983,-0.061000,-1.100000,0.056000,8.985000,-4.107000,-21.779000,31.210000
5.994,-0.013000,-1.081000,0.036000,6.626000,0.519000,-19.351000,31.260000
6.001,0.012000,-1.053000,0.030000,6.649000,7.374000,-17.229000,31.170000
6.015,-0.018000,-1.021000,0.016000,6.046000,12.481000,-12.817000,31.120000
6.027,-0.064000,-0.993000,-0.027000,5.038000,12.252000,-8.412000,31.210000
6.033,-0.079000,-0.990000,-0.044000,6.702000,1.916000,-1.962000,31.260000
6.045,-0.121000,-1.010000,-0.040000,8.832000,-10.542000,1.985000,31.210000
6.052,-0.127000,-1.055000,-0.034000,10.427000,-15.412000,0.183000,31.120000
6.065,-0.112000,-1.066000,-0.009000,11.740000,-13.382000,-4.351000,31.170000
6.077,-0.106000,-1.038000,0.039000,14.092000,-6.229000,-9.084000,31.210000
6.084,-0.095000,-0.992000,0.072000,13.924000,3.359000,-12.489000,31.210000
6.096,-0.092000,-0.977000,0.127000,13.214000,6.092000,-12.160000,31.170000
6.102,-0.058000,-0.947000,0.136000,10.366000,12.511000,-12.023000,31.170000
6.115,-0.070000,-0.966000,0.130000,9.626000,8.107000,-1.725000,31.210000
6.124,-0.091000,-0.982000,0.107000,6.939000,2.534000,6.794000,31.120000
6.136,-0.106000,-1.029000,0.075000,5.298000,0.092000,13.771000,31.260000
6.141,-0.079000,-1.016000,0.058000,6.397000,1.603000,19.237000,31.210000
6.154,-0.109000,-0.978000,0.072000,7.359000,10.534000,17.282000,31.210000
6.167,-0.150000,-0.972000,0.077000,8.901000,14.160000,14.183000,31.210000
6.174,-0.133000,-0.931000,0.080000,9.244000,16.641000,7.618000,31.260000
6.186,-0.156000,-0.925000,0.083000,10.046000,17.802000,0.305000,31.210000
6.193,-0.165000,-0.931000,0.072000,9.847000,15.290000,-5.992000,31.260000
6.205,-0.154000,-0.940000,0.069000,7.985000,13.557000,-11.290000,31.170000
6.214,-0.151000,-0.987000,0.046000,6.855000,9.550000,-13.679000,31.210000
6.225,-0.122000,-0.995000,0.045000,8.435000,7.588000,-13.008000,31.210000
6.236,-0.087000,-0.990000,0.058000,11.969000,9.176000,-12.061000,31.170000
6.243,-0.064000,-0.965000,0.081000,15.374000,9.115000,-10.313000,31.260000
6.256,-0.051000,-0.945000,0.087000,18.000000,5.733000,-6.649000,31.120000
6.265,-0.050000,-0.938000,0.090000,18.351000,5.679000,-4.656000,31.260000
6.276,-0.060000,-0.937000,0.090000,17.733000,8.061000,-3.954000,31.170000
6.282,-0.031000,-0.933000,0.095000,15.710000,17.107000,-6.282000,31.310000
6.294,-0.060000,-0.970000,0.105000,15.168000,21.840000,-5.115000,31.210000
6.306,-0.083000,-0.968000,0.102000,14.611000,22.489000,-1.840000,31.260000
6.315,-0.104000,-0.968000,0.100000,14.779000,20.687000,0.489000,31.120000
6.327,-0.127000,-0.958000,0.086000,13.229000,15.397000,2.710000,31.210000
6.333,-0.164000,-0.968000,0.071000,12.519000,7.122000,4.595000,31.170000
6.345,-0.186000,-1.007000,0.077000,13.000000,-3.458000,6.420000,31.170000
6.352,-0.176000,-1.039000,0.080000,15.649000,-12.069000,8.183000,31.210000
6.365,-0.147000,-1.030000,0.111000,16.275000,-14.397000,9.298000,31.310000
6.374,-0.114000,-1.020000,0.150000,13.992000,-7.092000,1.824000,31.170000
6.384,-0.121000,-1.019000,0.164000,14.603000,-8.092000,3.504000,31.210000
6.396,-0.114000,-0.991000,0.193000,13.092000,-6.504000,5.534000,31.210000
6.403,-0.108000,-0.978000,0.215000,10.412000,-4.237000,7.450000,31.170000
6.416,-0.140000,-0.988000,0.223000,9.389000,-8.382000,10.489000,31.170000
6.424,-0.160000,-0.953000,0.220000,10.939000,-11.634000,9.924000,31.210000
6.436,-0.179000,-0.943000,0.208000,11.000000,-14.313000,5.435000,31.120000
6.441,-0.144000,-0.928000,0.198000,10.962000,-16.824000,-0.290000,31.260000
6.454,-0.109000,-0.951000,0.191000,6.542000,-16.580000,-4.763000,31.210000
6.466,-0.080000,-0.964000,0.187000,5.282000,-14.130000,-7.069000,31.400000
6.475,-0.048000,-0.950000,0.180000,1.527000,-5.702000,-9.863000,31.260000
6.486,-0.047000,-0.974000,0.145000,-0.260000,-1.740000,-8.145000,31.260000
6.492,-0.040000,-0.988000,0.125000,-0.885000,0.504000,-5.405000,31.210000
6.504,-0.041000,-1.008000,0.110000,-0.916000,1.641000,-2.954000,31.170000
6.514,-0.066000,-1.000000,0.103000,-0.542000,1.725000,-0.191000,31.260000
6.524,-0.085000,-0.993000,0.081000,0.420000,-0.496000,1.718000,31.210000
6.536,-0.086000,-0.996000,0.084000,2.954000,-2.511000,1.466000,31.210000
6.545,-0.096000,-0.981000,0.096000,5.107000,-5.298000,2.122000,31.260000
6.556,-0.054000,-0.969000,0.119000,6.031000,-5.344000,0.176000,31.120000
6.564,-0.099000,-0.988000,0.122000,7.366000,-7.160000,0.656000,31.210000
6.576,-0.098000,-0.978000,0.141000,7.947000,-4.794000,-0.267000,31.120000
6.583,-0.124000,-0.972000,0.151000,8.244000,-4.504000,0.626000,31.170000
6.595,-0.127000,-0.955000,0.156000,8.931000,-4.641000,0.733000,31.120000
6.602,-0.144000,-0.960000,0.173000,8.740000,-7.931000,1.817000,31.170000
6.616,-0.136000,-0.942000,0.183000,9.473000,-10.115000,1.122000,31.170000
6.627,-0.099000,-0.937000,0.180000,6.901000,-9.237000,-1.298000,31.310000
6.634,-0.079000,-0.935000,0.189000,3.313000,-5.389000,-3.931000,31.120000
6.646,-0.080000,-0.949000,0.188000,2.214000,-4.069000,-3.321000,31.170000
6.653,-0.070000,-0.960000,0.188000,1.282000,-4.298000,-1.695000,31.210000
6.666,-0.061000,-0.963000,0.184000,2.076000,-6.748000,1.328000,31.120000
6.674,-0.075000,-0.959000,0.194000,1.458000,-8.908000,4.229000,31.170000
6.685,-0.068000,-0.949000,0.178000,0.198000,-10.832000,5.168000,31.260000
6.692,-0.094000,-0.958000,0.180000,0.916000,-13.901000,3.901000,31.210000
6.704,-0.092000,-0.975000,0.175000,0.931000,-17.817000,3.168000,31.210000
6.717,-0.064000,-0.949000,0.185000,-1.328000,-16.626000,0.214000,31.170000
6.724,-0.053000,-0.954000,0.192000,-2.626000,-14.771000,-1.069000,31.210000
6.735,-0.023000,-0.959000,0.191000,-3.481000,-13.389000,0.084000,31.210000
6.742,-0.009000,-0.966000,0.188000,-4.855000,-9.672000,2.137000,31.170000
6.755,-0.008000,-0.974000,0.178000,-5.992000,-4.954000,4.260000,31.120000
6.763,-0.025000,-0.990000,0.171000,-5.008000,-2.214000,6.130000,31.210000
6.775,-0.047000,-0.987000,0.160000,-4.550000,1.069000,5.550000,31.170000
6.787,-0.066000,-0.987000,0.161000,-2.710000,0.992000,5.198000,31.170000
6.793,-0.088000,-0.985000,0.140000,-1.702000,-1.489000,4.450000,31.210000
6.806,-0.089000,-0.969000,0.136000,-2.206000,-3.557000,3.679000,31.260000
6.815,-0.099000,-0.975000,0.134000,-2.168000,-6.298000,4.855000,31.170000
6.827,-0.085000,-0.979000,0.118000,-2.336000,-6.237000,5.656000,31.210000
6.832,-0.084000,-0.992000,0.124000,-2.053000,-4.282000,6.374000,31.310000
6.845,-0.087000,-0.983000,0.134000,-1.038000,-2.137000,6.908000,31.260000
6.851,-0.109000,-0.970000,0.118000,-0.191000,-1.473000,6.595000,31.210000
6.865,-0.127000,-0.950000,0.132000,-0.160000,-2.504000,6.275000,31.210000
6.876,-0.128000,-0.932000,0.116000,-0.618000,-4.038000,5.023000,31.260000
6.883,-0.115000,-0.929000,0.142000,-1.916000,-3.137000,3.458000,31.260000
6.895,-0.108000,-0.947000,0.137000,-2.687000,-1.328000,1.458000,31.120000
6.902,-0.101000,-0.959000,0.161000,-0.992000,-1.290000,1.519000,31.170000
6.916,-0.100000,-0.953000,0.155000,0.008000,-0.275000,1.771000,31.350000
6.924,-0.092000,-0.949000,0.164000,0.763000,1.557000,1.183000,31.210000
6.935,-0.099000,-0.947000,0.153000,0.672000,1.229000,1.908000,31.210000
6.942,-0.094000,-0.949000,0.154000,1.183000,0.015000,3.076000,31.170000
6.954,-0.110000,-0.961000,0.155000,1.756000,-2.893000,3.710000,31.210000
6.967,-0.116000,-0.967000,0.149000,1.924000,-5.557000,4.008000,31.210000
6.974,-0.117000,-0.967000,0.158000,2.557000,-9.076000,4.664000,31.210000
6.986,-0.108000,-0.970000,0.166000,3.603000,-11.191000,4.557000,31.260000
6.993,-0.081000,-0.975000,0.164000,4.015000,-12.359000,4.046000,31.210000
7.005,-0.063000,-0.971000,0.173000,5.092000,-11.954000,3.763000,31.260000
7.014,-0.059000,-0.990000,0.165000,6.099000,-10.534000,4.840000,31.260000
7.025,-0.040000,-0.978000,0.170000,6.725000,-6.031000,5.107000,31.210000
7.032,-0.039000,-0.988000,0.164000,7.099000,-2.191000,5.740000,31.210000
7.044,-0.068000,-0.992000,0.155000,7.626000,0.405000,6.313000,31.260000
7.052,-0.085000,-0.985000,0.146000,7.656000,0.908000,6.366000,31.170000
7.064,-0.113000,-0.995000,0.148000,7.756000,-0.985000,6.115000,31.210000
7.076,-0.103000,-0.997000,0.149000,8.359000,-1.206000,4.733000,31.260000
7.085,-0.106000,-0.994000,0.166000,8.641000,-0.771000,2.924000,31.260000
7.096,-0.115000,-0.988000,0.180000,8.412000,-3.344000,3.168000,31.210000
7.103,-0.109000,-0.979000,0.185000,8.267000,-5.031000,3.099000,31.210000
7.115,-0.104000,-0.967000,0.195000,6.748000,-6.260000,2.466000,31.170000
7.123,-0.099000,-0.970000,0.212000,5.221000,-7.809000,2.015000,31.210000
7.135,-0.095000,-0.983000,0.218000,3.710000,-7.191000,1.924000,31.210000
7.142,-0.098000,-0.987000,0.209000,2.985000,-6.427000,2.298000,31.170000
7.154,-0.115000,-0.984000,0.203000,2.641000,-4.786000,2.397000,31.170000
7.165,-0.122000,-0.976000,0.204000,2.000000,-3.107000,1.855000,31.210000
7.175,-0.120000,-0.964000,0.206000,0.962000,-2.374000,0.618000,31.210000
7.186,-0.123000,-0.966000,0.197000,-0.351000,-2.977000,-1.031000,31.260000
7.193,-0.114000,-0.966000,0.186000,-0.977000,-4.420000,-3.435000,31.210000
7.205,-0.125000,-0.986000,0.169000,-1.550000,-7.198000,-4.061000,31.310000
7.215,-0.123000,-0.996000,0.160000,-0.573000,-9.802000,-4.137000,31.170000
7.225,-0.098000,-0.990000,0.164000,0.733000,-11.450000,-3.901000,31.070000
7.232,-0.090000,-0.982000,0.174000,2.305000,-11.748000,-3.496000,31.210000
7.243,-0.078000,-0.993000,0.172000,4.084000,-11.947000,-2.550000,31.210000
7.256,-0.077000,-0.986000,0.175000,4.511000,-10.252000,-1.916000,31.260000
7.265,-0.073000,-0.977000,0.174000,4.221000,-6.542000,-2.038000,31.170000
7.276,-0.076000,-0.975000,0.181000,3.626000,-3.282000,-2.374000,31.210000
7.283,-0.109000,-0.974000,0.171000,3.115000,-3.443000,-1.527000,31.170000
7.294,-0.100000,-0.964000,0.172000,2.908000,-3.534000,-0.733000,31.350000
7.301,-0.086000,-0.956000,0.193000,1.267000,-2.473000,-0.786000,31.310000
7.315,-0.085000,-0.952000,0.189000,0.237000,-1.458000,0.298000,31.310000
7.327,-0.077000,-0.951000,0.192000,-0.954000,0.397000,1.473000,31.260000
7.334,-0.082000,-0.945000,0.189000,-1.733000,2.023000,3.076000,31.310000
7.346,-0.103000,-0.960000,0.169000,-2.145000,1.641000,4.832000,31.310000
7.352,-0.116000,-0.959000,0.156000,-1.527000,-0.313000,6.458000,31.260000
7.365,-0.110000,-0.961000,0.151000,-0.962000,-0.603000,7.000000,31.260000
7.374,-0.122000,-0.955000,0.147000,0.122000,-2.931000,8.313000,31.210000
7.385,-0.104000,-0.951000,0.158000,0.153000,-0.817000,5.809000,31.210000
7.392,-0.093000,-0.945000,0.157000,-0.649000,3.206000,2.466000,31.260000
7.404,-0.099000,-0.954000,0.164000,-0.076000,4.015000,2.573000,31.120000
7.410,-0.093000,-0.958000,0.160000,0.313000,5.282000,2.954000,31.210000
7.424,-0.088000,-0.956000,0.159000,0.557000,6.786000,2.382000,31.260000
7.437,-0.093000,-0.959000,0.152000,0.931000,7.954000,1.588000,31.260000
7.443,-0.110000,-0.972000,0.146000,1.267000,6.733000,1.328000,31.210000
7.456,-0.106000,-0.980000,0.154000,2.214000,5.603000,0.542000,31.170000
7.465,-0.100000,-0.984000,0.154000,3.786000,2.878000,0.626000,31.170000
7.476,-0.103000,-0.980000,0.154000,4.740000,1.718000,1.511000,31.210000
7.483,-0.092000,-0.967000,0.154000,5.481000,3.878000,1.252000,31.210000
7.495,-0.088000,-0.975000,0.160000,5.603000,5.718000,1.084000,31.260000
7.502,-0.100000,-0.979000,0.160000,5.779000,5.817000,1.282000,31.210000
7.516,-0.090000,-0.975000,0.172000,5.046000,7.611000,-0.489000,31.210000
7.525,-0.113000,-0.990000,0.178000,6.221000,6.870000,-0.947000,31.210000
7.535,-0.118000,-0.986000,0.177000,7.420000,4.481000,-0.863000,31.170000
7.541,-0.113000,-0.969000,0.191000,7.870000,2.954000,-1.382000,31.210000
7.554,-0.112000,-0.958000,0.200000,8.038000,0.740000,-1.366000,31.170000
7.567,-0.094000,-0.962000,0.204000,8.733000,-0.977000,-0.313000,31.260000
7.574,-0.088000,-0.971000,0.199000,8.771000,-1.260000,1.099000,31.210000
7.586,-0.081000,-0.961000,0.206000,8.931000,-0.977000,1.992000,31.120000
7.593,-0.070000,-0.943000,0.205000,7.336000,2.710000,-0.206000,31.170000
7.605,-0.112000,-0.960000,0.210000,7.565000,2.939000,-0.023000,31.310000
7.614,-0.107000,-0.959000,0.207000,7.176000,2.840000,-0.290000,31.210000
7.625,-0.113000,-0.961000,0.205000,6.023000,3.046000,-1.069000,31.260000
7.633,-0.122000,-0.963000,0.185000,5.489000,1.359000,-1.718000,31.260000
7.644,-0.124000,-0.974000,0.184000,6.282000,-0.473000,-1.511000,31.210000
7.656,-0.109000,-0.966000,0.188000,6.992000,-1.595000,-1.374000,31.210000
7.666,-0.087000,-0.967000,0.184000,7.710000,-2.840000,-0.878000,31.170000
7.676,-0.083000,-0.968000,0.185000,8.031000,-2.573000,-0.389000,31.120000
7.684,-0.092000,-0.974000,0.183000,9.557000,-2.214000,-0.031000,31.210000
7.695,-0.077000,-0.956000,0.195000,10.580000,-0.290000,-1.122000,31.260000
7.702,-0.073000,-0.943000,0.205000,9.779000,4.649000,-3.366000,31.170000
7.715,-0.082000,-0.952000,0.195000,10.817000,4.939000,-3.580000,31.210000
7.723,-0.083000,-0.952000,0.189000,10.885000,4.588000,-2.595000,31.210000
7.735,-0.088000,-0.949000,0.192000,10.611000,5.672000,-2.176000,31.170000
7.746,-0.089000,-0.962000,0.192000,10.641000,5.489000,-1.321000,31.210000
7.753,-0.096000,-0.968000,0.202000,11.527000,4.267000,-0.145000,31.210000
7.766,-0.102000,-0.969000,0.201000,12.344000,4.267000,0.534000,31.170000
7.774,-0.088000,-0.960000,0.207000,13.305000,4.947000,0.344000,31.170000
7.785,-0.085000,-0.951000,0.219000,13.756000,7.466000,0.069000,31.210000
7.796,-0.086000,-0.938000,0.217000,13.794000,10.885000,-0.870000,31.210000
