time_sec,ax,ay,az,gx,gy,gz,temp_c
0.014,-0.486000,-1.778000,-0.008000,-27.000000,-54.282000,58.618000,29.470000
0.023,0.026000,-0.799000,0.443000,-75.427000,-19.603000,26.496000,29.420000
0.035,0.075000,-0.745000,0.481000,-64.679000,-47.916000,59.115000,29.520000
0.042,0.074000,-0.694000,0.487000,-67.420000,-20.969000,53.435000,29.470000
0.054,-0.036000,-0.694000,0.415000,-75.069000,-17.115000,62.389000,29.470000
0.060,-0.071000,-0.669000,0.367000,-76.817000,-19.939000,66.634000,29.520000
0.073,-0.124000,-0.681000,0.335000,-79.084000,-27.939000,73.252000,29.520000
0.086,-0.144000,-0.716000,0.320000,-77.061000,-31.947000,75.695000,29.470000
0.093,-0.128000,-0.725000,0.306000,-73.664000,-21.893000,69.595000,29.470000
0.104,-0.111000,-0.746000,0.285000,-68.344000,-13.473000,69.344000,29.520000
0.110,-0.105000,-0.782000,0.264000,-58.802000,-10.122000,70.366000,29.610000
0.123,-0.091000,-0.795000,0.195000,-46.374000,0.534000,71.954000,29.570000
0.134,-0.074000,-0.752000,0.144000,-42.534000,9.580000,77.855000,29.470000
0.141,-0.214000,-0.779000,0.097000,-34.809000,-1.893000,82.542000,29.520000
0.153,-0.316000,-0.756000,0.073000,-32.145000,-13.832000,87.977000,29.520000
0.165,-0.432000,-0.720000,0.040000,-40.450000,-24.244000,84.405000,29.520000
0.172,-0.518000,-0.731000,0.053000,-40.763000,-37.702000,76.145000,29.570000
0.184,-0.553000,-0.687000,0.068000,-43.168000,-54.160000,67.710000,29.520000
0.191,-0.486000,-0.732000,0.049000,-45.359000,-69.947000,61.893000,29.610000
0.203,-0.324000,-0.741000,0.078000,-49.214000,-56.947000,48.840000,29.470000
0.214,-0.242000,-0.811000,0.074000,-48.496000,-38.626000,39.916000,29.570000
0.221,-0.200000,-0.851000,0.072000,-43.305000,-18.802000,35.710000,29.520000
0.233,-0.299000,-0.816000,0.066000,-41.626000,-8.298000,36.756000,29.520000
0.245,-0.461000,-0.766000,0.019000,-48.679000,-14.122000,39.443000,29.570000
0.252,-0.639000,-0.722000,-0.024000,-61.947000,-36.252000,38.626000,29.570000
0.264,-0.624000,-0.830000,-0.043000,-68.183000,-62.076000,26.183000,29.520000
0.270,-0.581000,-0.881000,-0.084000,-71.718000,-83.275000,24.313000,29.420000
0.284,-0.350000,-0.953000,-0.065000,-66.282000,-77.214000,11.076000,29.570000
0.294,-0.185000,-1.044000,-0.044000,-54.344000,-60.588000,-1.427000,29.570000
0.301,-0.070000,-1.144000,-0.054000,-39.824000,-37.817000,-8.176000,29.420000
0.313,-0.058000,-1.216000,-0.103000,-21.687000,-19.221000,-8.916000,29.420000
0.325,-0.094000,-1.225000,-0.127000,-4.580000,-2.466000,-6.076000,29.420000
0.334,-0.169000,-1.156000,-0.117000,6.031000,5.824000,-1.557000,29.570000
0.345,-0.261000,-1.081000,-0.103000,10.885000,3.160000,2.924000,29.520000
0.352,-0.287000,-1.011000,-0.043000,9.359000,1.947000,3.053000,29.610000
0.363,-0.268000,-0.946000,-0.055000,8.053000,0.695000,2.069000,29.470000
0.370,-0.279000,-1.032000,0.070000,3.992000,4.779000,-3.221000,29.470000
0.384,-0.307000,-1.036000,0.134000,4.878000,10.046000,-2.595000,29.520000
0.395,-0.314000,-1.038000,0.201000,8.275000,10.275000,-2.267000,29.520000
0.402,-0.317000,-1.018000,0.262000,12.656000,6.504000,1.481000,29.570000
0.414,-0.340000,-0.940000,0.285000,7.176000,5.740000,1.237000,29.570000
0.421,-0.390000,-0.916000,0.299000,8.885000,-2.458000,-1.267000,29.520000
0.434,-0.377000,-0.925000,0.285000,-8.496000,10.305000,-4.382000,29.420000
0.445,-0.370000,-0.958000,0.279000,-13.260000,10.916000,-7.481000,29.570000
0.452,-0.297000,-1.019000,0.245000,-15.595000,12.740000,-10.565000,29.470000
0.464,-0.210000,-1.074000,0.230000,-13.794000,25.015000,-19.183000,29.520000
0.470,-0.163000,-1.115000,0.203000,-12.176000,36.901000,-25.832000,29.610000
0.484,-0.168000,-1.106000,0.168000,-8.817000,38.191000,-27.305000,29.520000
0.495,-0.214000,-1.080000,0.089000,-8.374000,28.450000,-22.298000,29.470000
0.502,-0.226000,-1.110000,0.074000,-3.527000,-0.603000,-3.840000,29.520000
0.514,-0.199000,-1.078000,0.068000,-3.969000,-16.374000,4.679000,29.610000
0.520,-0.180000,-1.084000,0.080000,-3.908000,-15.847000,4.328000,29.570000
0.533,-0.142000,-1.086000,0.078000,-0.878000,-12.076000,2.527000,29.470000
0.545,-0.143000,-1.136000,0.053000,4.817000,-15.977000,6.634000,29.520000
0.552,-0.108000,-1.186000,0.035000,16.893000,-38.534000,26.817000,29.520000
0.564,-0.083000,-1.187000,-0.015000,28.901000,-43.435000,40.053000,29.570000
0.570,-0.033000,-1.227000,-0.037000,45.496000,-38.977000,50.229000,29.470000
0.587,0.113000,-1.254000,-0.048000,59.389000,-3.244000,40.832000,29.520000
0.595,0.062000,-1.175000,-0.019000,68.565000,32.695000,27.069000,29.520000
0.602,-0.076000,-1.054000,0.024000,65.084000,62.427000,14.137000,29.470000
0.614,-0.312000,-0.920000,0.072000,57.130000,69.611000,7.412000,29.470000
0.620,-0.455000,-0.878000,0.096000,51.107000,46.359000,7.603000,29.610000
0.633,-0.545000,-0.830000,0.116000,43.527000,6.573000,11.137000,29.520000
0.645,-0.499000,-0.816000,0.159000,42.076000,-36.534000,16.160000,29.520000
0.653,-0.203000,-0.813000,0.223000,28.824000,-54.275000,18.160000,29.470000
0.664,-0.124000,-0.892000,0.284000,16.702000,-34.305000,10.809000,29.520000
0.670,-0.115000,-0.977000,0.287000,24.679000,-23.809000,11.931000,29.520000
0.684,-0.168000,-1.006000,0.294000,37.603000,-14.794000,14.260000,29.470000
0.695,-0.250000,-0.978000,0.304000,49.397000,-1.588000,9.695000,29.570000
0.703,-0.338000,-0.938000,0.312000,56.412000,1.031000,4.740000,29.570000
0.714,-0.385000,-0.934000,0.327000,65.481000,-20.382000,8.840000,29.520000
0.721,-0.448000,-0.912000,0.321000,73.595000,-49.779000,15.420000,29.570000
0.734,-0.319000,-0.796000,0.344000,61.664000,-61.664000,17.702000,29.570000
0.745,-0.148000,-0.664000,0.459000,28.519000,-19.611000,-9.053000,29.470000
0.752,-0.256000,-0.717000,0.447000,4.718000,-6.122000,-11.573000,29.520000
0.764,-0.190000,-0.764000,0.446000,-11.611000,-4.069000,-6.954000,29.520000
0.771,-0.201000,-0.814000,0.387000,-30.336000,5.534000,-1.481000,29.470000
0.784,-0.249000,-0.903000,0.312000,-36.794000,0.252000,5.137000,29.570000
0.795,-0.252000,-0.992000,0.276000,-37.771000,-7.076000,10.237000,29.520000
0.803,-0.270000,-1.007000,0.299000,-29.687000,-7.595000,9.718000,29.420000
0.814,-0.257000,-0.985000,0.343000,-20.618000,-2.076000,4.740000,29.570000
0.821,-0.291000,-0.882000,0.418000,-17.664000,1.603000,-1.763000,29.570000
0.834,-0.353000,-0.814000,0.423000,-20.053000,-0.435000,-4.916000,29.610000
0.845,-0.385000,-0.805000,0.409000,-25.710000,-11.382000,-2.458000,29.520000
0.853,-0.356000,-0.778000,0.368000,-36.466000,-12.450000,-2.344000,29.470000
0.864,-0.326000,-0.780000,0.323000,-50.290000,-13.695000,-0.397000,29.570000
0.870,-0.284000,-0.810000,0.289000,-61.489000,-3.527000,-2.931000,29.520000
0.884,-0.308000,-0.875000,0.226000,-63.962000,-3.580000,-2.046000,29.520000
0.895,-0.296000,-0.950000,0.165000,-62.939000,-4.939000,-1.351000,29.470000
0.902,-0.288000,-0.988000,0.115000,-57.931000,-2.885000,-3.878000,29.570000
0.913,-0.266000,-1.033000,0.098000,-48.229000,-2.885000,-5.466000,29.420000
0.920,-0.258000,-1.047000,0.082000,-36.916000,-7.206000,-7.046000,29.610000
0.934,-0.260000,-1.038000,0.075000,-25.779000,-3.168000,-10.351000,29.570000
0.945,-0.213000,-0.997000,0.082000,-19.176000,1.443000,-13.969000,29.570000
0.952,-0.213000,-0.959000,0.101000,-18.275000,12.763000,-17.740000,29.610000
0.963,-0.202000,-0.945000,0.123000,-14.756000,14.824000,-18.710000,29.610000
0.975,-0.217000,-0.956000,0.129000,-16.763000,18.534000,-16.603000,29.610000
0.984,-0.237000,-0.964000,0.120000,-15.374000,14.511000,-13.099000,29.570000
0.994,-0.253000,-0.987000,0.099000,-14.443000,12.557000,-10.214000,29.520000
1.001,-0.226000,-0.990000,0.078000,-13.794000,3.000000,-7.641000,29.520000
1.013,-0.225000,-0.972000,0.066000,-13.534000,-0.160000,-6.405000,29.570000
1.025,-0.245000,-0.955000,0.070000,-13.321000,-3.252000,-6.214000,29.470000
1.033,-0.259000,-0.987000,0.032000,-11.511000,-9.855000,-4.634000,29.520000
1.044,-0.272000,-1.016000,0.009000,-7.015000,-18.908000,-2.550000,29.610000
1.051,-0.260000,-1.019000,0.012000,-0.786000,-22.595000,-2.878000,29.570000
1.062,-0.146000,-0.992000,0.067000,-2.221000,-10.985000,-7.099000,29.470000
1.075,-0.163000,-0.984000,0.107000,2.840000,-1.366000,-9.962000,29.520000
1.084,-0.124000,-0.983000,0.141000,11.931000,-2.351000,-8.122000,29.520000
1.094,-0.138000,-0.974000,0.165000,14.740000,3.733000,-8.763000,29.570000
1.101,-0.183000,-0.963000,0.172000,18.351000,8.519000,-10.893000,29.470000
1.113,-0.210000,-0.983000,0.147000,20.489000,6.313000,-10.710000,29.610000
1.125,-0.238000,-1.007000,0.137000,29.916000,-0.656000,-11.061000,29.520000
1.131,-0.211000,-1.015000,0.131000,24.626000,-0.695000,-10.130000,29.470000
1.145,-0.214000,-0.978000,0.150000,25.725000,-3.977000,-10.534000,29.660000
1.151,-0.212000,-0.970000,0.150000,27.160000,-8.756000,-9.221000,29.520000
1.162,-0.208000,-0.985000,0.156000,30.656000,-16.534000,-6.519000,29.520000
1.175,-0.160000,-0.969000,0.179000,27.206000,-6.405000,-10.924000,29.570000
1.181,-0.187000,-0.973000,0.188000,28.374000,0.962000,-15.405000,29.570000
1.194,-0.204000,-1.003000,0.198000,33.565000,0.015000,-15.824000,29.610000
1.201,-0.233000,-0.981000,0.192000,34.885000,-2.954000,-13.863000,29.470000
1.213,-0.252000,-0.963000,0.185000,36.359000,-6.214000,-14.176000,29.470000
1.224,-0.206000,-0.957000,0.197000,35.817000,-7.389000,-16.359000,29.610000
1.231,-0.203000,-0.945000,0.207000,33.038000,-2.756000,-19.412000,29.420000
1.245,-0.187000,-0.970000,0.205000,31.450000,1.237000,-22.008000,29.570000
1.251,-0.145000,-0.970000,0.214000,33.053000,6.656000,-23.389000,29.470000
1.262,-0.148000,-0.964000,0.233000,34.122000,13.435000,-23.137000,29.520000
1.274,-0.156000,-0.955000,0.247000,37.115000,17.641000,-23.053000,29.610000
1.283,-0.191000,-0.951000,0.236000,38.863000,21.282000,-23.969000,29.520000
1.293,-0.222000,-0.973000,0.254000,39.962000,18.099000,-24.565000,29.570000
1.301,-0.230000,-0.966000,0.242000,41.374000,11.450000,-24.305000,29.520000
1.312,-0.203000,-0.962000,0.264000,39.893000,11.527000,-25.878000,29.610000
1.324,-0.199000,-0.940000,0.280000,38.115000,6.237000,-24.641000,29.570000
1.331,-0.185000,-0.899000,0.294000,36.832000,2.794000,-23.191000,29.570000
1.343,-0.170000,-0.898000,0.307000,34.473000,-4.374000,-18.000000,29.610000
1.355,-0.181000,-0.888000,0.298000,30.641000,-12.153000,-12.214000,29.520000
1.362,-0.176000,-0.892000,0.296000,25.687000,-20.489000,-7.115000,29.570000
1.374,-0.199000,-0.914000,0.284000,20.878000,-34.794000,1.122000,29.570000
1.381,-0.216000,-0.915000,0.271000,17.313000,-53.023000,10.252000,29.610000
1.394,-0.189000,-0.883000,0.260000,10.015000,-66.771000,19.947000,29.610000
1.405,-0.119000,-0.875000,0.255000,-1.511000,-69.275000,24.290000,29.660000
1.411,-0.020000,-0.841000,0.334000,-14.534000,-42.779000,11.557000,29.570000
1.424,-0.052000,-0.908000,0.310000,-18.466000,-39.954000,16.519000,29.520000
1.430,-0.059000,-0.922000,0.287000,-17.542000,-43.092000,21.725000,29.610000
1.443,-0.090000,-0.917000,0.269000,-17.756000,-38.321000,23.168000,29.520000
1.455,-0.119000,-0.921000,0.268000,-16.397000,-37.702000,23.466000,29.570000
1.461,-0.136000,-0.924000,0.251000,-14.519000,-37.206000,22.504000,29.520000
1.473,-0.124000,-0.934000,0.238000,-11.389000,-36.153000,21.969000,29.610000
1.485,-0.111000,-0.945000,0.239000,-5.725000,-35.046000,20.756000,29.570000
1.492,-0.074000,-0.933000,0.261000,-1.649000,-27.061000,18.244000,29.570000
1.504,-0.029000,-0.914000,0.300000,-0.145000,-9.382000,10.198000,29.610000
1.511,-0.074000,-0.900000,0.309000,3.969000,2.435000,8.328000,29.610000
1.523,-0.087000,-0.876000,0.305000,7.305000,6.771000,9.053000,29.660000
1.531,-0.147000,-0.875000,0.312000,8.618000,9.351000,9.344000,29.570000
1.543,-0.181000,-0.857000,0.323000,9.740000,7.672000,10.412000,29.610000
1.556,-0.195000,-0.844000,0.333000,8.244000,5.420000,10.550000,29.610000
1.562,-0.214000,-0.854000,0.342000,8.260000,0.427000,10.008000,29.660000
1.574,-0.213000,-0.868000,0.342000,9.847000,-6.389000,10.168000,29.570000
1.581,-0.189000,-0.880000,0.363000,12.076000,-10.878000,7.099000,29.520000
1.595,-0.183000,-0.881000,0.362000,11.198000,-11.618000,5.771000,29.610000
1.601,-0.154000,-0.872000,0.365000,12.023000,-12.267000,2.504000,29.570000
1.613,-0.130000,-0.879000,0.387000,9.145000,-9.237000,2.344000,29.470000
1.625,-0.108000,-0.882000,0.375000,8.313000,-10.634000,3.779000,29.710000
1.634,-0.108000,-0.897000,0.375000,3.649000,-8.580000,7.328000,29.710000
1.645,-0.138000,-0.934000,0.362000,0.588000,-10.237000,12.031000,29.660000
1.651,-0.155000,-0.984000,0.344000,-0.466000,-20.595000,20.008000,29.570000
1.663,-0.174000,-0.970000,0.333000,-3.985000,-30.290000,28.115000,29.610000
1.675,-0.115000,-0.963000,0.327000,-5.305000,-29.405000,29.420000,29.520000
1.683,-0.100000,-0.938000,0.372000,-8.458000,-21.832000,28.260000,29.570000
1.694,-0.125000,-0.926000,0.385000,-9.672000,-20.351000,29.092000,29.520000
1.701,-0.164000,-0.909000,0.385000,-11.603000,-17.740000,28.802000,29.610000
1.712,-0.219000,-0.911000,0.371000,-15.366000,-17.870000,27.183000,29.570000
1.724,-0.258000,-0.958000,0.361000,-17.847000,-24.847000,27.534000,29.570000
1.731,-0.272000,-0.955000,0.334000,-18.374000,-34.000000,27.252000,29.610000
1.744,-0.249000,-0.945000,0.331000,-18.733000,-41.344000,26.885000,29.610000
1.755,-0.235000,-0.948000,0.330000,-17.313000,-48.534000,27.084000,29.610000
1.762,-0.175000,-0.933000,0.336000,-15.481000,-49.450000,26.603000,29.570000
1.774,-0.120000,-0.947000,0.350000,-14.198000,-40.901000,21.992000,29.520000
1.780,-0.131000,-0.964000,0.353000,-12.023000,-33.489000,18.824000,29.520000
1.793,-0.136000,-0.979000,0.337000,-7.687000,-28.931000,17.504000,29.660000
1.805,-0.162000,-0.969000,0.332000,-3.664000,-25.427000,15.718000,29.570000
1.811,-0.173000,-0.941000,0.343000,-0.160000,-22.588000,13.458000,29.610000
1.824,-0.172000,-0.911000,0.342000,1.244000,-19.969000,11.435000,29.520000
1.831,-0.171000,-0.907000,0.354000,1.847000,-19.137000,10.687000,29.570000
1.843,-0.177000,-0.899000,0.345000,1.771000,-22.641000,11.885000,29.570000
1.855,-0.172000,-0.913000,0.351000,0.656000,-23.672000,14.145000,29.520000
1.861,-0.165000,-0.906000,0.353000,-0.763000,-23.802000,16.130000,29.610000
1.874,-0.186000,-0.907000,0.346000,-2.802000,-18.702000,16.885000,29.660000
1.881,-0.231000,-0.868000,0.348000,-4.885000,-18.794000,18.206000,29.570000
1.893,-0.257000,-0.862000,0.338000,-6.168000,-20.305000,17.412000,29.520000
1.905,-0.241000,-0.873000,0.324000,-6.076000,-25.412000,17.237000,29.610000
1.911,-0.212000,-0.868000,0.323000,-5.412000,-30.733000,18.000000,29.610000
1.923,-0.193000,-0.879000,0.326000,-4.855000,-35.389000,20.603000,29.570000
1.930,-0.186000,-0.888000,0.324000,-5.405000,-35.771000,21.756000,29.520000
1.943,-0.209000,-0.895000,0.319000,-7.328000,-33.260000,22.160000,29.520000
1.954,-0.198000,-0.897000,0.318000,-6.435000,-30.374000,21.031000,29.570000
1.961,-0.178000,-0.882000,0.344000,-6.840000,-22.336000,17.099000,29.470000
1.973,-0.170000,-0.887000,0.348000,-3.977000,-16.901000,16.183000,29.520000
1.986,-0.167000,-0.890000,0.357000,0.023000,-14.504000,16.809000,29.520000
1.992,-0.197000,-0.877000,0.344000,-0.214000,-10.550000,16.321000,29.570000
2.005,-0.223000,-0.896000,0.328000,0.206000,-13.779000,16.565000,29.570000
2.011,-0.245000,-0.901000,0.296000,-0.420000,-24.000000,20.237000,29.610000
2.023,-0.246000,-0.872000,0.317000,-3.786000,-26.504000,20.313000,29.610000
2.036,-0.293000,-0.855000,0.312000,-6.931000,-33.229000,21.649000,29.570000
2.043,-0.291000,-0.862000,0.322000,-7.985000,-42.649000,22.924000,29.660000
2.054,-0.254000,-0.880000,0.342000,-8.748000,-46.351000,21.725000,29.520000
2.060,-0.216000,-0.897000,0.329000,-9.901000,-46.176000,20.664000,29.610000
2.073,-0.199000,-0.918000,0.322000,-8.863000,-45.473000,20.557000,29.710000
2.086,-0.192000,-0.925000,0.306000,-8.962000,-44.435000,23.511000,29.660000
2.092,-0.242000,-0.904000,0.279000,-9.725000,-47.878000,24.794000,29.520000
2.104,-0.222000,-0.858000,0.275000,-12.603000,-47.191000,22.824000,29.520000
2.110,-0.246000,-0.878000,0.284000,-11.664000,-49.954000,20.740000,29.570000
2.123,-0.254000,-0.865000,0.294000,-7.344000,-55.679000,17.221000,29.570000
2.135,-0.196000,-0.895000,0.279000,-5.901000,-56.481000,13.038000,29.710000
2.141,-0.150000,-0.949000,0.281000,-2.893000,-58.000000,12.351000,29.710000
2.153,-0.128000,-0.947000,0.266000,-0.252000,-51.924000,11.802000,29.570000
2.160,-0.112000,-0.920000,0.293000,1.634000,-41.115000,10.076000,29.570000
2.172,-0.168000,-0.876000,0.305000,1.855000,-31.603000,8.885000,29.610000
2.186,-0.249000,-0.821000,0.307000,0.450000,-30.244000,7.565000,29.420000
2.192,-0.294000,-0.788000,0.297000,-0.427000,-34.115000,2.969000,29.570000
2.204,-0.274000,-0.798000,0.288000,-2.947000,-38.962000,-2.435000,29.570000
2.210,-0.250000,-0.826000,0.286000,-1.824000,-46.206000,-7.916000,29.520000
2.222,-0.147000,-0.840000,0.308000,4.748000,-43.733000,-12.573000,29.520000
2.235,-0.108000,-0.847000,0.336000,9.595000,-35.397000,-14.786000,29.610000
2.242,-0.109000,-0.821000,0.343000,13.137000,-27.458000,-14.710000,29.660000
2.253,-0.128000,-0.813000,0.347000,17.122000,-19.458000,-11.618000,29.610000
2.265,-0.153000,-0.794000,0.361000,19.084000,-15.649000,-5.763000,29.610000
2.272,-0.219000,-0.786000,0.337000,17.855000,-18.374000,-1.191000,29.570000
2.284,-0.214000,-0.792000,0.333000,13.733000,-27.908000,1.939000,29.570000
2.292,-0.179000,-0.805000,0.338000,7.443000,-32.939000,3.389000,29.610000
2.303,-0.137000,-0.830000,0.375000,4.282000,-35.802000,2.130000,29.520000
2.310,-0.087000,-0.844000,0.406000,1.534000,-42.130000,4.427000,29.570000
2.323,-0.035000,-0.859000,0.432000,-1.435000,-40.649000,7.947000,29.570000
2.334,-0.004000,-0.892000,0.428000,-4.122000,-31.092000,12.740000,29.610000
2.341,-0.045000,-0.904000,0.397000,-6.840000,-23.740000,18.763000,29.520000
2.354,-0.092000,-0.881000,0.341000,-9.145000,-21.221000,21.000000,29.570000
2.365,-0.120000,-0.920000,0.308000,-11.763000,-17.916000,20.397000,29.570000
2.372,-0.148000,-0.906000,0.308000,-8.214000,-18.847000,18.885000,29.520000
2.384,-0.139000,-0.917000,0.306000,-3.664000,-21.336000,18.435000,29.520000
2.391,-0.141000,-0.899000,0.302000,-0.130000,-21.092000,17.214000,29.610000
2.404,-0.162000,-0.884000,0.301000,1.748000,-21.504000,16.695000,29.570000
2.415,-0.183000,-0.889000,0.296000,3.160000,-24.504000,17.542000,29.520000
2.422,-0.204000,-0.862000,0.299000,-0.969000,-23.656000,17.076000,29.610000
2.434,-0.248000,-0.863000,0.286000,-3.611000,-24.924000,13.504000,29.470000
2.441,-0.250000,-0.870000,0.290000,-3.725000,-34.000000,9.397000,29.570000
2.453,-0.215000,-0.844000,0.336000,-5.771000,-34.863000,4.115000,29.520000
2.465,-0.137000,-0.845000,0.340000,-1.802000,-34.771000,-4.725000,29.520000
2.472,-0.051000,-0.854000,0.373000,-2.893000,-22.145000,-10.221000,29.470000
2.484,-0.005000,-0.860000,0.380000,-2.588000,0.389000,-13.710000,29.570000
2.492,-0.049000,-0.828000,0.392000,-0.160000,9.244000,-9.519000,29.610000
2.503,-0.093000,-0.858000,0.381000,2.351000,7.710000,-3.336000,29.610000
2.510,-0.128000,-0.836000,0.348000,-3.901000,1.855000,1.221000,29.570000
2.522,-0.202000,-0.853000,0.339000,-9.183000,-6.069000,2.618000,29.470000
2.534,-0.211000,-0.852000,0.346000,-16.924000,-10.176000,-1.427000,29.520000
2.542,-0.219000,-0.843000,0.333000,-24.489000,-10.359000,-8.008000,29.610000
2.553,-0.191000,-0.820000,0.310000,-24.847000,-16.237000,-13.626000,29.610000
2.565,-0.088000,-0.885000,0.214000,-35.366000,-0.672000,-14.450000,29.660000
2.572,-0.080000,-0.979000,0.131000,-31.664000,-6.115000,-11.977000,29.520000
2.584,-0.116000,-0.968000,0.057000,-37.137000,-4.809000,-9.931000,29.610000
2.591,-0.142000,-1.007000,0.081000,-34.580000,8.924000,-19.542000,29.570000
2.604,-0.161000,-1.018000,0.132000,-18.611000,6.237000,-30.939000,29.470000
2.615,-0.071000,-1.018000,0.222000,-0.191000,10.947000,-43.481000,29.520000
2.621,-0.029000,-0.956000,0.310000,22.107000,16.672000,-50.748000,29.520000
2.635,0.031000,-0.883000,0.352000,38.191000,22.710000,-51.336000,29.570000
2.641,0.035000,-0.817000,0.386000,39.756000,26.000000,-47.511000,29.570000
2.653,-0.033000,-0.755000,0.426000,33.985000,26.237000,-45.565000,29.610000
2.665,-0.084000,-0.684000,0.475000,18.878000,39.893000,-50.298000,29.610000
2.671,-0.105000,-0.705000,0.490000,13.511000,32.763000,-53.099000,29.570000
2.684,-0.021000,-0.720000,0.490000,10.252000,39.061000,-56.763000,29.660000
2.691,0.005000,-0.757000,0.516000,8.718000,52.947000,-58.389000,29.520000
2.702,-0.048000,-0.837000,0.465000,11.427000,51.611000,-43.008000,29.520000
2.714,-0.093000,-0.848000,0.423000,16.565000,49.466000,-20.626000,29.610000
2.721,-0.227000,-0.835000,0.366000,17.847000,36.824000,-5.038000,29.660000
2.735,-0.309000,-0.879000,0.384000,11.115000,12.435000,9.611000,29.610000
2.741,-0.281000,-0.839000,0.414000,2.847000,-5.382000,11.076000,29.610000
2.753,-0.214000,-0.841000,0.399000,-3.344000,-22.260000,7.351000,29.570000
2.765,-0.119000,-0.882000,0.369000,-9.198000,-32.641000,2.107000,29.570000
2.771,-0.096000,-0.885000,0.328000,-12.519000,-38.321000,0.229000,29.610000
2.784,-0.102000,-0.941000,0.295000,-10.924000,-45.771000,2.710000,29.610000
2.790,-0.126000,-0.990000,0.303000,-3.519000,-52.015000,3.061000,29.570000
2.803,-0.146000,-0.994000,0.333000,6.015000,-52.412000,-4.099000,29.570000
2.815,-0.032000,-0.989000,0.357000,14.336000,-41.802000,-18.786000,29.520000
2.821,0.172000,-0.965000,0.333000,12.000000,-12.901000,-42.573000,29.610000
2.834,0.313000,-1.020000,0.396000,13.053000,24.145000,-55.947000,29.570000
2.840,0.333000,-1.001000,0.433000,27.076000,59.015000,-59.122000,29.570000
2.853,0.325000,-0.906000,0.480000,32.740000,83.420000,-53.916000,29.520000
2.865,0.131000,-0.814000,0.479000,31.626000,92.794000,-50.504000,29.520000
2.871,0.034000,-0.835000,0.407000,21.939000,82.298000,-42.969000,29.520000
2.884,0.036000,-0.977000,0.401000,26.687000,54.244000,-24.611000,29.660000
2.891,0.098000,-0.978000,0.395000,28.702000,41.863000,-10.527000,29.610000
2.903,0.076000,-0.900000,0.440000,29.099000,47.824000,-5.870000,29.610000
2.915,-0.023000,-0.833000,0.390000,19.565000,46.977000,0.550000,29.660000
2.922,-0.175000,-0.823000,0.307000,4.840000,25.870000,10.038000,29.570000
2.934,-0.250000,-0.849000,0.244000,-5.939000,-6.038000,18.786000,29.520000
2.942,-0.200000,-0.900000,0.209000,-14.038000,-33.504000,19.267000,29.610000
2.953,-0.076000,-0.919000,0.254000,-13.695000,-42.542000,10.107000,29.570000
2.965,0.109000,-0.923000,0.308000,-10.435000,-29.366000,-1.313000,29.570000
2.972,0.231000,-0.939000,0.294000,-8.374000,-11.718000,-3.962000,29.610000
2.986,0.261000,-0.987000,0.251000,-8.878000,4.260000,1.015000,29.610000
2.992,0.228000,-1.016000,0.236000,-4.389000,10.008000,9.565000,29.570000
3.003,0.149000,-1.037000,0.225000,0.435000,10.634000,19.176000,29.660000
3.010,0.054000,-0.988000,0.278000,6.527000,6.588000,30.603000,29.520000
3.023,-0.031000,-0.923000,0.346000,10.115000,8.679000,35.733000,29.520000
3.036,-0.089000,-0.850000,0.384000,8.107000,9.840000,34.527000,29.610000
3.043,-0.128000,-0.792000,0.387000,-0.809000,7.092000,30.779000,29.570000
3.055,-0.148000,-0.813000,0.386000,-11.313000,0.641000,26.107000,29.710000
3.061,-0.137000,-0.847000,0.385000,-14.473000,-7.893000,22.053000,29.520000
3.073,-0.097000,-0.878000,0.398000,-14.786000,-7.756000,19.489000,29.570000
3.085,-0.099000,-0.875000,0.413000,-13.672000,-2.260000,18.794000,29.570000
3.093,-0.102000,-0.844000,0.400000,-13.122000,9.679000,18.580000,29.710000
3.104,-0.107000,-0.803000,0.377000,-16.450000,18.305000,17.824000,29.610000
3.111,-0.126000,-0.867000,0.334000,-18.908000,17.115000,19.351000,29.570000
3.123,-0.098000,-0.936000,0.296000,-18.847000,15.466000,17.985000,29.570000
3.135,-0.087000,-1.028000,0.292000,-11.855000,5.916000,21.397000,29.610000
3.143,-0.111000,-1.013000,0.317000,-4.267000,2.176000,25.832000,29.610000
3.155,-0.129000,-0.965000,0.358000,2.863000,9.000000,26.786000,29.660000
3.161,-0.132000,-0.865000,0.414000,1.969000,26.382000,20.733000,29.570000
3.173,-0.188000,-0.804000,0.438000,0.534000,39.687000,14.130000,29.610000
3.180,-0.257000,-0.792000,0.412000,-6.656000,37.962000,7.550000,29.610000
3.193,-0.307000,-0.802000,0.402000,-9.275000,25.458000,0.344000,29.520000
3.205,-0.278000,-0.827000,0.398000,-8.863000,16.366000,-7.473000,29.570000
3.211,-0.251000,-0.813000,0.411000,-10.321000,8.443000,-14.527000,29.610000
3.224,-0.226000,-0.819000,0.389000,-10.580000,3.023000,-16.122000,29.710000
3.231,-0.152000,-0.797000,0.351000,-9.664000,2.351000,-18.176000,29.570000
3.243,-0.100000,-0.824000,0.308000,-19.366000,-1.443000,-16.550000,29.570000
3.254,-0.106000,-0.897000,0.250000,-25.969000,-10.771000,-14.718000,29.520000
3.261,-0.088000,-0.958000,0.221000,-24.191000,-21.992000,-12.031000,29.710000
3.273,-0.023000,-1.010000,0.247000,-18.618000,-24.130000,-12.748000,29.660000
3.286,0.009000,-1.018000,0.283000,-10.725000,-22.511000,-13.183000,29.570000
3.292,0.078000,-1.019000,0.330000,0.145000,-11.992000,-13.954000,29.710000
3.304,0.157000,-0.955000,0.360000,7.863000,4.489000,-14.588000,29.610000
3.311,0.164000,-0.919000,0.358000,4.718000,25.382000,-14.634000,29.660000
3.323,0.088000,-0.918000,0.339000,1.992000,39.557000,-14.237000,29.660000
3.330,0.000000,-0.915000,0.337000,-0.702000,43.893000,-12.206000,29.610000
3.343,-0.045000,-0.868000,0.366000,-8.328000,40.939000,-11.527000,29.710000
3.354,-0.022000,-0.864000,0.402000,-12.405000,36.847000,-14.710000,29.520000
3.361,0.137000,-0.881000,0.432000,-15.198000,43.527000,-18.618000,29.570000
3.373,0.273000,-0.905000,0.384000,-21.985000,53.969000,-16.244000,29.610000
3.385,0.286000,-1.014000,0.282000,-27.298000,58.359000,-2.588000,29.610000
3.393,0.229000,-1.083000,0.195000,-20.947000,57.573000,12.534000,29.750000
3.405,0.161000,-1.111000,0.167000,-21.092000,70.496000,19.496000,29.570000
3.411,0.061000,-1.098000,0.177000,-14.366000,76.847000,21.740000,29.610000
3.423,0.037000,-1.076000,0.209000,-1.649000,80.519000,22.252000,29.610000
3.430,0.023000,-0.999000,0.239000,8.763000,87.145000,22.405000,29.660000
3.443,-0.058000,-0.915000,0.286000,14.481000,92.382000,22.817000,29.660000
3.455,-0.182000,-0.878000,0.313000,20.511000,86.916000,24.176000,29.610000
3.461,-0.278000,-0.825000,0.337000,22.916000,80.450000,22.153000,29.520000
3.474,-0.339000,-0.783000,0.363000,19.489000,69.595000,14.542000,29.570000
3.481,-0.322000,-0.757000,0.392000,16.298000,65.000000,-2.931000,29.660000
3.493,-0.264000,-0.735000,0.406000,12.405000,63.725000,-17.924000,29.610000
3.505,-0.205000,-0.715000,0.417000,6.611000,63.397000,-29.046000,29.610000
3.511,-0.161000,-0.722000,0.418000,0.802000,68.733000,-35.740000,29.610000
3.524,-0.139000,-0.774000,0.387000,-4.924000,64.168000,-35.244000,29.660000
3.531,-0.137000,-0.837000,0.304000,-15.511000,52.618000,-28.489000,29.710000
3.542,-0.172000,-0.913000,0.248000,-22.137000,36.023000,-17.038000,29.520000
3.555,-0.186000,-0.952000,0.226000,-23.954000,22.794000,-5.679000,29.570000
3.561,-0.152000,-0.938000,0.235000,-21.046000,16.275000,3.718000,29.660000
3.573,-0.123000,-0.885000,0.282000,-16.244000,21.275000,6.840000,29.610000
3.580,-0.090000,-0.830000,0.302000,-11.511000,33.763000,8.504000,29.610000
3.593,-0.135000,-0.803000,0.348000,-8.198000,47.313000,6.763000,29.660000
3.605,-0.221000,-0.823000,0.353000,-9.214000,51.626000,2.458000,29.570000
3.611,-0.326000,-0.790000,0.342000,-11.153000,51.122000,-2.275000,29.710000
3.623,-0.384000,-0.777000,0.370000,-13.649000,47.458000,-10.076000,29.610000
3.631,-0.389000,-0.814000,0.367000,-18.641000,40.267000,-21.702000,29.660000
3.642,-0.293000,-0.814000,0.367000,-16.481000,34.031000,-31.847000,29.660000
3.654,-0.146000,-0.822000,0.379000,-15.588000,35.893000,-34.183000,29.610000
3.660,-0.047000,-0.815000,0.411000,-16.107000,39.084000,-28.481000,29.610000
3.673,-0.034000,-0.834000,0.332000,-23.198000,47.481000,-20.221000,29.570000
3.686,-0.078000,-0.842000,0.287000,-28.992000,57.053000,-11.237000,29.660000
3.692,-0.197000,-0.841000,0.214000,-35.031000,62.489000,-3.794000,29.610000
3.704,-0.312000,-0.858000,0.208000,-36.756000,54.122000,3.260000,29.520000
3.710,-0.365000,-0.859000,0.179000,-37.198000,45.168000,-0.168000,29.660000
3.722,-0.358000,-0.882000,0.156000,-36.534000,39.092000,-8.489000,29.520000
3.734,-0.300000,-0.905000,0.146000,-32.611000,35.168000,-17.870000,29.610000
3.742,-0.210000,-0.926000,0.138000,-29.122000,39.870000,-24.405000,29.660000
3.753,-0.177000,-0.943000,0.110000,-24.794000,39.267000,-23.840000,29.660000
3.765,-0.182000,-0.948000,0.098000,-20.519000,39.290000,-20.748000,29.710000
3.772,-0.230000,-0.924000,0.103000,-17.061000,37.374000,-17.206000,29.610000
3.784,-0.266000,-0.925000,0.119000,-10.954000,36.084000,-18.611000,29.660000
3.791,-0.225000,-0.891000,0.157000,-4.420000,37.443000,-24.305000,29.660000
3.804,-0.187000,-0.838000,0.200000,-7.115000,45.718000,-35.282000,29.610000
3.815,-0.110000,-0.829000,0.221000,-7.206000,51.893000,-44.168000,29.610000
3.821,-0.052000,-0.879000,0.250000,-7.206000,51.985000,-40.740000,29.610000
3.834,-0.076000,-0.938000,0.217000,-14.840000,52.710000,-34.481000,29.660000
3.840,-0.125000,-0.900000,0.163000,-26.282000,55.160000,-29.244000,29.710000
3.854,-0.180000,-0.879000,0.139000,-34.092000,52.847000,-25.229000,29.610000
3.864,-0.180000,-0.891000,0.127000,-35.824000,39.191000,-21.901000,29.660000
3.871,-0.113000,-0.889000,0.125000,-37.824000,31.389000,-21.061000,29.660000
3.884,-0.040000,-0.901000,0.142000,-36.962000,29.130000,-20.550000,29.610000
3.895,-0.039000,-0.943000,0.165000,-32.511000,26.763000,-16.725000,29.610000
3.903,-0.076000,-0.966000,0.141000,-33.176000,26.733000,-14.718000,29.660000
3.913,-0.149000,-0.971000,0.090000,-36.214000,25.626000,-15.069000,29.660000
3.920,-0.197000,-0.963000,0.047000,-38.916000,19.702000,-16.794000,29.710000
3.933,-0.212000,-0.987000,-0.008000,-41.702000,12.786000,-23.092000,29.610000
3.945,-0.165000,-0.985000,-0.039000,-41.687000,3.489000,-27.511000,29.660000
3.951,-0.074000,-0.991000,-0.036000,-37.298000,-4.008000,-28.618000,29.570000
3.962,0.006000,-0.994000,0.004000,-34.153000,-2.748000,-26.802000,29.520000
3.975,0.059000,-1.031000,0.044000,-23.893000,-0.252000,-20.489000,29.610000
3.982,0.068000,-1.018000,0.063000,-23.382000,13.244000,-14.687000,29.660000
3.995,-0.027000,-0.954000,0.092000,-19.824000,19.244000,-15.794000,29.710000
4.001,-0.064000,-0.932000,0.089000,-24.267000,25.985000,-19.176000,29.520000
4.012,-0.053000,-0.937000,0.055000,-28.733000,25.382000,-27.863000,29.660000
4.024,-0.004000,-0.948000,0.036000,-28.122000,21.672000,-29.969000,29.660000
4.031,0.090000,-1.016000,0.046000,-21.542000,19.496000,-25.756000,29.710000
4.044,0.100000,-1.061000,0.070000,-13.947000,16.458000,-16.863000,29.610000
4.055,0.062000,-1.076000,0.075000,-13.115000,18.076000,-6.366000,29.660000
4.062,-0.007000,-1.046000,0.059000,-12.290000,21.511000,-0.588000,29.570000
4.074,-0.044000,-1.021000,0.057000,-12.031000,27.099000,-0.145000,29.610000
4.081,-0.030000,-0.971000,0.072000,-10.015000,31.863000,-5.107000,29.710000
4.094,0.007000,-0.959000,0.073000,-7.885000,35.687000,-10.565000,29.660000
4.105,0.075000,-0.936000,0.059000,-4.038000,35.435000,-12.641000,29.570000
4.112,0.155000,-0.930000,0.082000,-1.321000,40.542000,-10.885000,29.710000
4.124,0.209000,-0.984000,0.106000,1.061000,47.977000,-5.740000,29.610000
4.134,0.186000,-0.972000,0.125000,12.069000,37.595000,2.618000,29.610000
4.145,0.093000,-0.964000,0.144000,4.634000,33.122000,15.481000,29.570000
4.151,0.050000,-0.956000,0.098000,-0.435000,23.580000,25.809000,29.710000
4.163,0.068000,-0.937000,0.079000,-8.336000,28.069000,27.298000,29.710000
4.175,0.067000,-0.948000,0.016000,-16.260000,31.740000,31.527000,29.660000
4.182,0.089000,-1.007000,-0.046000,-14.137000,31.397000,34.595000,29.570000
4.195,0.100000,-1.044000,-0.053000,-7.840000,39.855000,34.435000,29.710000
4.201,0.090000,-1.057000,-0.083000,-4.626000,49.336000,35.366000,29.610000
4.213,0.022000,-1.042000,-0.092000,-1.985000,60.122000,33.397000,29.660000
4.225,-0.067000,-1.037000,-0.077000,-1.038000,65.672000,32.282000,29.660000
4.231,-0.147000,-1.017000,-0.110000,-3.916000,65.611000,31.489000,29.710000
4.245,-0.232000,-1.004000,-0.129000,-3.191000,61.366000,27.046000,29.660000
4.251,-0.237000,-1.004000,-0.128000,-0.374000,52.374000,22.511000,29.570000
4.263,-0.224000,-1.009000,-0.107000,4.237000,45.397000,17.885000,29.610000
4.275,-0.208000,-1.044000,-0.081000,8.641000,38.702000,17.656000,29.610000
4.282,-0.238000,-1.077000,-0.072000,13.466000,29.466000,20.687000,29.520000
4.294,-0.283000,-1.079000,-0.086000,10.817000,25.023000,20.992000,29.660000
4.302,-0.242000,-1.040000,-0.063000,3.496000,30.084000,13.992000,29.610000
4.313,-0.228000,-1.018000,-0.080000,-0.603000,35.573000,4.840000,29.610000
4.325,-0.201000,-1.014000,-0.088000,-1.290000,33.061000,-1.015000,29.660000
4.331,-0.157000,-0.990000,-0.098000,0.771000,31.435000,-7.664000,29.750000
4.345,-0.104000,-0.969000,-0.075000,4.206000,32.092000,-11.221000,29.610000
4.351,-0.069000,-0.927000,-0.061000,7.519000,29.969000,-7.069000,29.610000
4.362,-0.079000,-0.938000,-0.042000,10.634000,24.847000,3.069000,29.660000
4.375,-0.102000,-0.942000,-0.062000,14.450000,24.115000,8.557000,29.660000
4.386,-0.149000,-0.893000,-0.032000,15.519000,26.275000,6.740000,29.610000
4.395,-0.173000,-0.896000,-0.041000,14.481000,21.817000,3.718000,29.610000
4.402,-0.140000,-0.899000,-0.049000,14.313000,20.053000,-0.595000,29.660000
4.412,-0.093000,-0.886000,-0.039000,15.275000,17.450000,-0.588000,29.660000
4.425,-0.077000,-0.906000,-0.021000,18.008000,12.527000,4.321000,29.710000
4.435,-0.114000,-0.933000,-0.004000,20.244000,9.168000,9.061000,29.610000
4.444,-0.163000,-0.951000,0.014000,22.237000,5.282000,11.160000,29.660000
4.453,-0.202000,-0.989000,0.025000,23.504000,0.481000,9.710000,29.570000
4.463,-0.166000,-1.023000,0.051000,23.832000,-1.924000,6.122000,29.710000
4.470,-0.086000,-1.030000,0.078000,22.511000,2.878000,2.466000,29.610000
4.485,-0.059000,-1.046000,0.104000,23.061000,10.511000,3.824000,29.660000
4.495,-0.089000,-1.054000,0.120000,25.748000,12.901000,9.153000,29.660000
4.503,-0.126000,-1.022000,0.120000,25.771000,16.282000,12.183000,29.610000
4.514,-0.172000,-0.997000,0.123000,23.061000,18.290000,12.962000,29.660000
4.520,-0.225000,-0.990000,0.122000,20.069000,16.260000,10.275000,29.570000
4.533,-0.220000,-0.980000,0.080000,17.725000,12.779000,7.305000,29.710000
4.545,-0.191000,-0.951000,0.079000,16.771000,7.534000,6.847000,29.610000
4.552,-0.176000,-0.911000,0.065000,15.595000,2.023000,7.229000,29.570000
4.565,-0.144000,-0.839000,0.077000,12.771000,-3.794000,5.756000,29.570000
4.571,-0.142000,-0.828000,0.105000,10.489000,-8.206000,4.878000,29.710000
4.585,-0.095000,-0.835000,0.148000,6.336000,2.733000,0.893000,29.610000
4.591,-0.120000,-0.875000,0.164000,4.595000,13.908000,3.893000,29.710000
4.604,-0.220000,-0.939000,0.140000,7.336000,9.458000,15.542000,29.660000
4.610,-0.285000,-0.956000,0.100000,7.366000,4.366000,23.298000,29.610000
4.622,-0.342000,-0.945000,0.089000,4.557000,1.290000,23.634000,29.610000
4.635,-0.327000,-0.953000,0.096000,2.985000,-6.496000,20.351000,29.570000
4.644,-0.302000,-0.979000,0.111000,2.389000,-17.527000,18.084000,29.750000
4.654,-0.258000,-1.010000,0.135000,3.092000,-26.130000,17.542000,29.610000
4.660,-0.200000,-1.016000,0.175000,1.679000,-18.725000,12.580000,29.610000
4.673,-0.215000,-1.029000,0.226000,0.137000,-7.794000,8.397000,29.660000
4.685,-0.227000,-1.043000,0.218000,0.122000,-6.221000,8.786000,29.660000
4.693,-0.227000,-1.051000,0.198000,-0.389000,-3.076000,7.504000,29.710000
4.704,-0.203000,-1.069000,0.174000,-0.244000,-2.954000,7.824000,29.660000
4.711,-0.203000,-1.069000,0.174000,2.115000,-6.832000,7.924000,29.660000
4.724,-0.173000,-1.079000,0.160000,2.153000,-10.939000,9.359000,29.710000
4.731,-0.184000,-1.130000,0.160000,3.153000,-17.588000,12.740000,29.710000
4.744,-0.186000,-1.119000,0.172000,3.351000,-18.313000,13.053000,29.710000
4.755,-0.173000,-1.103000,0.193000,2.237000,-17.053000,13.275000,29.660000
4.761,-0.138000,-1.075000,0.187000,3.679000,-18.000000,15.168000,29.610000
4.774,-0.083000,-1.037000,0.208000,2.542000,-7.756000,15.603000,29.710000
4.781,-0.075000,-1.011000,0.193000,2.702000,2.985000,18.092000,29.660000
4.794,-0.133000,-1.025000,0.164000,3.779000,7.198000,21.443000,29.660000
4.801,-0.173000,-1.028000,0.151000,4.557000,10.481000,21.504000,29.610000
4.812,-0.235000,-1.057000,0.139000,6.221000,7.427000,20.931000,29.610000
4.825,-0.259000,-1.043000,0.125000,7.588000,-0.878000,19.351000,29.660000
4.831,-0.237000,-1.010000,0.132000,5.481000,-5.069000,17.115000,29.610000
4.845,-0.206000,-0.970000,0.150000,3.565000,-0.885000,14.679000,29.610000
4.851,-0.162000,-0.954000,0.137000,3.588000,2.168000,14.977000,29.660000
4.863,-0.137000,-0.948000,0.116000,4.496000,5.573000,16.725000,29.750000
4.870,-0.188000,-0.956000,0.110000,4.763000,10.603000,16.863000,29.710000
4.885,-0.257000,-0.979000,0.096000,4.450000,4.733000,19.176000,29.710000
4.895,-0.321000,-0.986000,0.089000,4.855000,-9.198000,22.183000,29.710000
4.903,-0.305000,-0.961000,0.102000,2.397000,-14.466000,21.290000,29.660000
4.914,-0.284000,-0.969000,0.113000,0.687000,-20.084000,20.893000,29.610000
4.920,-0.258000,-0.956000,0.111000,1.878000,-25.794000,22.275000,29.710000
4.933,-0.226000,-0.959000,0.108000,4.160000,-26.649000,24.389000,29.660000
4.945,-0.228000,-0.984000,0.102000,6.336000,-28.168000,27.351000,29.660000
4.953,-0.245000,-0.965000,0.116000,6.969000,-25.557000,27.420000,29.610000
4.964,-0.274000,-0.960000,0.120000,6.053000,-23.115000,26.580000,29.610000
4.971,-0.288000,-0.947000,0.118000,3.809000,-23.061000,24.496000,29.750000
4.985,-0.300000,-0.933000,0.128000,2.824000,-23.176000,22.901000,29.710000
4.995,-0.292000,-0.921000,0.129000,4.107000,-25.351000,23.374000,29.610000
5.003,-0.250000,-0.903000,0.122000,5.863000,-28.183000,27.176000,29.660000
5.014,-0.216000,-0.890000,0.120000,9.374000,-35.588000,37.679000,29.660000
5.021,-0.200000,-0.898000,0.151000,11.855000,-43.359000,49.695000,29.710000
5.034,-0.231000,-0.927000,0.188000,13.893000,-42.489000,57.855000,29.710000
5.045,-0.223000,-0.905000,0.211000,9.282000,-19.458000,49.908000,29.710000
5.053,-0.335000,-0.900000,0.241000,0.817000,-0.221000,38.832000,29.660000
5.064,-0.436000,-0.940000,0.198000,-4.809000,2.855000,30.053000,29.710000
5.071,-0.464000,-0.975000,0.171000,-6.542000,1.702000,19.824000,29.710000
5.085,-0.446000,-1.007000,0.150000,-6.756000,-1.641000,11.359000,29.660000
5.091,-0.364000,-1.024000,0.145000,-4.069000,-11.076000,8.061000,29.750000
5.103,-0.323000,-1.009000,0.171000,-0.588000,-22.229000,10.908000,29.610000
5.114,-0.261000,-1.009000,0.187000,0.817000,-21.550000,14.252000,29.660000
5.121,-0.234000,-1.003000,0.184000,-3.763000,-10.382000,14.466000,29.660000
5.134,-0.284000,-1.012000,0.185000,-5.313000,-5.069000,16.725000,29.610000
5.140,-0.298000,-0.997000,0.140000,-7.229000,1.611000,17.779000,29.710000
5.154,-0.340000,-0.999000,0.100000,-9.931000,-0.107000,18.328000,29.750000
5.165,-0.330000,-1.029000,0.087000,-16.374000,3.870000,20.924000,29.660000
5.171,-0.353000,-1.000000,0.021000,-8.740000,-11.740000,19.000000,29.610000
5.185,-0.315000,-0.991000,0.021000,-6.084000,-14.214000,17.168000,29.710000
5.190,-0.280000,-0.982000,0.015000,-4.382000,-10.206000,15.626000,29.710000
5.202,-0.231000,-1.014000,0.016000,-0.069000,-4.985000,16.313000,29.660000
5.215,-0.171000,-1.026000,0.038000,10.069000,2.496000,19.534000,29.610000
5.221,-0.080000,-1.133000,0.083000,25.542000,28.267000,19.779000,29.710000
5.235,-0.073000,-1.161000,0.115000,45.397000,57.351000,16.901000,29.660000
5.240,-0.249000,-1.080000,0.084000,52.748000,70.305000,17.267000,29.750000
5.254,-0.547000,-0.954000,0.052000,39.107000,50.023000,26.794000,29.710000
5.265,-0.811000,-0.935000,-0.020000,20.489000,-3.687000,41.031000,29.710000
5.271,-0.706000,-0.863000,0.105000,10.916000,-36.626000,36.443000,29.750000
5.284,-0.447000,-0.836000,0.238000,-2.282000,-28.985000,22.885000,29.710000
5.290,-0.260000,-0.824000,0.325000,-4.481000,-8.008000,9.672000,29.610000
5.304,-0.132000,-0.830000,0.387000,-6.145000,23.153000,2.290000,29.750000
5.315,-0.186000,-0.849000,0.336000,-11.267000,47.656000,4.153000,29.750000
5.322,-0.310000,-0.852000,0.247000,-13.954000,56.229000,9.489000,29.710000
5.334,-0.445000,-0.850000,0.172000,-14.664000,49.214000,14.237000,29.710000
5.340,-0.579000,-0.789000,0.100000,-22.511000,39.374000,14.397000,29.610000
5.353,-0.695000,-0.829000,0.011000,-28.038000,22.626000,14.099000,29.750000
5.365,-0.677000,-0.922000,-0.004000,-26.779000,5.229000,12.832000,29.710000
5.371,-0.614000,-0.946000,-0.008000,-18.542000,-0.962000,4.649000,29.710000
5.384,-0.535000,-0.967000,0.031000,-9.649000,2.321000,-6.725000,29.660000
5.391,-0.454000,-0.967000,0.052000,3.527000,7.466000,-16.290000,29.660000
5.403,-0.381000,-0.932000,0.067000,13.962000,20.214000,-27.427000,29.710000
5.415,-0.369000,-0.896000,0.094000,20.878000,25.382000,-32.870000,29.750000
5.421,-0.318000,-0.885000,0.101000,25.618000,32.015000,-41.122000,29.750000
5.434,-0.291000,-0.879000,0.149000,28.252000,41.145000,-50.198000,29.710000
5.441,-0.303000,-0.846000,0.198000,23.466000,51.511000,-55.924000,29.610000
5.453,-0.466000,-0.771000,0.167000,17.359000,27.000000,-52.939000,29.750000
5.464,-0.575000,-0.783000,0.118000,2.374000,-10.282000,-38.740000,29.750000
5.471,-0.548000,-0.800000,0.111000,-11.405000,-48.534000,-28.466000,29.800000
5.485,-0.435000,-0.831000,0.135000,-25.382000,-64.901000,-29.718000,29.800000
5.495,-0.287000,-0.889000,0.172000,-35.061000,-62.290000,-38.466000,29.710000
5.503,-0.197000,-0.998000,0.194000,-35.748000,-50.198000,-46.847000,29.660000
5.513,-0.146000,-1.054000,0.207000,-30.779000,-34.710000,-54.595000,29.800000
5.519,-0.165000,-1.083000,0.223000,-21.084000,-15.626000,-64.794000,29.800000
5.535,-0.178000,-1.063000,0.238000,-13.405000,-4.489000,-72.053000,29.660000
5.544,-0.147000,-1.026000,0.247000,-13.321000,6.145000,-77.664000,29.750000
5.551,-0.221000,-1.030000,0.225000,-16.649000,7.046000,-68.221000,29.710000
5.563,-0.185000,-1.021000,0.174000,-17.603000,-3.756000,-48.931000,29.710000
5.575,-0.090000,-0.963000,0.173000,-22.389000,0.023000,-36.969000,29.660000
5.581,-0.085000,-0.963000,0.178000,-26.481000,-0.443000,-24.160000,29.610000
5.595,-0.063000,-0.990000,0.190000,-26.366000,-5.908000,-11.794000,29.710000
5.601,-0.068000,-1.034000,0.176000,-21.817000,-4.931000,-4.809000,29.750000
5.612,-0.083000,-1.062000,0.164000,-15.878000,-5.977000,0.099000,29.660000
5.625,-0.169000,-1.035000,0.119000,-11.397000,-10.328000,2.229000,29.710000
5.631,-0.244000,-0.954000,0.111000,-7.962000,-16.794000,1.939000,29.710000
5.644,-0.260000,-0.968000,0.041000,-11.718000,-18.328000,6.695000,29.710000
5.651,-0.218000,-1.017000,0.049000,-5.626000,-14.061000,5.504000,29.660000
5.663,-0.156000,-0.944000,0.042000,-7.015000,-7.061000,2.695000,29.710000
5.675,-0.151000,-0.887000,0.061000,-12.702000,-2.763000,3.481000,29.610000
5.682,-0.158000,-0.871000,0.050000,-15.076000,0.366000,6.611000,29.750000
5.694,-0.168000,-0.870000,0.051000,-12.603000,6.313000,7.313000,29.750000
5.701,-0.238000,-0.843000,0.030000,-11.412000,5.351000,11.198000,29.710000
5.713,-0.302000,-0.851000,-0.014000,-13.481000,3.176000,12.473000,29.710000
5.725,-0.376000,-0.911000,-0.035000,-12.321000,2.771000,8.763000,29.660000
5.732,-0.432000,-1.007000,-0.039000,-6.519000,-3.160000,3.908000,29.660000
5.745,-0.415000,-1.043000,-0.034000,0.603000,-3.962000,-4.679000,29.710000
5.752,-0.405000,-1.040000,0.040000,8.489000,-4.336000,-10.992000,29.710000
5.763,-0.345000,-1.034000,0.071000,17.641000,0.130000,-18.527000,29.750000
5.779,-0.248000,-1.017000,0.130000,24.397000,11.145000,-23.527000,29.710000
5.782,-0.166000,-0.934000,0.170000,26.992000,24.458000,-26.321000,29.710000
5.794,-0.174000,-0.841000,0.189000,20.473000,31.435000,-22.931000,29.710000
5.802,-0.193000,-0.809000,0.116000,8.405000,23.725000,-12.763000,29.660000
5.813,-0.196000,-0.844000,0.065000,-1.221000,8.099000,0.382000,29.710000
5.825,-0.168000,-0.884000,0.042000,-11.252000,-0.359000,5.702000,29.800000
5.834,-0.205000,-1.016000,0.022000,-8.878000,-13.557000,7.221000,29.750000
5.844,-0.154000,-1.145000,0.033000,-4.305000,-10.618000,3.336000,29.660000
5.853,-0.144000,-1.181000,0.046000,-1.031000,0.779000,-2.168000,29.800000
5.863,-0.146000,-1.210000,0.062000,4.534000,11.305000,-4.183000,29.610000
5.870,-0.194000,-1.167000,0.063000,8.229000,18.901000,-5.435000,29.660000
5.884,-0.252000,-1.085000,0.074000,7.481000,21.565000,-1.015000,29.660000
5.895,-0.319000,-1.053000,0.064000,5.313000,21.969000,2.954000,29.710000
5.902,-0.356000,-1.014000,0.072000,4.718000,13.099000,3.618000,29.660000
5.914,-0.362000,-0.938000,0.077000,4.664000,7.763000,0.183000,29.660000
5.921,-0.316000,-0.900000,0.099000,1.786000,5.260000,-5.115000,29.710000
5.934,-0.294000,-0.901000,0.099000,-0.099000,2.664000,-11.206000,29.710000
5.940,-0.249000,-0.920000,0.092000,-7.244000,15.023000,-21.252000,29.710000
5.953,-0.288000,-0.942000,0.059000,-3.344000,10.527000,-28.260000,29.750000
5.965,-0.288000,-0.987000,0.059000,3.809000,0.992000,-30.504000,29.800000
5.971,-0.252000,-1.013000,0.075000,6.603000,-1.366000,-32.412000,29.800000
5.984,-0.221000,-1.075000,0.079000,11.031000,-5.924000,-32.107000,29.750000
5.990,-0.206000,-1.122000,0.084000,19.733000,-15.855000,-27.924000,29.750000
6.003,-0.151000,-1.126000,0.108000,27.542000,-22.176000,-22.817000,29.710000
6.014,-0.087000,-1.093000,0.144000,31.206000,-25.031000,-16.282000,29.660000
6.021,0.028000,-1.025000,0.193000,23.809000,-6.954000,-16.229000,29.750000
6.034,0.007000,-1.026000,0.227000,16.718000,3.588000,-11.939000,29.800000
6.042,-0.005000,-1.043000,0.231000,12.084000,6.183000,-4.962000,29.710000
6.053,-0.017000,-1.035000,0.227000,9.412000,6.992000,2.679000,29.660000
6.065,-0.049000,-1.007000,0.208000,6.237000,10.069000,8.153000,29.660000
6.072,-0.098000,-0.965000,0.181000,2.733000,9.863000,11.771000,29.710000
6.084,-0.150000,-0.937000,0.135000,-1.351000,7.183000,14.527000,29.800000
6.091,-0.194000,-0.932000,0.107000,-3.458000,1.534000,17.229000,29.800000
6.103,-0.209000,-0.969000,0.077000,-2.260000,0.397000,17.260000,29.750000
6.110,-0.203000,-0.979000,0.067000,1.237000,4.176000,14.588000,29.710000
6.123,-0.209000,-0.984000,0.061000,3.565000,9.359000,10.496000,29.710000
6.136,-0.237000,-1.001000,0.054000,7.260000,12.634000,5.237000,29.750000
6.143,-0.247000,-0.958000,0.054000,9.695000,14.748000,-0.374000,29.710000
6.154,-0.258000,-0.929000,0.069000,10.382000,13.641000,-4.076000,29.710000
6.161,-0.253000,-0.911000,0.087000,10.832000,8.824000,-6.626000,29.750000
6.173,-0.221000,-0.903000,0.095000,9.145000,4.260000,-7.191000,29.850000
6.180,-0.191000,-0.917000,0.101000,7.977000,-1.153000,-5.802000,29.710000
6.193,-0.162000,-0.929000,0.092000,7.702000,-2.908000,-3.863000,29.710000
6.205,-0.150000,-0.947000,0.085000,8.687000,-2.870000,-2.069000,29.750000
6.211,-0.145000,-0.965000,0.075000,11.687000,-3.496000,-0.802000,29.750000
6.224,-0.125000,-0.984000,0.077000,16.473000,-2.122000,-0.183000,29.890000
6.231,-0.094000,-0.995000,0.080000,21.038000,1.656000,-0.237000,29.800000
6.245,-0.068000,-0.967000,0.114000,22.992000,13.931000,-1.534000,29.800000
6.256,-0.116000,-0.954000,0.130000,26.038000,17.611000,2.061000,29.750000
6.262,-0.141000,-0.921000,0.131000,25.817000,18.588000,5.282000,29.800000
6.274,-0.180000,-0.905000,0.144000,24.588000,15.786000,6.916000,29.610000
6.281,-0.197000,-0.910000,0.154000,21.672000,10.542000,6.069000,29.750000
6.295,-0.197000,-0.922000,0.157000,20.595000,5.840000,3.939000,29.750000
6.301,-0.190000,-0.961000,0.160000,21.832000,1.626000,2.702000,29.710000
6.313,-0.177000,-0.994000,0.174000,25.489000,-2.702000,2.519000,29.800000
6.325,-0.163000,-0.998000,0.175000,27.099000,-6.160000,2.664000,29.750000
6.332,-0.142000,-0.964000,0.216000,26.038000,0.863000,-1.130000,29.750000
6.345,-0.148000,-0.968000,0.224000,23.282000,6.000000,-2.695000,29.890000
6.353,-0.181000,-0.979000,0.240000,21.992000,4.794000,-3.336000,29.800000
6.363,-0.185000,-0.979000,0.256000,20.115000,3.916000,-4.618000,29.660000
6.370,-0.196000,-1.005000,0.272000,19.053000,4.244000,-6.557000,29.800000
6.384,-0.186000,-1.000000,0.283000,19.084000,4.282000,-8.206000,29.710000
6.395,-0.173000,-0.978000,0.287000,17.115000,4.267000,-8.664000,29.800000
6.403,-0.191000,-0.984000,0.276000,16.275000,0.878000,-8.008000,29.750000
6.414,-0.187000,-0.960000,0.265000,15.191000,-3.527000,-6.344000,29.800000
6.421,-0.173000,-0.956000,0.278000,12.252000,-4.740000,-5.336000,29.710000
6.434,-0.188000,-0.952000,0.265000,10.130000,-10.183000,-4.115000,29.750000
6.445,-0.128000,-0.938000,0.282000,5.412000,-5.206000,-8.191000,29.750000
6.453,-0.143000,-0.966000,0.286000,4.229000,-6.115000,-8.450000,29.890000
6.464,-0.149000,-0.968000,0.286000,3.939000,-7.321000,-7.740000,29.800000
6.471,-0.152000,-0.942000,0.269000,2.000000,-5.794000,-7.053000,29.850000
6.484,-0.182000,-0.938000,0.224000,-0.107000,-9.496000,-5.550000,29.800000
6.490,-0.207000,-0.952000,0.214000,-1.588000,-17.214000,-5.450000,29.800000
6.503,-0.190000,-0.966000,0.198000,-1.603000,-25.069000,-8.489000,29.660000
6.514,-0.172000,-1.008000,0.198000,1.580000,-33.122000,-10.679000,29.750000
6.521,-0.121000,-1.024000,0.191000,5.718000,-35.733000,-13.985000,29.890000
6.533,-0.054000,-1.021000,0.211000,9.053000,-28.260000,-19.237000,29.800000
6.545,0.015000,-0.963000,0.232000,6.099000,-16.435000,-25.321000,29.710000
6.554,-0.037000,-0.945000,0.228000,1.107000,-15.237000,-21.603000,29.750000
6.564,-0.062000,-0.943000,0.207000,-3.206000,-19.191000,-12.664000,29.800000
6.570,-0.074000,-0.944000,0.205000,-5.168000,-19.985000,-5.756000,29.710000
6.584,-0.087000,-0.928000,0.206000,-6.931000,-19.282000,1.275000,29.850000
6.595,-0.095000,-0.939000,0.201000,-6.389000,-16.229000,5.626000,29.660000
6.604,-0.104000,-0.946000,0.208000,-3.588000,-12.084000,6.481000,29.710000
6.614,-0.110000,-0.977000,0.205000,1.107000,-10.763000,6.519000,29.710000
6.621,-0.121000,-0.945000,0.184000,2.794000,-9.099000,4.191000,29.750000
6.634,-0.134000,-0.926000,0.189000,2.344000,-3.893000,0.817000,29.710000
6.641,-0.151000,-0.893000,0.184000,-0.046000,0.160000,-1.664000,29.710000
6.653,-0.167000,-0.889000,0.166000,-2.947000,-1.840000,-0.466000,29.750000
6.665,-0.146000,-0.893000,0.160000,-3.786000,-3.580000,2.496000,29.750000
6.672,-0.136000,-0.921000,0.168000,-1.313000,-4.840000,5.954000,29.710000
6.684,-0.106000,-0.943000,0.173000,2.160000,-2.221000,7.626000,29.710000
6.692,-0.109000,-0.963000,0.172000,6.244000,-0.252000,9.573000,29.800000
6.704,-0.136000,-0.963000,0.167000,9.695000,1.840000,9.221000,29.750000
6.710,-0.146000,-0.951000,0.174000,11.504000,6.710000,5.458000,29.800000
6.723,-0.152000,-0.965000,0.174000,12.290000,8.359000,1.618000,29.800000
6.736,-0.153000,-0.959000,0.190000,12.794000,9.916000,-3.344000,29.850000
6.742,-0.133000,-0.947000,0.208000,11.534000,13.542000,-7.962000,29.850000
6.754,-0.125000,-0.951000,0.220000,10.649000,11.084000,-8.145000,29.710000
6.761,-0.102000,-0.932000,0.225000,7.344000,10.359000,-6.977000,29.750000
6.773,-0.115000,-0.945000,0.225000,3.679000,9.756000,-3.863000,29.750000
6.781,-0.136000,-0.961000,0.198000,2.672000,5.832000,0.420000,29.710000
6.793,-0.153000,-0.985000,0.202000,3.153000,-1.649000,4.305000,29.800000
6.805,-0.157000,-1.007000,0.201000,3.718000,-6.733000,6.046000,29.850000
6.812,-0.142000,-1.023000,0.209000,7.328000,-10.092000,5.405000,29.750000
6.824,-0.126000,-1.001000,0.213000,9.122000,-9.931000,2.840000,29.800000
6.831,-0.141000,-0.982000,0.219000,9.702000,-9.282000,1.573000,29.800000
6.844,-0.129000,-0.950000,0.225000,8.168000,-6.603000,-0.092000,29.710000
6.851,-0.128000,-0.942000,0.229000,6.664000,-5.252000,0.901000,29.750000
6.863,-0.107000,-0.946000,0.223000,6.282000,-5.496000,3.786000,29.800000
6.875,-0.114000,-0.932000,0.233000,5.008000,-2.519000,5.008000,29.800000
6.885,-0.137000,-0.938000,0.235000,5.466000,2.473000,4.160000,29.750000
6.895,-0.164000,-0.952000,0.222000,7.176000,3.794000,3.092000,29.850000
6.902,-0.184000,-0.940000,0.222000,8.573000,5.084000,0.389000,29.800000
6.915,-0.179000,-0.937000,0.244000,9.985000,3.328000,-1.137000,29.710000
6.921,-0.163000,-0.925000,0.245000,9.198000,0.802000,-2.046000,29.750000
6.934,-0.145000,-0.913000,0.253000,7.031000,3.908000,-4.443000,29.800000
6.942,-0.118000,-0.905000,0.263000,4.878000,10.573000,-7.397000,29.800000
6.953,-0.132000,-0.919000,0.273000,3.931000,11.786000,-7.015000,29.750000
6.965,-0.143000,-0.933000,0.270000,3.687000,11.817000,-7.344000,29.750000
6.972,-0.142000,-0.943000,0.259000,4.695000,10.756000,-7.344000,29.710000
6.986,-0.130000,-0.955000,0.264000,6.779000,9.794000,-8.130000,29.800000
6.991,-0.130000,-0.977000,0.279000,10.160000,7.786000,-8.084000,29.710000
7.004,-0.132000,-0.967000,0.276000,13.504000,6.023000,-7.786000,29.850000
7.010,-0.129000,-0.953000,0.275000,14.313000,3.626000,-8.206000,29.800000
7.022,-0.128000,-0.945000,0.282000,11.534000,1.878000,-9.962000,29.800000
7.035,-0.107000,-0.932000,0.309000,8.595000,-0.634000,-12.321000,29.850000
7.044,-0.109000,-0.937000,0.310000,5.649000,-2.985000,-13.779000,29.750000
7.054,-0.089000,-0.932000,0.308000,3.824000,-6.939000,-12.855000,29.890000
7.060,-0.070000,-0.926000,0.291000,1.221000,-10.641000,-10.031000,29.750000
7.073,-0.055000,-0.932000,0.280000,-0.702000,-12.763000,-5.427000,29.750000
7.086,-0.044000,-0.949000,0.275000,-0.183000,-13.038000,0.137000,29.710000
7.092,-0.041000,-0.961000,0.246000,0.122000,-12.298000,6.061000,29.710000
7.104,-0.065000,-0.973000,0.233000,1.153000,-9.168000,9.947000,29.750000
7.110,-0.089000,-0.977000,0.206000,1.313000,-4.977000,11.328000,29.850000
7.123,-0.122000,-0.984000,0.198000,3.099000,-4.397000,11.878000,29.710000
7.135,-0.161000,-0.981000,0.201000,5.374000,-4.771000,11.519000,29.890000
7.144,-0.172000,-0.962000,0.220000,6.565000,-2.664000,9.313000,29.890000
7.155,-0.169000,-0.949000,0.229000,7.427000,-0.168000,5.672000,29.850000
7.161,-0.176000,-0.920000,0.234000,7.397000,1.328000,3.557000,29.800000
7.174,-0.175000,-0.913000,0.244000,7.397000,-1.198000,3.298000,29.710000
7.181,-0.167000,-0.909000,0.252000,6.832000,-4.305000,2.794000,29.850000
7.194,-0.158000,-0.903000,0.266000,6.748000,-2.382000,-0.244000,29.940000
7.200,-0.144000,-0.910000,0.281000,7.885000,-0.580000,-3.130000,29.800000
7.212,-0.136000,-0.912000,0.281000,8.771000,-0.634000,-5.382000,29.850000
7.225,-0.108000,-0.904000,0.300000,8.122000,3.176000,-9.061000,29.850000
7.235,-0.092000,-0.911000,0.303000,7.427000,6.992000,-11.618000,29.710000
7.244,-0.077000,-0.912000,0.300000,7.168000,9.191000,-11.733000,29.890000
7.253,-0.063000,-0.920000,0.290000,8.061000,12.389000,-8.969000,29.850000
7.263,-0.066000,-0.917000,0.293000,9.725000,17.786000,-4.847000,29.750000
7.275,-0.117000,-0.900000,0.281000,10.214000,21.611000,-2.015000,29.800000
7.284,-0.145000,-0.918000,0.262000,10.924000,20.466000,-1.664000,29.800000
7.295,-0.170000,-0.948000,0.246000,12.443000,14.718000,-3.389000,29.800000
7.301,-0.171000,-0.967000,0.248000,14.527000,10.863000,-8.908000,29.850000
7.313,-0.141000,-0.950000,0.262000,15.260000,9.756000,-16.069000,29.800000
7.320,-0.115000,-0.955000,0.272000,15.389000,9.008000,-20.374000,29.800000
7.333,-0.076000,-0.958000,0.274000,15.359000,6.130000,-20.038000,29.750000
7.344,-0.039000,-0.965000,0.291000,15.061000,3.763000,-16.733000,29.710000
7.351,-0.025000,-0.976000,0.292000,15.038000,2.824000,-11.908000,29.800000
7.363,-0.013000,-0.987000,0.308000,15.458000,-0.206000,-6.290000,29.850000
7.370,-0.016000,-0.981000,0.320000,15.573000,0.603000,-4.038000,29.850000
7.385,-0.039000,-0.968000,0.341000,14.359000,1.344000,-2.137000,29.800000
7.395,-0.040000,-0.967000,0.336000,12.122000,-0.687000,-1.588000,29.800000
7.404,-0.039000,-0.944000,0.344000,9.290000,-3.008000,-0.855000,29.850000
7.414,-0.029000,-0.930000,0.353000,6.611000,-2.702000,-0.313000,29.850000
7.421,-0.038000,-0.935000,0.349000,4.443000,-3.458000,1.634000,29.800000
7.434,-0.042000,-0.926000,0.329000,3.397000,-2.626000,2.527000,29.800000
7.441,-0.052000,-0.927000,0.322000,2.489000,-1.771000,4.267000,29.850000
7.454,-0.038000,-0.933000,0.318000,2.397000,-0.710000,5.206000,29.800000
7.465,-0.046000,-0.919000,0.322000,2.298000,0.519000,5.794000,29.800000
7.472,-0.073000,-0.910000,0.313000,1.893000,1.939000,6.191000,29.750000
7.485,-0.087000,-0.907000,0.305000,1.649000,3.053000,5.351000,29.850000
7.495,-0.100000,-0.905000,0.278000,1.351000,2.802000,4.382000,29.800000
7.504,-0.107000,-0.924000,0.285000,1.725000,4.015000,2.702000,29.800000
7.511,-0.098000,-0.931000,0.287000,3.542000,6.450000,1.481000,29.850000
7.523,-0.097000,-0.927000,0.260000,5.687000,9.443000,2.412000,29.750000
7.530,-0.084000,-0.917000,0.257000,8.824000,13.061000,5.557000,29.890000
7.543,-0.104000,-0.902000,0.249000,11.748000,17.878000,9.176000,29.850000
7.555,-0.145000,-0.875000,0.248000,13.489000,24.038000,11.763000,29.850000
7.561,-0.191000,-0.884000,0.230000,15.229000,27.527000,11.656000,29.800000
7.574,-0.221000,-0.898000,0.234000,18.382000,30.489000,7.931000,29.800000
7.581,-0.249000,-0.900000,0.235000,22.092000,31.893000,1.359000,29.800000
7.595,-0.272000,-0.908000,0.246000,25.511000,31.595000,-7.298000,29.660000
7.605,-0.255000,-0.921000,0.278000,27.595000,29.534000,-15.229000,29.800000
7.612,-0.235000,-0.921000,0.296000,30.237000,24.015000,-21.160000,29.800000
7.624,-0.197000,-0.912000,0.332000,32.092000,19.076000,-24.702000,29.850000
7.631,-0.140000,-0.902000,0.362000,31.695000,12.962000,-25.893000,29.850000
7.644,-0.092000,-0.896000,0.380000,28.924000,9.328000,-26.779000,29.800000
7.655,-0.047000,-0.894000,0.394000,24.588000,7.740000,-26.000000,29.710000
7.662,-0.019000,-0.901000,0.378000,21.580000,6.565000,-24.893000,29.850000
7.674,-0.007000,-0.925000,0.385000,19.176000,1.252000,-20.496000,29.850000
7.681,0.021000,-0.927000,0.384000,16.298000,-2.840000,-16.687000,29.710000
7.695,0.034000,-0.939000,0.411000,14.015000,-3.191000,-13.763000,29.750000
7.705,0.050000,-0.958000,0.400000,14.122000,-1.519000,-11.290000,29.850000
7.712,0.059000,-0.965000,0.423000,14.947000,0.466000,-7.756000,29.890000
7.725,0.047000,-0.946000,0.416000,15.817000,3.802000,-4.374000,29.800000
7.734,0.028000,-0.934000,0.432000,15.252000,5.855000,-0.931000,29.890000
7.744,0.007000,-0.920000,0.426000,14.748000,8.779000,1.366000,29.850000
7.754,-0.035000,-0.910000,0.424000,12.969000,8.458000,4.176000,29.800000
7.763,-0.058000,-0.914000,0.402000,12.557000,7.176000,5.229000,29.800000
7.770,-0.082000,-0.912000,0.402000,11.420000,4.802000,5.511000,29.850000
7.785,-0.094000,-0.884000,0.412000,9.924000,6.901000,3.924000,29.800000
7.795,-0.098000,-0.888000,0.425000,9.885000,7.122000,1.267000,29.800000
7.803,-0.104000,-0.867000,0.415000,6.435000,4.817000,-0.443000,29.850000
7.814,-0.125000,-0.866000,0.414000,4.221000,-1.725000,-1.282000,29.850000
7.821,-0.091000,-0.873000,0.400000,4.198000,1.504000,-0.069000,29.890000
7.835,-0.087000,-0.869000,0.389000,2.939000,1.427000,0.618000,29.890000
7.841,-0.080000,-0.880000,0.370000,2.939000,0.221000,1.992000,29.850000
7.853,-0.080000,-0.887000,0.366000,3.580000,0.763000,1.687000,29.850000
7.860,-0.075000,-0.893000,0.357000,3.336000,4.954000,-1.618000,29.800000
7.873,-0.079000,-0.907000,0.350000,3.763000,6.595000,-4.405000,29.890000
7.886,-0.078000,-0.911000,0.350000,5.260000,8.275000,-7.427000,29.850000
7.893,-0.067000,-0.913000,0.361000,5.687000,10.466000,-9.450000,29.800000
7.904,-0.047000,-0.911000,0.370000,7.130000,11.618000,-9.710000,29.800000
7.911,-0.047000,-0.918000,0.366000,9.534000,11.710000,-7.336000,29.750000
7.923,-0.043000,-0.910000,0.378000,11.901000,8.420000,-2.282000,29.750000
7.930,-0.061000,-0.902000,0.379000,13.618000,7.366000,1.618000,29.800000
7.943,-0.075000,-0.904000,0.389000,14.817000,8.817000,3.939000,29.800000
7.955,-0.114000,-0.916000,0.389000,17.298000,5.153000,5.725000,29.850000
7.962,-0.128000,-0.911000,0.388000,20.206000,5.656000,5.336000,29.850000
7.974,-0.133000,-0.900000,0.395000,22.305000,8.443000,3.450000,29.890000
7.983,-0.116000,-0.875000,0.400000,23.000000,12.183000,0.664000,29.890000
7.994,-0.105000,-0.861000,0.407000,22.985000,16.863000,-0.756000,29.850000
8.000,-0.109000,-0.840000,0.397000,22.802000,20.718000,-2.580000,29.890000
8.012,-0.132000,-0.843000,0.400000,21.229000,21.511000,-5.756000,29.800000
8.033,-0.149000,-0.843000,0.379000,17.969000,17.443000,-7.122000,29.800000
8.033,-0.166000,-0.868000,0.382000,16.893000,7.901000,-7.626000,29.850000
