time_sec,ax,ay,az,gx,gy,gz,temp_c
0.013,-0.373000,-0.781000,0.183000,-56.908000,10.351000,36.565000,25.520000
0.018,-0.394000,-0.798000,0.172000,-47.366000,9.351000,33.916000,25.520000
0.025,-0.384000,-0.745000,0.155000,-47.191000,5.168000,30.328000,25.570000
0.037,-0.412000,-0.716000,0.142000,-47.405000,-4.695000,27.611000,25.470000
0.049,-0.433000,-0.740000,0.128000,-47.710000,-14.328000,26.855000,25.470000
0.055,-0.406000,-0.783000,0.134000,-45.985000,-25.244000,24.023000,25.570000
0.067,-0.329000,-0.787000,0.145000,-44.397000,-20.870000,18.313000,25.520000
0.080,-0.252000,-0.827000,0.146000,-43.748000,-15.672000,14.534000,25.420000
0.087,-0.196000,-0.878000,0.140000,-40.939000,-13.420000,13.855000,25.520000
0.099,-0.137000,-0.914000,0.106000,-39.542000,-7.649000,13.641000,25.520000
0.107,-0.150000,-0.929000,0.120000,-36.656000,-1.107000,17.000000,25.570000
0.117,-0.128000,-0.948000,0.122000,-30.840000,-7.779000,19.527000,25.470000
0.129,-0.132000,-0.968000,0.113000,-28.992000,1.603000,22.313000,25.570000
0.136,-0.124000,-0.988000,0.105000,-25.519000,4.359000,23.496000,25.570000
0.148,-0.138000,-1.015000,0.098000,-18.557000,6.763000,23.580000,25.570000
0.155,-0.171000,-1.030000,0.089000,-13.122000,6.718000,23.023000,25.570000
0.167,-0.252000,-0.997000,0.091000,-10.595000,1.779000,23.511000,25.520000
0.181,-0.354000,-0.931000,0.078000,-14.756000,-9.901000,21.656000,25.610000
0.186,-0.391000,-0.903000,0.086000,-18.802000,-20.397000,16.191000,25.520000
0.198,-0.381000,-0.905000,0.102000,-23.183000,-28.679000,8.718000,25.660000
0.205,-0.345000,-0.937000,0.115000,-24.290000,-31.366000,3.824000,25.570000
0.217,-0.284000,-0.996000,0.139000,-20.985000,-29.542000,4.237000,25.570000
0.229,-0.191000,-1.057000,0.137000,-14.397000,-21.511000,6.107000,25.570000
0.236,-0.173000,-1.080000,0.164000,-3.977000,-10.458000,9.695000,25.610000
0.248,-0.178000,-1.070000,0.181000,3.427000,4.191000,10.427000,25.520000
0.255,-0.189000,-1.030000,0.197000,8.641000,24.855000,9.618000,25.520000
0.267,-0.268000,-0.999000,0.227000,15.817000,35.130000,10.863000,25.610000
0.280,-0.318000,-0.955000,0.200000,13.641000,40.305000,10.000000,25.570000
0.287,-0.373000,-0.923000,0.179000,10.153000,37.527000,10.496000,25.470000
0.299,-0.438000,-0.920000,0.133000,5.611000,19.458000,10.939000,25.570000
0.306,-0.442000,-0.928000,0.141000,0.687000,0.565000,8.015000,25.570000
0.318,-0.407000,-0.928000,0.148000,-2.115000,-9.168000,1.206000,25.610000
0.328,-0.365000,-0.984000,0.162000,-0.649000,-17.336000,-5.168000,25.610000
0.337,-0.319000,-1.013000,0.173000,3.954000,-20.481000,-10.229000,25.610000
0.349,-0.303000,-1.070000,0.181000,11.130000,-26.534000,-10.817000,25.610000
0.355,-0.269000,-1.078000,0.168000,21.046000,-35.275000,-9.450000,25.570000
0.368,-0.160000,-1.051000,0.191000,25.412000,-30.046000,-10.565000,25.570000
0.380,-0.059000,-1.007000,0.258000,22.756000,-7.366000,-12.412000,25.660000
0.387,-0.077000,-1.031000,0.272000,20.359000,7.450000,-9.595000,25.570000
0.399,-0.112000,-1.048000,0.277000,29.092000,6.046000,-8.710000,25.520000
0.405,-0.150000,-1.012000,0.274000,16.092000,22.718000,-1.893000,25.520000
0.418,-0.248000,-1.004000,0.250000,11.748000,16.435000,-0.565000,25.520000
0.425,-0.312000,-1.008000,0.242000,5.985000,2.550000,-0.748000,25.610000
0.438,-0.339000,-1.010000,0.236000,2.008000,-7.672000,-4.206000,25.660000
0.449,-0.355000,-1.054000,0.238000,3.969000,-17.840000,-8.885000,25.570000
0.456,-0.307000,-1.070000,0.268000,5.519000,-17.351000,-14.221000,25.660000
0.468,-0.306000,-1.104000,0.270000,13.725000,-14.870000,-17.137000,25.660000
0.476,-0.246000,-1.141000,0.268000,23.634000,-7.511000,-21.382000,25.660000
0.488,-0.165000,-1.144000,0.291000,31.817000,18.893000,-26.366000,25.570000
0.499,-0.188000,-1.148000,0.324000,46.855000,35.855000,-29.534000,25.610000
0.505,-0.172000,-1.089000,0.307000,51.031000,62.794000,-31.053000,25.610000
0.518,-0.206000,-1.038000,0.294000,56.008000,81.076000,-34.763000,25.660000
0.526,-0.349000,-0.923000,0.315000,49.397000,84.008000,-36.389000,25.660000
0.537,-0.487000,-0.880000,0.279000,32.756000,61.412000,-37.420000,25.660000
0.548,-0.503000,-0.811000,0.254000,12.893000,25.718000,-39.237000,25.660000
0.555,-0.394000,-0.816000,0.275000,-4.420000,-12.397000,-38.550000,25.660000
0.567,-0.229000,-0.913000,0.315000,-17.298000,-45.634000,-31.145000,25.610000
0.580,-0.027000,-0.993000,0.334000,-23.008000,-47.183000,-23.679000,25.610000
0.586,0.109000,-1.032000,0.362000,-22.336000,-24.023000,-17.840000,25.610000
0.598,0.101000,-1.058000,0.351000,-18.130000,3.992000,-14.733000,25.710000
0.605,0.026000,-1.075000,0.328000,-11.214000,25.061000,-14.992000,25.660000
0.617,-0.052000,-1.058000,0.287000,-5.305000,39.168000,-16.573000,25.660000
0.630,-0.086000,-1.052000,0.267000,0.420000,42.756000,-17.206000,25.660000
0.636,-0.090000,-1.021000,0.232000,4.183000,41.313000,-15.321000,25.660000
0.648,-0.121000,-0.976000,0.199000,2.000000,27.160000,-8.359000,25.610000
0.655,-0.163000,-0.922000,0.172000,-6.290000,9.359000,-0.588000,25.610000
0.667,-0.206000,-0.931000,0.169000,-11.687000,-6.252000,4.580000,25.710000
0.680,-0.140000,-0.952000,0.174000,-17.496000,-11.595000,3.466000,25.750000
0.686,-0.115000,-0.998000,0.214000,-21.069000,-13.779000,0.588000,25.660000
0.698,-0.062000,-1.035000,0.225000,-19.145000,-15.153000,-3.405000,25.750000
0.704,-0.041000,-1.016000,0.197000,-17.099000,-16.634000,-4.885000,25.660000
0.716,-0.056000,-1.016000,0.167000,-15.618000,-24.321000,-3.092000,25.710000
0.729,-0.057000,-1.051000,0.148000,-9.588000,-35.389000,4.427000,25.610000
0.736,-0.031000,-1.037000,0.135000,-0.244000,-34.160000,8.916000,25.710000
0.748,0.003000,-0.987000,0.193000,6.649000,-10.702000,6.855000,25.710000
0.755,-0.074000,-0.973000,0.233000,13.435000,14.443000,4.687000,25.660000
0.767,-0.123000,-0.954000,0.278000,24.611000,27.985000,0.160000,25.660000
0.780,-0.179000,-0.924000,0.306000,32.771000,39.107000,-6.557000,25.660000
0.786,-0.232000,-0.875000,0.313000,35.183000,39.779000,-11.679000,25.750000
0.798,-0.254000,-0.834000,0.274000,31.992000,37.573000,-15.298000,25.660000
0.805,-0.342000,-0.833000,0.250000,22.374000,15.687000,-13.206000,25.710000
0.817,-0.321000,-0.885000,0.214000,16.489000,-0.282000,-12.863000,25.610000
0.830,-0.251000,-0.944000,0.215000,16.031000,-10.198000,-10.679000,25.710000
0.836,-0.121000,-0.927000,0.275000,16.130000,-0.855000,-11.649000,25.660000
0.848,-0.058000,-0.966000,0.326000,20.389000,9.557000,-9.290000,25.660000
0.855,-0.027000,-0.946000,0.310000,20.679000,17.198000,-7.191000,25.660000
0.867,-0.082000,-0.943000,0.308000,20.122000,27.748000,-5.153000,25.660000
0.880,-0.115000,-0.961000,0.285000,26.405000,26.443000,-5.229000,25.710000
0.886,-0.170000,-0.980000,0.236000,25.168000,31.374000,-4.290000,25.710000
0.898,-0.226000,-0.975000,0.227000,28.038000,29.008000,-4.786000,25.800000
0.905,-0.248000,-0.965000,0.219000,30.099000,20.763000,-5.061000,25.800000
0.917,-0.252000,-0.951000,0.216000,30.489000,7.466000,-2.038000,25.750000
0.930,-0.224000,-0.957000,0.201000,31.634000,-9.351000,1.779000,25.750000
0.936,-0.143000,-0.950000,0.260000,30.702000,-13.840000,5.275000,25.750000
0.948,-0.060000,-0.927000,0.290000,24.664000,-1.206000,1.290000,25.800000
0.955,-0.090000,-0.958000,0.327000,26.420000,13.527000,-2.672000,25.800000
0.968,-0.078000,-0.954000,0.329000,28.435000,19.450000,-1.725000,25.710000
0.974,-0.075000,-0.934000,0.353000,33.015000,29.023000,-1.634000,25.710000
0.986,-0.156000,-0.875000,0.370000,29.366000,29.557000,2.153000,25.750000
0.999,-0.241000,-0.840000,0.339000,21.183000,22.275000,4.748000,25.750000
1.006,-0.269000,-0.837000,0.353000,12.008000,10.427000,7.664000,25.750000
1.018,-0.281000,-0.840000,0.353000,2.832000,1.893000,8.321000,25.850000
1.026,-0.278000,-0.861000,0.358000,-6.527000,-5.702000,7.885000,25.710000
1.038,-0.267000,-0.898000,0.346000,-12.427000,-12.725000,7.565000,25.800000
1.049,-0.214000,-0.903000,0.362000,-13.840000,-14.664000,8.481000,25.800000
1.056,-0.156000,-0.906000,0.373000,-13.863000,-11.496000,7.641000,25.710000
1.068,-0.110000,-0.925000,0.366000,-11.534000,-9.397000,9.427000,25.660000
1.076,-0.109000,-0.955000,0.342000,-7.702000,-7.763000,10.000000,25.750000
1.088,-0.132000,-0.945000,0.348000,-0.992000,-1.985000,8.183000,25.850000
1.094,-0.172000,-0.950000,0.327000,1.511000,3.458000,5.046000,25.750000
1.107,-0.224000,-0.948000,0.294000,1.702000,1.664000,0.305000,25.750000
1.119,-0.234000,-0.926000,0.290000,0.000000,-1.481000,-3.733000,25.800000
1.126,-0.189000,-0.942000,0.279000,-0.786000,-9.824000,-2.733000,25.800000
1.138,-0.137000,-0.913000,0.280000,-2.901000,-20.191000,0.985000,25.750000
1.145,-0.111000,-0.916000,0.319000,-5.115000,-22.725000,5.046000,25.850000
1.157,-0.121000,-0.931000,0.336000,-5.229000,-27.382000,9.031000,25.850000
1.169,-0.131000,-0.932000,0.360000,-6.260000,-27.947000,8.481000,25.750000
1.177,-0.136000,-0.924000,0.373000,-7.389000,-26.588000,7.053000,25.710000
1.188,-0.120000,-0.930000,0.381000,-7.893000,-24.824000,5.832000,25.800000
1.196,-0.089000,-0.928000,0.364000,-8.115000,-24.527000,6.260000,25.710000
1.207,-0.084000,-0.948000,0.345000,-8.931000,-24.740000,9.725000,25.850000
1.219,-0.118000,-0.957000,0.317000,-9.481000,-34.710000,14.344000,25.850000
1.227,-0.132000,-0.941000,0.331000,-9.298000,-38.794000,16.466000,25.850000
1.238,-0.121000,-0.939000,0.354000,-10.008000,-37.069000,16.099000,25.850000
1.245,-0.117000,-0.959000,0.367000,-8.305000,-32.038000,14.031000,25.710000
1.257,-0.097000,-0.949000,0.368000,-5.374000,-21.809000,12.817000,25.800000
1.269,-0.109000,-0.943000,0.361000,-2.405000,-11.435000,12.359000,25.710000
1.276,-0.128000,-0.943000,0.351000,1.344000,-7.160000,13.908000,25.750000
1.288,-0.158000,-0.907000,0.321000,4.908000,-3.580000,14.221000,25.850000
1.295,-0.221000,-0.909000,0.324000,5.534000,-6.229000,12.672000,25.850000
1.307,-0.267000,-0.891000,0.316000,2.740000,-15.870000,12.863000,25.750000
1.319,-0.283000,-0.883000,0.311000,-2.695000,-26.908000,11.107000,25.800000
1.327,-0.239000,-0.891000,0.309000,-5.802000,-37.160000,11.588000,25.890000
1.338,-0.181000,-0.894000,0.320000,-6.313000,-39.557000,11.687000,25.890000
1.345,-0.137000,-0.886000,0.334000,-6.748000,-38.183000,13.198000,25.850000
1.357,-0.112000,-0.867000,0.332000,-7.550000,-39.313000,17.725000,25.850000
1.369,-0.129000,-0.856000,0.344000,-8.275000,-40.351000,19.618000,25.850000
1.376,-0.157000,-0.844000,0.346000,-11.687000,-39.641000,21.305000,25.850000
1.388,-0.207000,-0.859000,0.316000,-15.947000,-43.359000,20.450000,25.850000
1.394,-0.211000,-0.861000,0.293000,-19.115000,-47.542000,18.809000,25.890000
1.406,-0.199000,-0.889000,0.278000,-18.634000,-46.863000,16.198000,25.890000
1.418,-0.111000,-0.896000,0.279000,-12.328000,-42.718000,12.573000,25.850000
1.426,-0.100000,-0.907000,0.300000,-4.092000,-33.046000,10.153000,25.850000
1.438,-0.129000,-0.906000,0.300000,4.450000,-25.931000,9.427000,25.940000
1.449,-0.159000,-0.929000,0.295000,13.244000,-21.206000,8.924000,25.940000
1.456,-0.168000,-0.927000,0.289000,18.916000,-18.771000,5.015000,25.890000
1.469,-0.180000,-0.925000,0.291000,21.260000,-23.366000,2.840000,25.890000
1.476,-0.167000,-0.905000,0.286000,21.023000,-32.809000,2.916000,25.890000
1.488,-0.128000,-0.871000,0.320000,21.802000,-36.313000,4.634000,25.890000
1.494,-0.109000,-0.863000,0.339000,19.435000,-32.702000,7.176000,25.850000
1.507,-0.114000,-0.888000,0.357000,19.328000,-34.191000,10.908000,25.850000
1.519,-0.121000,-0.875000,0.379000,19.374000,-31.916000,13.336000,25.850000
1.526,-0.132000,-0.878000,0.396000,20.099000,-26.939000,14.221000,25.990000
1.538,-0.163000,-0.859000,0.383000,19.336000,-22.832000,11.588000,25.990000
1.549,-0.167000,-0.835000,0.382000,20.145000,-16.053000,7.878000,25.890000
1.556,-0.175000,-0.822000,0.364000,20.969000,-13.115000,3.427000,25.890000
1.569,-0.215000,-0.832000,0.367000,21.771000,-13.710000,0.916000,25.940000
1.576,-0.234000,-0.868000,0.391000,24.008000,-19.809000,-0.618000,25.850000
1.588,-0.228000,-0.882000,0.398000,24.031000,-28.847000,-2.336000,25.850000
1.599,-0.208000,-0.879000,0.439000,22.229000,-33.206000,-3.328000,25.800000
1.606,-0.146000,-0.896000,0.465000,20.802000,-36.252000,-4.435000,25.890000
1.618,-0.089000,-0.897000,0.506000,19.397000,-32.718000,-6.374000,25.890000
1.626,-0.043000,-0.906000,0.520000,18.321000,-29.985000,0.916000,25.800000
1.638,-0.008000,-0.909000,0.513000,13.015000,-32.779000,8.473000,25.940000
1.650,-0.068000,-0.882000,0.522000,8.550000,-32.504000,16.916000,25.940000
1.656,-0.097000,-0.854000,0.509000,4.252000,-26.626000,21.580000,25.940000
1.668,-0.157000,-0.828000,0.484000,-3.176000,-22.794000,19.992000,25.940000
1.675,-0.217000,-0.812000,0.456000,-9.107000,-21.809000,15.382000,25.850000
1.688,-0.215000,-0.835000,0.427000,-11.855000,-22.725000,11.443000,25.990000
1.699,-0.215000,-0.860000,0.445000,-12.092000,-24.374000,6.679000,25.890000
1.706,-0.200000,-0.875000,0.451000,-7.832000,-27.603000,2.168000,25.850000
1.718,-0.154000,-0.900000,0.471000,-2.366000,-27.351000,0.214000,25.940000
1.726,-0.114000,-0.922000,0.489000,2.656000,-27.260000,-1.275000,25.940000
1.737,-0.073000,-0.891000,0.503000,4.466000,-27.229000,0.473000,25.890000
1.749,-0.012000,-0.897000,0.541000,1.725000,-23.366000,2.061000,25.890000
1.756,0.043000,-0.917000,0.529000,-2.595000,-21.931000,8.740000,25.890000
1.768,0.075000,-0.926000,0.511000,-8.550000,-17.206000,17.137000,25.890000
1.776,0.031000,-0.940000,0.480000,-12.076000,-13.466000,24.870000,25.940000
1.788,-0.067000,-0.922000,0.440000,-20.366000,-8.870000,30.244000,25.940000
1.799,-0.141000,-0.895000,0.395000,-24.489000,-11.573000,33.275000,25.940000
1.806,-0.159000,-0.886000,0.365000,-28.282000,-13.267000,34.176000,25.850000
1.818,-0.158000,-0.890000,0.342000,-30.794000,-14.641000,32.076000,25.890000
1.826,-0.160000,-0.903000,0.322000,-28.389000,-16.313000,29.901000,25.990000
1.837,-0.158000,-0.903000,0.319000,-24.817000,-15.817000,26.344000,25.990000
1.849,-0.188000,-0.885000,0.307000,-22.870000,-14.542000,22.557000,25.940000
1.856,-0.189000,-0.876000,0.291000,-21.473000,-14.374000,17.954000,25.850000
1.868,-0.157000,-0.848000,0.296000,-20.992000,-6.580000,12.687000,25.940000
1.874,-0.141000,-0.872000,0.302000,-15.779000,-5.443000,9.366000,25.850000
1.887,-0.109000,-0.888000,0.301000,-11.901000,0.008000,9.870000,25.890000
1.899,-0.108000,-0.907000,0.272000,-6.611000,0.305000,12.412000,25.990000
1.906,-0.129000,-0.910000,0.261000,-1.153000,-4.206000,15.702000,25.990000
1.918,-0.167000,-0.888000,0.258000,2.137000,-11.924000,18.779000,25.940000
1.926,-0.148000,-0.871000,0.291000,6.977000,-11.893000,19.374000,25.940000
1.937,-0.139000,-0.857000,0.332000,7.015000,-6.458000,16.832000,25.940000
1.949,-0.131000,-0.861000,0.377000,9.443000,-6.313000,16.718000,26.040000
1.956,-0.105000,-0.831000,0.402000,9.595000,-3.435000,17.344000,25.940000
1.968,-0.084000,-0.835000,0.398000,6.641000,-0.725000,19.802000,25.990000
1.976,-0.122000,-0.820000,0.378000,5.756000,-6.817000,21.847000,25.990000
1.988,-0.182000,-0.809000,0.391000,-0.931000,-8.466000,25.191000,25.940000
1.999,-0.238000,-0.829000,0.341000,-7.977000,-14.450000,25.237000,25.940000
2.006,-0.249000,-0.833000,0.318000,-14.305000,-20.679000,23.489000,25.940000
2.018,-0.222000,-0.837000,0.341000,-13.053000,-26.908000,22.382000,25.990000
2.026,-0.180000,-0.881000,0.332000,-8.840000,-33.427000,25.290000,25.990000
2.037,-0.099000,-0.885000,0.373000,-2.687000,-34.962000,27.336000,25.990000
2.049,-0.099000,-0.885000,0.373000,2.389000,-35.412000,31.008000,25.990000
2.056,-0.145000,-0.858000,0.380000,5.153000,-33.389000,33.267000,25.940000
2.068,-0.206000,-0.855000,0.371000,2.954000,-33.679000,34.954000,26.040000
2.076,-0.212000,-0.854000,0.357000,0.107000,-40.611000,33.931000,25.940000
2.088,-0.186000,-0.826000,0.397000,0.038000,-41.672000,30.626000,25.990000
2.099,-0.181000,-0.804000,0.437000,-1.305000,-41.458000,26.611000,25.990000
2.106,-0.134000,-0.809000,0.446000,-1.565000,-39.382000,25.519000,25.990000
2.118,-0.092000,-0.820000,0.467000,0.863000,-31.687000,26.939000,25.990000
2.126,-0.083000,-0.818000,0.447000,-0.893000,-20.443000,30.206000,25.940000
2.137,-0.178000,-0.825000,0.426000,-2.122000,-18.962000,30.878000,26.040000
2.149,-0.208000,-0.863000,0.389000,-1.466000,-29.267000,31.939000,25.940000
2.156,-0.151000,-0.832000,0.402000,-0.977000,-32.550000,28.160000,25.890000
2.168,-0.131000,-0.837000,0.424000,0.588000,-29.611000,25.153000,25.990000
2.175,-0.079000,-0.862000,0.401000,1.977000,-29.053000,25.985000,25.890000
2.188,-0.061000,-0.859000,0.411000,1.344000,-20.313000,26.176000,25.990000
2.199,-0.125000,-0.843000,0.401000,-3.969000,-10.527000,29.244000,25.850000
2.206,-0.176000,-0.833000,0.392000,-2.794000,-8.458000,28.733000,26.040000
2.218,-0.192000,-0.822000,0.407000,-1.374000,-6.786000,28.771000,26.040000
2.226,-0.191000,-0.791000,0.430000,-0.580000,-3.565000,27.305000,25.940000
2.237,-0.176000,-0.774000,0.449000,0.038000,-0.977000,25.763000,25.990000
2.249,-0.172000,-0.775000,0.441000,-3.336000,2.733000,25.420000,25.890000
2.256,-0.228000,-0.809000,0.422000,-4.183000,-2.763000,27.427000,25.990000
2.268,-0.260000,-0.821000,0.395000,-9.771000,-12.748000,28.321000,26.040000
2.276,-0.264000,-0.819000,0.384000,-14.267000,-15.427000,26.626000,26.040000
2.287,-0.238000,-0.808000,0.382000,-15.702000,-15.573000,23.069000,26.040000
2.299,-0.185000,-0.822000,0.372000,-15.420000,-15.641000,19.504000,25.990000
2.306,-0.140000,-0.839000,0.384000,-13.290000,-9.122000,18.863000,26.080000
2.318,-0.149000,-0.845000,0.367000,-9.664000,-3.786000,20.695000,25.990000
2.326,-0.208000,-0.867000,0.347000,-9.977000,-2.672000,25.031000,25.990000
2.337,-0.278000,-0.860000,0.279000,-11.985000,0.931000,27.328000,26.130000
2.349,-0.365000,-0.842000,0.274000,-15.313000,-4.954000,28.443000,26.040000
2.356,-0.415000,-0.834000,0.264000,-16.595000,-14.527000,26.122000,26.130000
2.368,-0.404000,-0.823000,0.273000,-18.076000,-24.855000,20.466000,26.080000
2.376,-0.321000,-0.834000,0.273000,-17.664000,-30.939000,13.252000,25.990000
2.387,-0.241000,-0.832000,0.310000,-15.053000,-29.420000,8.847000,26.080000
2.399,-0.182000,-0.861000,0.319000,-11.527000,-25.588000,8.969000,26.080000
2.405,-0.139000,-0.896000,0.325000,-5.740000,-14.351000,11.092000,26.040000
2.418,-0.155000,-0.911000,0.331000,-0.916000,-6.145000,12.870000,26.040000
2.424,-0.209000,-0.884000,0.331000,5.725000,-3.092000,14.939000,26.130000
2.437,-0.220000,-0.882000,0.324000,8.725000,7.740000,15.115000,26.040000
2.449,-0.265000,-0.864000,0.312000,12.153000,12.817000,14.344000,26.080000
2.456,-0.288000,-0.818000,0.317000,14.366000,17.695000,13.511000,25.990000
2.468,-0.312000,-0.780000,0.324000,14.382000,20.000000,11.817000,26.180000
2.476,-0.363000,-0.759000,0.319000,11.374000,16.740000,11.321000,26.130000
2.487,-0.401000,-0.783000,0.312000,8.336000,2.191000,10.443000,26.040000
2.499,-0.430000,-0.786000,0.303000,3.687000,-16.588000,8.435000,26.220000
2.506,-0.446000,-0.797000,0.317000,0.725000,-34.710000,5.656000,26.130000
2.518,-0.380000,-0.818000,0.347000,1.214000,-43.046000,1.015000,26.130000
2.526,-0.300000,-0.818000,0.405000,6.870000,-43.763000,-3.053000,26.080000
2.537,-0.213000,-0.791000,0.510000,13.504000,-29.847000,-4.092000,26.080000
2.549,-0.157000,-0.792000,0.565000,20.252000,-3.313000,-4.374000,26.080000
2.556,-0.236000,-0.770000,0.526000,21.076000,15.221000,-6.855000,26.130000
2.569,-0.383000,-0.767000,0.483000,20.153000,21.130000,-11.008000,26.040000
2.576,-0.506000,-0.731000,0.403000,5.641000,13.168000,-10.527000,26.040000
2.588,-0.600000,-0.736000,0.398000,-2.992000,-9.099000,-13.130000,26.080000
2.599,-0.573000,-0.763000,0.428000,-6.237000,-25.595000,-16.168000,26.180000
2.606,-0.366000,-0.761000,0.483000,-1.061000,-28.840000,-19.863000,26.180000
2.618,-0.184000,-0.795000,0.479000,3.840000,-20.389000,-24.916000,26.220000
2.626,-0.119000,-0.826000,0.474000,4.939000,-3.748000,-29.374000,26.130000
2.637,-0.117000,-0.893000,0.416000,3.496000,10.824000,-32.282000,26.130000
2.649,-0.117000,-0.935000,0.343000,5.901000,21.405000,-32.015000,26.130000
2.656,-0.178000,-0.924000,0.332000,9.206000,21.359000,-28.908000,26.080000
2.668,-0.272000,-0.909000,0.303000,11.374000,20.122000,-21.061000,26.180000
2.676,-0.313000,-0.891000,0.285000,13.771000,11.412000,-10.557000,26.180000
2.687,-0.343000,-0.901000,0.319000,15.603000,-1.061000,-4.626000,26.220000
2.699,-0.326000,-0.870000,0.341000,16.748000,-17.137000,-1.252000,26.130000
2.706,-0.228000,-0.857000,0.378000,15.229000,-24.023000,-6.786000,26.130000
2.718,-0.169000,-0.875000,0.475000,16.130000,-21.725000,-12.244000,26.220000
2.726,-0.085000,-0.853000,0.466000,14.992000,-14.168000,-14.725000,26.080000
2.737,-0.073000,-0.908000,0.466000,12.588000,-12.458000,-13.450000,26.180000
2.749,0.022000,-0.915000,0.453000,9.557000,7.427000,-9.328000,26.180000
2.756,-0.068000,-0.932000,0.335000,3.267000,-4.664000,-1.954000,26.130000
2.768,-0.165000,-0.975000,0.306000,-2.595000,-11.710000,8.580000,26.130000
2.776,-0.222000,-0.949000,0.345000,-1.893000,-15.588000,18.153000,26.130000
2.787,-0.279000,-0.906000,0.361000,-4.786000,-29.779000,27.038000,26.130000
2.799,-0.296000,-0.849000,0.413000,-6.099000,-41.183000,32.901000,26.130000
2.806,-0.244000,-0.802000,0.486000,-8.267000,-38.931000,33.160000,26.180000
2.818,-0.269000,-0.750000,0.520000,-12.107000,-33.145000,29.763000,26.180000
2.826,-0.291000,-0.689000,0.562000,-14.656000,-27.954000,25.641000,26.130000
2.837,-0.306000,-0.689000,0.584000,-18.702000,-15.221000,22.595000,26.130000
2.848,-0.314000,-0.683000,0.552000,-22.542000,5.290000,15.008000,26.220000
2.855,-0.318000,-0.763000,0.482000,-22.863000,22.198000,4.481000,26.180000
2.867,-0.352000,-0.803000,0.359000,-26.076000,29.641000,-7.878000,26.080000
2.880,-0.396000,-0.884000,0.291000,-21.031000,24.931000,-16.618000,26.180000
2.887,-0.351000,-0.908000,0.311000,-10.962000,22.504000,-19.000000,26.180000
2.898,-0.314000,-0.881000,0.286000,-5.374000,22.977000,-19.191000,26.130000
2.905,-0.296000,-0.878000,0.303000,0.687000,11.664000,-17.618000,26.220000
2.917,-0.212000,-0.875000,0.369000,1.748000,1.328000,-16.595000,26.130000
2.930,-0.147000,-0.890000,0.328000,-3.023000,-7.771000,-16.550000,26.180000
2.937,-0.125000,-0.936000,0.420000,-3.763000,-12.710000,-14.473000,26.270000
2.948,-0.110000,-0.896000,0.496000,-4.198000,-5.000000,-9.809000,26.180000
2.955,-0.087000,-0.795000,0.451000,-13.405000,4.527000,-7.000000,26.220000
2.967,-0.182000,-0.803000,0.441000,-21.511000,-1.420000,-4.328000,26.220000
2.980,-0.178000,-0.806000,0.407000,-29.702000,8.008000,-5.290000,26.220000
2.987,-0.189000,-0.853000,0.319000,-35.435000,6.458000,-8.206000,26.320000
2.998,-0.232000,-0.938000,0.318000,-33.580000,-1.221000,-7.137000,26.270000
3.005,-0.230000,-0.906000,0.339000,-27.725000,1.977000,-7.221000,26.180000
3.017,-0.195000,-0.848000,0.284000,-27.565000,1.008000,-8.336000,26.180000
3.030,-0.139000,-0.887000,0.255000,-29.656000,-3.374000,-10.405000,26.220000
3.037,-0.054000,-0.927000,0.293000,-26.870000,6.916000,-13.985000,26.320000
3.048,-0.027000,-0.948000,0.277000,-21.122000,17.290000,-14.153000,26.220000
3.055,-0.045000,-0.976000,0.218000,-20.748000,17.840000,-12.237000,26.220000
3.067,-0.134000,-1.028000,0.261000,-13.763000,17.634000,-5.153000,26.130000
3.079,-0.183000,-0.926000,0.325000,-10.771000,22.733000,3.824000,26.180000
3.087,-0.274000,-0.806000,0.363000,-17.275000,19.366000,10.702000,26.270000
3.098,-0.337000,-0.707000,0.433000,-26.229000,9.634000,12.565000,26.130000
3.105,-0.250000,-0.673000,0.471000,-34.817000,5.450000,7.229000,26.220000
3.117,-0.104000,-0.735000,0.333000,-46.954000,11.664000,-5.458000,26.220000
3.129,-0.048000,-0.877000,0.174000,-51.099000,7.328000,-18.153000,26.270000
3.135,-0.022000,-1.019000,0.102000,-43.519000,-2.313000,-17.641000,26.180000
3.148,0.023000,-1.073000,0.092000,-33.588000,-5.198000,-7.870000,26.180000
3.154,-0.023000,-1.135000,0.109000,-20.069000,-2.397000,6.305000,26.220000
3.167,-0.084000,-1.098000,0.201000,-7.107000,2.252000,22.145000,26.320000
3.179,-0.182000,-0.956000,0.373000,1.275000,14.168000,32.069000,26.320000
3.187,-0.187000,-0.753000,0.419000,-3.511000,20.298000,34.618000,26.270000
3.198,-0.119000,-0.746000,0.283000,-24.992000,17.695000,26.672000,26.270000
3.205,-0.163000,-0.914000,0.203000,-37.969000,12.595000,16.130000,26.270000
3.217,-0.104000,-1.039000,0.145000,-33.504000,9.534000,13.145000,26.270000
3.229,-0.009000,-1.110000,0.104000,-20.244000,17.290000,19.550000,26.320000
3.236,0.000000,-1.097000,0.184000,-2.099000,42.885000,31.511000,26.320000
3.248,-0.071000,-0.950000,0.343000,17.298000,77.122000,44.725000,26.130000
3.255,-0.218000,-0.801000,0.429000,29.137000,104.878000,50.489000,26.270000
3.267,-0.380000,-0.648000,0.357000,15.901000,111.542000,43.656000,26.270000
3.279,-0.612000,-0.657000,0.248000,-6.924000,86.527000,31.595000,26.180000
3.287,-0.709000,-0.712000,0.129000,-24.924000,47.863000,12.885000,26.320000
3.298,-0.673000,-0.810000,0.084000,-31.275000,6.626000,-1.427000,26.220000
3.305,-0.408000,-0.886000,0.115000,-26.511000,-9.863000,-9.496000,26.220000
3.317,-0.164000,-0.862000,0.222000,-13.137000,2.794000,-9.053000,26.410000
3.329,-0.055000,-0.859000,0.273000,-2.214000,23.099000,-1.069000,26.320000
3.338,-0.055000,-0.917000,0.216000,-1.702000,43.908000,4.252000,26.270000
3.348,-0.208000,-0.943000,0.122000,-1.695000,52.588000,4.267000,26.180000
3.355,-0.350000,-0.958000,0.033000,-6.275000,40.779000,2.206000,26.220000
3.368,-0.413000,-1.008000,0.021000,-8.626000,16.000000,0.313000,26.220000
3.379,-0.269000,-1.013000,0.097000,-2.092000,-3.603000,-1.046000,26.220000
3.387,-0.094000,-1.014000,0.233000,5.840000,-3.450000,1.885000,26.370000
3.399,0.068000,-0.959000,0.363000,16.939000,22.046000,6.076000,26.270000
3.406,0.094000,-0.833000,0.489000,23.824000,66.069000,10.733000,26.270000
3.418,-0.077000,-0.719000,0.476000,21.794000,93.450000,16.931000,26.220000
3.426,-0.318000,-0.724000,0.323000,9.718000,92.229000,20.458000,26.320000
3.438,-0.622000,-0.729000,0.180000,-4.420000,58.061000,18.534000,26.220000
3.449,-0.698000,-0.774000,0.117000,-17.977000,25.023000,22.313000,26.370000
3.456,-0.649000,-0.813000,0.064000,-22.282000,-14.969000,16.115000,26.270000
3.468,-0.445000,-0.822000,0.139000,-19.115000,-26.031000,3.878000,26.270000
3.476,-0.212000,-0.816000,0.251000,-10.496000,-17.565000,-5.840000,26.320000
3.487,-0.062000,-0.837000,0.333000,6.321000,22.603000,-12.740000,26.320000
3.499,-0.159000,-0.839000,0.305000,13.443000,56.771000,-12.718000,26.320000
3.505,-0.309000,-0.856000,0.166000,15.061000,68.725000,-16.763000,26.220000
3.518,-0.465000,-0.884000,0.071000,16.099000,60.817000,-23.023000,26.270000
3.526,-0.508000,-0.940000,0.017000,11.137000,32.870000,-20.702000,26.270000
3.537,-0.405000,-0.893000,0.083000,9.641000,15.336000,-16.443000,26.370000
3.549,-0.210000,-0.844000,0.249000,16.641000,16.420000,-7.885000,26.320000
3.556,-0.099000,-0.803000,0.418000,17.275000,38.947000,1.405000,26.320000
3.568,-0.200000,-0.737000,0.489000,18.519000,62.252000,6.550000,26.220000
3.576,-0.424000,-0.666000,0.452000,14.214000,75.015000,7.870000,26.320000
3.587,-0.685000,-0.656000,0.291000,-1.725000,60.229000,1.344000,26.370000
3.599,-0.835000,-0.659000,0.201000,-18.412000,29.885000,-10.168000,26.370000
3.606,-0.681000,-0.754000,0.163000,-25.145000,-1.107000,-27.992000,26.320000
3.618,-0.343000,-0.860000,0.220000,-22.450000,-10.198000,-38.313000,26.320000
3.626,-0.081000,-0.960000,0.264000,-13.008000,0.611000,-39.206000,26.410000
3.637,0.029000,-1.024000,0.301000,3.084000,25.229000,-31.214000,26.320000
3.649,-0.048000,-1.030000,0.292000,17.710000,48.221000,-17.168000,26.270000
3.655,-0.229000,-1.005000,0.227000,19.748000,61.962000,-6.603000,26.270000
3.668,-0.422000,-0.922000,0.174000,16.153000,63.290000,-6.832000,26.370000
3.676,-0.565000,-0.866000,0.143000,4.015000,43.099000,-11.313000,26.320000
3.687,-0.514000,-0.867000,0.109000,-9.740000,14.145000,-18.679000,26.320000
3.699,-0.357000,-0.864000,0.169000,-18.053000,2.611000,-22.885000,26.320000
3.705,-0.232000,-0.914000,0.231000,-17.053000,0.481000,-19.908000,26.370000
3.717,-0.135000,-0.966000,0.239000,-10.153000,14.824000,-10.832000,26.370000
3.726,-0.187000,-0.935000,0.245000,-4.000000,32.618000,-4.374000,26.370000
3.737,-0.361000,-0.913000,0.182000,-2.718000,38.641000,-1.809000,26.320000
3.749,-0.469000,-0.855000,0.102000,-6.840000,33.649000,-6.397000,26.410000
3.755,-0.545000,-0.835000,0.090000,-12.992000,24.313000,-16.718000,26.320000
3.767,-0.475000,-0.870000,0.063000,-17.435000,15.122000,-27.084000,26.370000
3.779,-0.308000,-0.938000,0.105000,-16.008000,10.916000,-32.237000,26.370000
3.787,-0.159000,-0.948000,0.219000,-2.275000,18.550000,-29.840000,26.370000
3.798,-0.162000,-0.917000,0.289000,7.336000,36.313000,-23.374000,26.410000
3.805,-0.264000,-0.874000,0.279000,10.328000,43.153000,-19.176000,26.510000
3.817,-0.355000,-0.815000,0.281000,7.351000,45.061000,-21.527000,26.510000
3.829,-0.396000,-0.805000,0.240000,-0.397000,40.603000,-28.679000,26.320000
3.838,-0.378000,-0.838000,0.167000,-12.412000,26.679000,-32.198000,26.460000
3.848,-0.305000,-0.880000,0.163000,-22.748000,17.962000,-30.824000,26.370000
3.854,-0.291000,-0.937000,0.102000,-31.153000,10.954000,-24.542000,26.410000
3.867,-0.283000,-1.035000,0.070000,-35.107000,-2.466000,-14.931000,26.410000
3.879,-0.248000,-1.042000,0.108000,-30.466000,-2.985000,-12.000000,26.320000
3.886,-0.180000,-0.998000,0.191000,-22.481000,5.481000,-13.099000,26.410000
3.898,-0.124000,-0.945000,0.220000,-16.244000,20.130000,-20.176000,26.370000
3.909,-0.133000,-0.926000,0.245000,-11.916000,31.878000,-28.649000,26.370000
3.916,-0.101000,-0.966000,0.235000,-9.649000,38.405000,-32.954000,26.370000
3.928,-0.123000,-1.041000,0.144000,-10.832000,39.985000,-28.855000,26.320000
3.936,-0.194000,-1.041000,0.053000,-14.366000,34.366000,-19.519000,26.410000
3.947,-0.278000,-1.035000,-0.001000,-21.832000,29.565000,-11.939000,26.410000
3.959,-0.374000,-1.028000,-0.069000,-27.550000,17.084000,-8.504000,26.370000
3.965,-0.347000,-1.025000,-0.075000,-29.130000,6.427000,-10.405000,26.370000
3.977,-0.182000,-1.004000,-0.042000,-18.252000,8.855000,-17.817000,26.370000
3.990,-0.102000,-0.929000,0.137000,-4.595000,23.107000,-22.656000,26.370000
3.996,-0.118000,-0.976000,0.162000,5.321000,28.771000,-22.786000,26.410000
4.008,-0.164000,-0.985000,0.143000,5.092000,28.435000,-22.435000,26.410000
4.015,-0.308000,-0.927000,0.125000,0.534000,23.115000,-21.939000,26.410000
4.029,-0.303000,-0.901000,0.088000,-10.679000,9.710000,-20.244000,26.370000
4.040,-0.226000,-0.877000,0.090000,-20.275000,6.695000,-20.580000,26.460000
4.047,-0.152000,-0.866000,0.112000,-21.992000,9.679000,-19.412000,26.460000
4.058,-0.086000,-0.922000,0.077000,-19.626000,17.267000,-19.305000,26.320000
4.065,-0.129000,-0.973000,0.052000,-10.282000,22.763000,-20.565000,26.410000
4.079,-0.193000,-0.977000,0.058000,-2.084000,24.985000,-21.611000,26.410000
4.089,-0.297000,-0.933000,0.056000,-1.107000,25.893000,-25.901000,26.410000
4.097,-0.288000,-0.930000,0.084000,1.069000,26.634000,-32.824000,26.460000
4.108,-0.131000,-0.916000,0.150000,1.878000,31.427000,-39.580000,26.370000
4.115,-0.047000,-0.932000,0.168000,0.183000,38.061000,-39.534000,26.460000
4.129,-0.035000,-1.018000,0.076000,-4.344000,44.305000,-34.817000,26.410000
4.139,-0.095000,-1.078000,0.000000,-6.939000,39.618000,-24.099000,26.320000
4.146,-0.244000,-1.059000,-0.042000,-8.969000,24.115000,-12.847000,26.410000
4.158,-0.311000,-1.013000,-0.055000,-11.893000,11.649000,-8.031000,26.550000
4.170,-0.323000,-0.957000,-0.021000,-10.702000,10.107000,-12.504000,26.460000
4.177,-0.281000,-0.883000,0.051000,-6.656000,12.412000,-22.511000,26.370000
4.189,-0.186000,-0.878000,0.062000,-6.252000,16.412000,-32.626000,26.410000
4.197,-0.107000,-0.907000,0.058000,-6.412000,17.985000,-36.351000,26.510000
4.207,-0.033000,-1.025000,0.043000,-4.405000,25.221000,-30.977000,26.510000
4.220,-0.051000,-1.067000,0.024000,0.290000,22.710000,-28.740000,26.410000
4.227,-0.068000,-1.123000,-0.018000,2.435000,20.969000,-24.840000,26.370000
4.238,-0.066000,-1.096000,-0.023000,5.588000,17.832000,-19.588000,26.460000
4.245,-0.033000,-1.045000,-0.009000,10.748000,21.290000,-16.565000,26.460000
4.257,-0.002000,-1.012000,0.038000,17.260000,26.130000,-12.947000,26.410000
4.269,0.007000,-0.935000,0.103000,22.344000,33.580000,-11.542000,26.510000
4.277,-0.106000,-0.886000,0.114000,20.641000,37.305000,-11.366000,26.410000
4.288,-0.264000,-0.899000,0.048000,10.397000,33.115000,-15.244000,26.460000
4.295,-0.280000,-0.917000,-0.016000,-1.656000,22.328000,-21.282000,26.460000
4.307,-0.185000,-1.000000,-0.039000,-6.443000,8.321000,-26.115000,26.550000
4.319,0.008000,-1.031000,-0.051000,-8.733000,5.328000,-24.130000,26.550000
4.326,0.123000,-1.038000,-0.022000,-2.405000,9.069000,-20.786000,26.510000
4.338,0.132000,-1.070000,0.014000,8.885000,13.908000,-10.176000,26.510000
4.346,0.069000,-1.044000,0.048000,19.985000,24.405000,-4.611000,26.510000
4.357,-0.092000,-1.017000,0.044000,20.962000,32.466000,-4.290000,26.410000
4.369,-0.282000,-0.951000,0.016000,11.252000,22.786000,-9.931000,26.460000
4.377,-0.299000,-0.978000,-0.038000,-0.061000,6.641000,-13.038000,26.460000
4.388,-0.189000,-0.978000,-0.035000,-4.489000,-2.565000,-15.962000,26.460000
4.395,-0.060000,-1.004000,-0.030000,-4.511000,-0.641000,-14.069000,26.510000
4.407,0.046000,-1.072000,-0.011000,7.802000,4.229000,-11.832000,26.410000
4.419,0.049000,-1.076000,0.043000,24.954000,20.229000,-8.885000,26.510000
4.427,-0.055000,-1.034000,0.088000,35.298000,28.771000,-8.305000,26.460000
4.439,-0.154000,-0.991000,0.121000,33.771000,24.328000,-8.397000,26.460000
4.446,-0.222000,-0.929000,0.186000,24.954000,19.847000,-12.237000,26.460000
4.457,-0.156000,-0.926000,0.206000,14.198000,15.595000,-15.634000,26.510000
4.469,-0.066000,-0.920000,0.226000,4.748000,18.405000,-16.809000,26.410000
4.477,-0.017000,-0.932000,0.208000,0.405000,23.351000,-14.344000,26.510000
4.488,-0.002000,-0.945000,0.176000,-0.183000,26.901000,-9.954000,26.510000
4.496,-0.049000,-0.907000,0.169000,2.527000,30.611000,-7.496000,26.460000
4.507,-0.069000,-0.859000,0.156000,-1.321000,36.397000,-8.275000,26.550000
4.519,-0.102000,-0.853000,0.139000,-6.947000,36.427000,-13.122000,26.550000
4.527,-0.107000,-0.855000,0.129000,-11.252000,35.328000,-15.687000,26.510000
4.538,-0.090000,-0.906000,0.049000,-17.221000,31.122000,-15.832000,26.510000
4.545,-0.070000,-0.982000,0.018000,-14.298000,23.725000,-13.099000,26.410000
4.557,-0.081000,-1.015000,0.001000,-10.664000,23.031000,-8.053000,26.460000
4.569,-0.092000,-1.054000,-0.048000,-2.947000,21.344000,-6.878000,26.460000
4.576,-0.086000,-1.013000,-0.015000,4.595000,21.237000,-8.344000,26.550000
4.588,-0.092000,-0.987000,-0.010000,8.641000,25.099000,-12.313000,26.510000
4.595,-0.053000,-0.973000,0.003000,8.924000,23.702000,-16.298000,26.510000
4.607,-0.015000,-0.944000,0.055000,8.145000,21.038000,-14.786000,26.510000
4.619,0.004000,-0.951000,0.084000,4.221000,21.084000,-11.313000,26.510000
4.626,-0.048000,-0.993000,0.064000,-3.718000,16.847000,-6.351000,26.510000
4.638,-0.146000,-1.013000,0.006000,-7.412000,9.313000,-6.389000,26.460000
4.645,-0.168000,-1.051000,-0.064000,-11.015000,0.420000,-10.366000,26.550000
4.657,-0.044000,-1.110000,-0.083000,-7.450000,-1.725000,-15.748000,26.510000
4.669,0.071000,-1.123000,-0.010000,0.397000,6.466000,-19.061000,26.510000
4.676,0.128000,-1.097000,0.046000,10.397000,22.069000,-17.870000,26.510000
4.689,0.087000,-1.050000,0.109000,18.542000,33.786000,-11.603000,26.550000
4.695,-0.001000,-0.962000,0.168000,19.328000,36.863000,-4.313000,26.550000
4.707,-0.108000,-0.937000,0.130000,13.664000,29.084000,2.084000,26.550000
4.720,-0.155000,-0.888000,0.096000,2.435000,19.191000,4.863000,26.510000
4.727,-0.120000,-0.898000,0.093000,-4.634000,7.397000,5.847000,26.510000
4.739,-0.043000,-0.911000,0.129000,-8.809000,1.695000,6.359000,26.600000
4.746,0.044000,-0.966000,0.135000,-10.626000,13.679000,10.466000,26.600000
4.758,0.073000,-0.992000,0.133000,-3.084000,17.237000,10.527000,26.650000
4.765,0.031000,-1.000000,0.115000,-0.626000,28.634000,12.954000,26.550000
4.777,-0.067000,-0.971000,0.085000,-0.252000,25.908000,15.870000,26.550000
4.790,-0.175000,-0.919000,0.040000,-8.046000,15.427000,15.115000,26.600000
4.796,-0.193000,-0.976000,-0.065000,-17.176000,-2.733000,13.176000,26.510000
4.808,-0.122000,-0.997000,-0.026000,-16.076000,-18.618000,10.603000,26.510000
4.814,0.005000,-1.044000,0.019000,-10.534000,-18.221000,11.511000,26.650000
4.827,0.170000,-1.077000,0.054000,-0.328000,-14.672000,12.855000,26.550000
4.840,0.184000,-1.061000,0.073000,8.183000,0.992000,16.679000,26.550000
4.847,0.116000,-1.006000,0.070000,15.305000,19.191000,22.557000,26.650000
4.858,-0.078000,-0.935000,-0.010000,10.000000,28.099000,26.153000,26.510000
4.865,-0.340000,-0.868000,-0.103000,1.695000,12.298000,27.588000,26.510000
4.877,-0.453000,-0.887000,-0.146000,-8.061000,-6.466000,23.573000,26.510000
4.889,-0.409000,-0.971000,-0.156000,-8.023000,-36.191000,19.015000,26.690000
4.897,-0.166000,-1.032000,-0.094000,0.908000,-32.573000,7.122000,26.550000
4.908,-0.067000,-1.083000,0.016000,18.038000,-13.053000,-2.031000,26.550000
4.915,-0.007000,-1.085000,0.062000,35.450000,13.580000,-9.878000,26.600000
4.927,-0.029000,-1.019000,0.104000,44.527000,27.710000,-12.466000,26.600000
4.939,-0.051000,-0.938000,0.171000,44.168000,31.634000,-12.809000,26.600000
4.946,-0.062000,-0.932000,0.209000,37.878000,27.756000,-8.527000,26.650000
4.958,-0.055000,-0.921000,0.236000,31.374000,17.786000,3.679000,26.550000
4.965,-0.038000,-0.961000,0.227000,20.611000,3.611000,20.366000,26.550000
4.977,0.019000,-1.009000,0.228000,9.221000,-9.031000,36.389000,26.650000
4.990,0.018000,-1.019000,0.239000,3.107000,-17.916000,46.550000,26.600000
4.996,0.021000,-1.023000,0.187000,-1.641000,-15.351000,51.931000,26.600000
5.009,-0.016000,-1.014000,0.173000,-3.626000,-3.466000,48.916000,26.600000
5.015,-0.115000,-1.024000,0.136000,-1.618000,3.809000,45.366000,26.650000
5.029,-0.151000,-1.059000,0.080000,1.130000,5.122000,35.847000,26.650000
5.036,-0.193000,-1.057000,0.094000,4.511000,3.947000,22.260000,26.650000
5.047,-0.176000,-1.055000,0.105000,7.214000,-0.237000,10.443000,26.600000
5.059,-0.138000,-1.050000,0.136000,7.115000,-5.588000,2.840000,26.600000
5.068,-0.207000,-1.014000,0.168000,0.237000,-15.870000,9.069000,26.690000
5.078,-0.299000,-1.034000,0.085000,-13.450000,-28.206000,17.466000,26.600000
5.087,-0.334000,-1.052000,0.078000,-23.099000,-39.229000,21.733000,26.650000
5.097,-0.273000,-1.102000,0.133000,-24.214000,-42.939000,20.817000,26.650000
5.109,-0.138000,-1.139000,0.162000,-16.458000,-39.137000,10.672000,26.550000
5.116,-0.060000,-1.121000,0.262000,-3.863000,-13.374000,-6.679000,26.690000
5.129,-0.083000,-1.038000,0.298000,4.260000,3.641000,-18.092000,26.600000
5.136,-0.132000,-0.957000,0.257000,0.008000,11.221000,-28.855000,26.600000
5.147,-0.214000,-0.896000,0.236000,-15.672000,11.198000,-37.908000,26.690000
5.159,-0.315000,-0.953000,0.134000,-31.328000,-1.702000,-35.511000,26.690000
5.165,-0.300000,-1.078000,0.007000,-40.710000,-23.092000,-28.603000,26.550000
5.177,-0.153000,-1.176000,-0.033000,-39.435000,-33.389000,-20.748000,26.650000
5.189,0.006000,-1.261000,-0.016000,-31.718000,-30.725000,-9.954000,26.690000
5.196,0.105000,-1.296000,0.029000,-16.992000,-20.618000,-1.603000,26.600000
5.208,0.108000,-1.258000,0.074000,-3.603000,-2.779000,0.344000,26.690000
5.215,0.030000,-1.241000,0.033000,1.099000,6.908000,3.626000,26.650000
5.229,-0.040000,-1.166000,0.074000,5.336000,8.015000,2.832000,26.550000
5.235,-0.094000,-1.027000,0.118000,2.893000,7.412000,-1.069000,26.650000
5.248,-0.050000,-0.940000,0.163000,-5.382000,10.664000,-8.023000,26.690000
5.259,-0.011000,-0.897000,0.208000,-16.847000,7.481000,-17.046000,26.690000
5.266,-0.005000,-0.930000,0.199000,-26.664000,1.000000,-14.198000,26.600000
5.279,-0.042000,-0.993000,0.142000,-33.221000,-7.809000,-9.328000,26.740000
5.286,-0.123000,-1.023000,0.112000,-31.359000,-15.824000,1.191000,26.650000
5.298,-0.168000,-1.002000,0.059000,-29.756000,-16.382000,9.298000,26.650000
5.309,-0.206000,-1.010000,0.032000,-25.405000,-15.046000,12.656000,26.690000
5.315,-0.187000,-1.009000,0.031000,-17.313000,-17.382000,11.252000,26.690000
5.328,-0.197000,-1.009000,-0.003000,-13.687000,-21.679000,9.099000,26.600000
5.340,-0.238000,-0.979000,0.041000,-13.176000,-39.053000,9.863000,26.740000
5.346,-0.238000,-0.920000,-0.010000,-24.489000,-65.053000,14.603000,26.740000
5.358,-0.206000,-0.940000,-0.009000,-29.672000,-65.672000,12.298000,26.650000
5.364,-0.119000,-1.019000,-0.006000,-25.405000,-51.519000,9.656000,26.650000
5.378,-0.026000,-1.062000,0.009000,-14.725000,-27.733000,9.221000,26.600000
5.389,0.005000,-1.063000,0.050000,1.534000,-3.534000,7.481000,26.790000
5.396,-0.073000,-1.001000,0.027000,9.817000,12.885000,3.710000,26.790000
5.408,-0.177000,-0.987000,0.036000,11.137000,11.679000,-1.069000,26.690000
5.415,-0.132000,-1.056000,0.155000,17.611000,12.977000,-2.924000,26.740000
5.429,-0.040000,-1.057000,0.245000,21.908000,28.550000,-8.397000,26.740000
5.440,-0.099000,-0.959000,0.243000,12.443000,48.611000,-16.809000,26.790000
5.446,-0.284000,-0.938000,0.142000,-3.046000,40.779000,-12.214000,26.690000
5.458,-0.293000,-0.973000,0.031000,-10.237000,14.092000,-1.893000,26.690000
5.465,-0.062000,-1.026000,0.006000,-14.427000,1.916000,5.672000,26.740000
5.479,0.111000,-1.061000,-0.027000,-9.305000,2.069000,11.511000,26.740000
5.490,0.096000,-1.041000,-0.097000,-5.901000,0.855000,17.916000,26.650000
5.497,0.040000,-1.042000,-0.216000,1.420000,-1.267000,22.779000,26.690000
5.509,-0.023000,-1.017000,-0.236000,8.893000,-10.824000,29.382000,26.790000
5.515,0.020000,-1.047000,-0.250000,14.122000,-13.145000,32.809000,26.790000
5.529,0.019000,-1.127000,-0.179000,24.046000,-14.275000,30.313000,26.650000
5.540,-0.102000,-1.131000,-0.114000,34.244000,-8.573000,27.145000,26.650000
5.547,-0.222000,-1.030000,-0.038000,40.817000,-0.931000,22.634000,26.740000
5.558,-0.294000,-0.936000,0.051000,38.534000,-1.351000,18.740000,26.690000
5.565,-0.334000,-0.865000,0.120000,27.840000,-5.473000,12.725000,26.790000
5.578,-0.313000,-0.832000,0.164000,13.855000,-5.023000,3.771000,26.790000
5.586,-0.342000,-0.889000,0.131000,5.573000,-11.565000,-3.656000,26.740000
5.598,-0.227000,-0.979000,0.150000,8.710000,-8.206000,-12.489000,26.740000
5.609,-0.083000,-1.098000,0.176000,17.832000,8.985000,-20.863000,26.650000
5.615,-0.059000,-1.117000,0.184000,28.565000,28.870000,-26.679000,26.790000
5.629,-0.082000,-1.008000,0.149000,28.740000,37.221000,-29.099000,26.790000
5.640,-0.151000,-0.953000,0.094000,20.076000,28.359000,-27.824000,26.790000
5.647,-0.154000,-0.905000,0.061000,4.985000,10.603000,-27.786000,26.690000
5.658,-0.156000,-0.922000,0.030000,-6.687000,-8.176000,-26.198000,26.650000
5.665,-0.102000,-0.964000,0.018000,-13.786000,-28.084000,-23.214000,26.740000
5.677,-0.002000,-1.076000,0.021000,-10.115000,-29.031000,-17.985000,26.690000
5.689,0.082000,-1.122000,0.073000,-0.626000,-14.405000,-11.397000,26.790000
5.697,0.068000,-1.135000,0.089000,8.496000,2.038000,0.664000,26.790000
5.709,-0.017000,-1.105000,0.084000,17.908000,18.076000,13.870000,26.790000
5.715,-0.109000,-1.043000,0.053000,21.412000,21.305000,26.176000,26.650000
5.729,-0.243000,-0.932000,0.023000,17.069000,16.092000,29.779000,26.740000
5.735,-0.341000,-0.850000,0.010000,8.321000,8.206000,24.191000,26.650000
5.747,-0.407000,-0.805000,-0.040000,-3.840000,-12.443000,14.214000,26.690000
5.759,-0.378000,-0.824000,-0.075000,-14.015000,-35.679000,2.153000,26.790000
5.765,-0.268000,-0.941000,-0.092000,-18.595000,-54.420000,-2.412000,26.790000
5.777,-0.126000,-1.105000,-0.013000,-6.649000,-53.664000,-1.321000,26.740000
5.789,0.015000,-1.152000,0.068000,8.557000,-26.626000,-5.321000,26.930000
5.796,0.038000,-1.114000,0.134000,20.985000,7.244000,-12.992000,26.740000
5.808,-0.028000,-1.074000,0.140000,30.206000,28.916000,-14.687000,26.690000
5.815,-0.115000,-1.028000,0.151000,32.420000,36.687000,-17.939000,26.790000
5.827,-0.182000,-0.944000,0.156000,23.878000,35.710000,-19.176000,26.790000
5.839,-0.243000,-0.907000,0.130000,13.878000,18.450000,-16.779000,26.740000
5.847,-0.233000,-0.871000,0.121000,0.405000,-5.076000,-17.977000,26.840000
5.858,-0.175000,-0.873000,0.096000,-15.008000,-27.244000,-20.260000,26.650000
5.864,-0.083000,-0.989000,0.113000,-19.046000,-39.321000,-19.550000,26.690000
5.878,0.040000,-1.066000,0.143000,-15.023000,-32.176000,-23.099000,26.790000
5.889,0.114000,-1.090000,0.172000,-6.718000,-18.641000,-27.053000,26.790000
5.896,0.121000,-1.100000,0.154000,0.824000,-6.344000,-23.321000,26.790000
5.908,0.083000,-1.083000,0.158000,13.359000,-6.443000,-19.290000,26.840000
5.914,0.083000,-1.016000,0.154000,10.557000,-0.916000,-12.947000,26.740000
5.927,0.018000,-0.962000,0.145000,-0.115000,4.061000,-4.885000,26.790000
5.940,-0.065000,-0.932000,0.124000,-10.260000,-2.618000,0.481000,26.790000
5.947,-0.100000,-0.908000,0.107000,-18.466000,-17.962000,5.702000,26.790000
5.958,-0.086000,-0.955000,0.116000,-22.679000,-30.618000,8.847000,26.840000
5.964,-0.032000,-0.959000,0.130000,-25.183000,-34.397000,5.924000,26.840000
5.978,-0.001000,-1.001000,0.124000,-24.107000,-31.351000,5.244000,26.840000
5.989,0.017000,-1.014000,0.118000,-19.366000,-23.992000,6.389000,26.790000
5.996,0.024000,-1.034000,0.120000,-13.710000,-15.565000,5.969000,26.880000
6.008,-0.013000,-1.016000,0.116000,-12.427000,-11.214000,5.351000,26.790000
6.014,-0.102000,-1.011000,0.090000,-12.527000,-10.992000,7.481000,26.840000
6.027,-0.168000,-0.999000,0.093000,-10.977000,-19.893000,10.221000,26.840000
6.038,-0.146000,-0.970000,0.095000,-12.718000,-24.656000,8.092000,26.840000
6.046,-0.100000,-0.948000,0.103000,-13.992000,-24.122000,3.626000,26.880000
6.057,-0.043000,-0.972000,0.111000,-12.702000,-24.191000,1.481000,26.790000
6.070,0.006000,-0.985000,0.111000,-11.763000,-18.458000,0.733000,26.790000
6.078,0.011000,-1.005000,0.092000,-7.740000,-12.542000,2.443000,26.880000
6.089,-0.007000,-1.031000,0.068000,-4.260000,-10.229000,6.015000,26.840000
6.096,-0.002000,-1.009000,0.055000,-1.046000,-7.389000,6.718000,26.740000
6.108,-0.007000,-0.993000,0.067000,1.511000,-1.267000,6.359000,26.840000
6.115,-0.002000,-0.980000,0.052000,2.786000,0.374000,5.771000,26.790000
6.129,-0.013000,-0.974000,0.041000,1.832000,1.420000,4.542000,26.880000
6.136,-0.042000,-0.977000,0.033000,1.771000,-2.031000,8.992000,26.790000
6.147,-0.055000,-0.981000,0.025000,2.313000,-4.282000,12.748000,26.790000
6.159,-0.056000,-0.961000,0.021000,1.977000,-5.282000,15.115000,26.840000
6.166,-0.075000,-0.985000,0.025000,4.885000,-8.466000,16.305000,26.840000
6.180,-0.061000,-1.016000,0.030000,8.282000,-8.931000,15.420000,26.880000
6.186,-0.046000,-1.009000,0.051000,12.710000,1.344000,10.687000,26.880000
6.198,-0.107000,-0.992000,0.031000,12.573000,4.847000,7.290000,26.880000
6.203,-0.173000,-0.978000,0.031000,13.344000,4.252000,6.122000,26.790000
6.220,-0.179000,-0.959000,0.026000,12.893000,-7.092000,4.038000,26.840000
6.231,-0.155000,-0.959000,0.049000,8.191000,-18.962000,-2.580000,26.840000
6.237,-0.148000,-1.007000,0.074000,7.473000,-26.420000,-6.733000,26.840000
6.248,-0.097000,-1.007000,0.133000,13.214000,-17.466000,-11.168000,26.880000
6.254,-0.064000,-1.017000,0.158000,16.802000,-7.939000,-13.954000,26.880000
6.266,-0.058000,-1.000000,0.181000,16.702000,-0.809000,-14.519000,26.880000
6.280,-0.083000,-0.989000,0.171000,15.053000,-0.023000,-10.519000,26.840000
6.287,-0.078000,-0.989000,0.170000,14.870000,-4.618000,-7.176000,26.930000
6.298,-0.056000,-0.985000,0.178000,9.763000,-2.931000,-3.214000,26.930000
6.304,-0.035000,-0.977000,0.178000,6.672000,1.466000,-3.374000,26.880000
6.317,-0.066000,-0.981000,0.137000,3.115000,-0.153000,-1.168000,26.880000
6.330,-0.083000,-0.987000,0.119000,1.824000,-3.420000,1.092000,26.790000
6.337,-0.062000,-1.006000,0.118000,2.107000,-6.588000,1.046000,26.840000
6.349,-0.048000,-1.025000,0.113000,4.473000,-11.000000,-2.023000,26.840000
6.355,-0.043000,-1.014000,0.114000,5.740000,-9.473000,-4.947000,26.840000
6.368,-0.029000,-1.004000,0.124000,8.649000,-6.679000,-6.779000,26.880000
6.376,-0.031000,-0.991000,0.128000,8.473000,-5.443000,-7.557000,26.980000
6.389,-0.025000,-0.977000,0.127000,9.130000,-6.847000,-6.702000,26.880000
6.399,-0.012000,-0.975000,0.135000,8.092000,-6.947000,-4.031000,26.980000
6.406,0.002000,-0.977000,0.125000,8.725000,-9.107000,-0.389000,26.840000
6.418,0.002000,-0.969000,0.121000,7.313000,-6.328000,3.183000,26.930000
6.425,-0.026000,-0.974000,0.103000,6.870000,-7.496000,7.427000,26.980000
6.437,-0.068000,-0.970000,0.078000,6.336000,-8.870000,10.496000,26.880000
6.445,-0.079000,-0.962000,0.072000,6.878000,-9.786000,11.489000,26.880000
6.457,-0.059000,-0.954000,0.067000,6.771000,-7.504000,8.443000,26.880000
6.469,-0.067000,-0.986000,0.059000,7.809000,-5.427000,4.855000,26.740000
6.477,-0.085000,-0.983000,0.055000,9.931000,-4.076000,3.504000,26.930000
6.488,-0.088000,-0.975000,0.050000,11.740000,-0.740000,1.656000,27.020000
6.496,-0.106000,-0.980000,0.052000,12.611000,-0.885000,0.420000,26.980000
6.508,-0.111000,-0.984000,0.064000,14.137000,-3.832000,-0.313000,26.980000
6.513,-0.088000,-0.984000,0.084000,15.145000,-5.412000,-2.504000,26.880000
6.527,-0.076000,-0.999000,0.104000,15.221000,-5.008000,-4.527000,26.930000
6.539,-0.064000,-0.984000,0.122000,16.130000,-5.504000,-4.985000,26.930000
6.546,-0.043000,-0.988000,0.135000,15.916000,-1.740000,-2.916000,26.930000
6.558,-0.015000,-0.992000,0.153000,15.115000,5.084000,-2.084000,26.980000
6.564,-0.039000,-0.999000,0.153000,14.191000,10.901000,-1.023000,26.790000
6.578,-0.085000,-1.016000,0.149000,14.412000,11.840000,0.176000,26.980000
6.589,-0.124000,-1.001000,0.157000,14.153000,7.107000,1.084000,26.930000
6.596,-0.139000,-0.981000,0.165000,14.489000,-0.885000,0.328000,26.930000
6.608,-0.122000,-0.960000,0.177000,12.885000,-7.275000,-0.634000,26.930000
6.615,-0.097000,-0.954000,0.186000,11.504000,-9.099000,-1.748000,26.880000
6.628,-0.064000,-0.964000,0.197000,9.740000,-5.176000,-3.931000,26.980000
6.634,-0.026000,-0.977000,0.211000,8.603000,1.374000,-5.580000,26.980000
6.647,-0.023000,-0.984000,0.197000,8.076000,6.634000,-5.053000,26.880000
6.659,-0.026000,-0.993000,0.184000,8.290000,8.817000,-2.580000,26.880000
6.666,-0.039000,-1.000000,0.172000,8.550000,9.435000,-0.489000,26.930000
6.680,-0.042000,-0.995000,0.177000,8.718000,9.267000,0.679000,26.880000
6.686,-0.040000,-0.988000,0.170000,8.267000,8.634000,-0.214000,26.980000
6.698,-0.054000,-0.990000,0.177000,7.580000,6.947000,-0.565000,26.880000
6.705,-0.053000,-0.963000,0.168000,6.855000,3.817000,0.695000,26.880000
6.717,-0.048000,-0.968000,0.168000,6.397000,-0.267000,2.450000,26.930000
6.730,-0.031000,-0.973000,0.182000,5.351000,-3.534000,1.405000,27.020000
6.737,-0.039000,-0.992000,0.180000,5.366000,0.420000,1.053000,26.930000
6.749,-0.039000,-0.984000,0.178000,7.740000,1.183000,1.954000,26.980000
6.756,-0.046000,-0.987000,0.165000,8.832000,2.076000,1.908000,26.980000
6.769,-0.046000,-0.963000,0.167000,8.679000,2.824000,0.634000,26.980000
6.777,-0.067000,-0.951000,0.155000,7.626000,2.405000,0.328000,27.020000
6.790,-0.081000,-0.953000,0.148000,6.260000,-0.198000,1.137000,26.930000
6.796,-0.082000,-0.971000,0.138000,6.588000,-2.908000,1.527000,26.930000
6.807,-0.067000,-0.979000,0.138000,7.008000,-5.229000,0.275000,26.880000
6.820,-0.049000,-0.981000,0.161000,7.122000,-6.099000,-3.649000,26.980000
6.828,-0.043000,-0.984000,0.165000,6.573000,-2.313000,-6.672000,26.980000
6.840,-0.052000,-0.989000,0.174000,7.542000,0.580000,-6.130000,26.930000
6.846,-0.042000,-0.984000,0.183000,7.580000,4.595000,-5.939000,26.930000
6.858,-0.042000,-0.982000,0.191000,7.389000,6.313000,-4.053000,26.930000
6.865,-0.061000,-0.976000,0.192000,6.198000,4.588000,-3.008000,26.880000
6.878,-0.062000,-0.950000,0.196000,4.183000,1.847000,-2.595000,26.980000
6.886,-0.076000,-0.959000,0.187000,2.702000,-1.924000,-2.496000,26.980000
6.897,-0.063000,-0.975000,0.186000,2.489000,-5.916000,-3.206000,26.880000
6.909,-0.042000,-0.986000,0.192000,3.275000,-6.969000,-3.374000,27.070000
6.916,-0.019000,-0.984000,0.201000,4.863000,-5.580000,-3.374000,27.020000
6.930,0.018000,-0.979000,0.211000,5.115000,-3.466000,-3.351000,26.930000
6.936,0.021000,-0.977000,0.209000,5.366000,1.573000,-2.244000,26.980000
6.948,0.005000,-0.978000,0.200000,5.817000,5.595000,0.023000,26.980000
6.955,-0.034000,-0.974000,0.202000,5.878000,7.901000,1.634000,26.980000
6.967,-0.060000,-0.958000,0.197000,5.443000,6.733000,2.878000,26.930000
6.980,-0.074000,-0.945000,0.204000,4.466000,3.809000,2.053000,27.020000
6.989,-0.073000,-0.947000,0.198000,2.931000,0.817000,0.321000,27.020000
6.999,-0.056000,-0.948000,0.199000,2.076000,0.458000,-1.519000,26.980000
7.006,-0.042000,-0.957000,0.197000,2.008000,0.466000,-1.641000,26.980000
7.018,-0.025000,-0.963000,0.180000,2.168000,1.214000,-0.901000,26.980000
7.026,-0.022000,-0.979000,0.177000,4.115000,4.305000,-0.168000,26.980000
7.039,-0.023000,-0.987000,0.175000,6.382000,5.817000,0.237000,26.930000
7.046,-0.042000,-0.989000,0.176000,8.092000,4.641000,-1.084000,27.020000
7.057,-0.047000,-0.981000,0.187000,8.756000,5.908000,-3.084000,27.020000
7.070,-0.062000,-0.978000,0.191000,9.405000,6.298000,-4.893000,27.070000
7.077,-0.053000,-0.970000,0.197000,8.817000,4.389000,-5.351000,27.070000
7.089,-0.045000,-0.955000,0.210000,7.412000,2.870000,-5.672000,26.980000
7.096,-0.040000,-0.961000,0.218000,6.511000,1.336000,-4.168000,27.120000
7.108,-0.027000,-0.968000,0.220000,5.695000,0.351000,-3.076000,27.020000
7.115,-0.020000,-0.972000,0.226000,5.221000,1.985000,-2.229000,27.020000
7.128,-0.024000,-0.967000,0.227000,5.382000,4.786000,-0.855000,26.980000
7.136,-0.039000,-0.971000,0.223000,5.290000,5.237000,0.023000,26.980000
7.147,-0.064000,-0.975000,0.219000,6.160000,4.046000,0.824000,26.980000
7.159,-0.057000,-0.963000,0.218000,7.305000,1.137000,1.282000,27.170000
7.166,-0.041000,-0.949000,0.229000,6.985000,0.122000,-0.061000,27.020000
7.180,-0.032000,-0.940000,0.217000,5.809000,-1.840000,-0.489000,27.020000
7.186,-0.038000,-0.947000,0.218000,4.344000,-1.214000,-0.817000,27.070000
7.198,-0.044000,-0.949000,0.204000,4.305000,-0.275000,-0.870000,27.070000
7.205,-0.048000,-0.969000,0.198000,5.229000,-2.191000,-0.840000,26.980000
7.217,-0.014000,-0.967000,0.193000,5.160000,-0.076000,-1.588000,27.020000
7.230,-0.010000,-0.972000,0.188000,4.809000,2.031000,-1.595000,27.020000
7.236,-0.018000,-0.985000,0.188000,5.183000,2.351000,-1.000000,27.020000
7.249,-0.006000,-0.980000,0.193000,4.992000,2.344000,-2.496000,27.070000
7.255,-0.023000,-0.984000,0.196000,4.687000,1.420000,-2.176000,26.980000
7.268,-0.028000,-0.979000,0.214000,5.947000,3.130000,-1.870000,26.980000
7.276,-0.020000,-0.986000,0.221000,6.084000,5.878000,-2.481000,27.020000
7.289,-0.031000,-0.984000,0.231000,6.595000,6.916000,-2.435000,27.120000
7.300,-0.028000,-0.974000,0.244000,7.588000,6.412000,-2.252000,27.020000
7.306,-0.030000,-0.961000,0.244000,7.099000,6.977000,-2.191000,26.980000
7.319,-0.033000,-0.945000,0.240000,6.481000,7.557000,-1.107000,27.070000
7.327,-0.035000,-0.949000,0.232000,4.962000,7.351000,0.153000,26.980000
7.340,-0.053000,-0.958000,0.226000,4.496000,7.008000,1.718000,27.120000
7.346,-0.055000,-0.972000,0.216000,5.115000,6.168000,2.824000,27.120000
7.358,-0.059000,-0.974000,0.221000,6.527000,5.511000,1.641000,27.020000
7.365,-0.073000,-0.971000,0.226000,7.115000,4.870000,-0.191000,26.980000
7.378,-0.073000,-0.965000,0.233000,6.847000,4.832000,-2.008000,27.070000
7.390,-0.057000,-0.955000,0.252000,6.824000,5.618000,-2.779000,27.070000
7.396,-0.038000,-0.940000,0.256000,5.443000,7.664000,-3.504000,27.070000
7.423,-0.030000,-0.948000,0.248000,4.519000,9.725000,-3.351000,27.120000
7.423,-0.041000,-0.952000,0.238000,3.649000,8.893000,-2.084000,27.120000
