time_sec,ax,ay,az,gx,gy,gz,temp_c
0.017,0.038000,-0.715000,0.739000,-60.237000,-10.267000,37.542000,30.600000
0.017,-0.025000,-0.722000,0.710000,-55.290000,-11.198000,40.267000,30.650000
0.024,-0.053000,-0.713000,0.695000,-52.344000,-11.931000,36.779000,30.790000
0.036,-0.075000,-0.687000,0.665000,-51.786000,-10.763000,32.473000,30.690000
0.043,-0.084000,-0.684000,0.655000,-49.626000,-10.924000,29.580000,30.740000
0.055,-0.096000,-0.654000,0.637000,-46.962000,-12.863000,27.649000,30.740000
0.067,-0.078000,-0.630000,0.618000,-45.931000,-13.580000,25.809000,30.650000
0.073,-0.082000,-0.571000,0.615000,-50.069000,-7.275000,20.061000,30.690000
0.086,-0.109000,-0.553000,0.605000,-54.206000,-9.038000,20.061000,30.740000
0.094,-0.145000,-0.554000,0.574000,-61.763000,-15.969000,25.557000,30.690000
0.107,-0.172000,-0.562000,0.552000,-65.023000,-29.824000,32.031000,30.790000
0.118,-0.177000,-0.566000,0.527000,-68.565000,-37.672000,33.481000,30.550000
0.124,-0.176000,-0.612000,0.494000,-71.092000,-45.130000,35.168000,30.650000
0.136,-0.155000,-0.659000,0.475000,-68.374000,-49.183000,34.038000,30.690000
0.147,-0.150000,-0.684000,0.456000,-60.779000,-54.511000,31.214000,30.600000
0.154,-0.146000,-0.697000,0.433000,-56.557000,-58.947000,26.977000,30.740000
0.166,-0.118000,-0.708000,0.414000,-51.511000,-61.656000,20.565000,30.650000
0.173,-0.085000,-0.701000,0.405000,-48.328000,-61.489000,15.176000,30.600000
0.185,-0.075000,-0.691000,0.404000,-47.298000,-53.397000,8.450000,30.650000
0.193,-0.038000,-0.649000,0.410000,-54.244000,-46.588000,7.481000,30.650000
0.205,-0.069000,-0.665000,0.396000,-56.878000,-47.359000,15.260000,30.650000
0.216,-0.065000,-0.706000,0.390000,-54.496000,-54.924000,25.191000,30.690000
0.223,-0.047000,-0.719000,0.383000,-51.023000,-59.023000,21.137000,30.740000
0.236,0.003000,-0.785000,0.359000,-53.038000,-56.298000,15.359000,30.650000
0.243,0.062000,-0.853000,0.333000,-46.099000,-50.893000,15.260000,30.790000
0.254,0.138000,-0.881000,0.308000,-34.397000,-39.244000,12.366000,30.600000
0.266,0.141000,-0.841000,0.309000,-20.786000,-24.458000,15.427000,30.740000
0.273,0.020000,-0.833000,0.315000,-19.985000,-24.359000,23.374000,30.600000
0.285,-0.066000,-0.862000,0.293000,-22.947000,-38.786000,34.084000,30.690000
0.293,-0.066000,-0.880000,0.306000,-21.038000,-47.519000,39.389000,30.650000
0.304,0.018000,-0.922000,0.328000,-20.313000,-38.351000,34.473000,30.740000
0.316,0.133000,-0.982000,0.344000,-14.519000,-16.229000,22.603000,30.690000
0.323,0.198000,-0.997000,0.350000,-4.221000,12.756000,7.542000,30.690000
0.337,0.205000,-1.008000,0.347000,7.328000,42.611000,-7.130000,30.650000
0.343,0.173000,-0.978000,0.365000,17.160000,60.588000,-10.985000,30.740000
0.355,0.011000,-0.935000,0.382000,22.153000,54.336000,0.626000,30.690000
0.362,-0.142000,-0.887000,0.401000,24.153000,36.687000,4.626000,30.690000
0.375,-0.206000,-0.881000,0.453000,17.412000,16.252000,9.107000,30.740000
0.387,-0.161000,-0.900000,0.486000,13.763000,0.901000,6.832000,30.690000
0.394,-0.049000,-0.898000,0.505000,10.405000,-1.748000,-1.595000,30.600000
0.407,0.061000,-0.910000,0.511000,12.015000,0.382000,-7.061000,30.650000
0.413,0.150000,-0.894000,0.520000,14.870000,9.336000,-12.519000,30.650000
0.426,0.174000,-0.869000,0.513000,19.550000,21.718000,-17.840000,30.690000
0.434,0.148000,-0.889000,0.502000,17.176000,24.122000,-16.634000,30.600000
0.445,0.111000,-0.874000,0.502000,18.748000,18.550000,-13.725000,30.650000
0.457,0.033000,-0.817000,0.506000,13.115000,8.496000,-9.290000,30.740000
0.464,-0.006000,-0.806000,0.529000,6.977000,-9.053000,1.137000,30.690000
0.477,-0.040000,-0.782000,0.534000,0.840000,-31.267000,11.053000,30.740000
0.484,0.045000,-0.821000,0.519000,-3.099000,-41.687000,18.634000,30.740000
0.496,0.141000,-0.846000,0.520000,-2.618000,-41.641000,21.550000,30.740000
0.503,0.188000,-0.897000,0.516000,1.122000,-36.053000,25.267000,30.690000
0.515,0.167000,-0.919000,0.515000,4.992000,-26.458000,25.954000,30.650000
0.522,0.129000,-0.925000,0.519000,8.481000,-14.611000,24.840000,30.740000
0.535,0.054000,-0.914000,0.555000,10.046000,-4.092000,20.290000,30.690000
0.547,-0.007000,-0.884000,0.566000,10.176000,4.649000,15.137000,30.690000
0.554,-0.070000,-0.861000,0.594000,6.336000,2.679000,13.725000,30.740000
0.566,-0.094000,-0.846000,0.604000,3.992000,3.427000,11.099000,30.690000
0.573,-0.079000,-0.847000,0.616000,0.519000,1.649000,8.756000,30.690000
0.586,-0.043000,-0.851000,0.624000,-3.664000,1.939000,7.832000,30.740000
0.594,-0.049000,-0.888000,0.593000,-7.603000,-0.611000,9.008000,30.740000
0.605,-0.044000,-0.912000,0.583000,-7.969000,-2.496000,6.893000,30.690000
0.612,-0.030000,-0.936000,0.559000,-4.695000,-1.122000,2.298000,30.690000
0.625,0.044000,-0.906000,0.561000,-1.000000,7.275000,-6.748000,30.740000
0.637,0.057000,-0.881000,0.541000,-8.435000,26.992000,-19.863000,30.740000
0.644,-0.008000,-0.895000,0.514000,-12.374000,30.626000,-23.443000,30.690000
0.656,-0.062000,-0.925000,0.485000,-12.473000,22.664000,-23.122000,30.650000
0.662,-0.084000,-0.929000,0.476000,-11.336000,12.107000,-22.771000,30.650000
0.674,-0.094000,-0.926000,0.486000,-10.405000,-0.511000,-20.733000,30.690000
0.686,-0.074000,-0.910000,0.481000,-11.435000,-11.466000,-18.885000,30.740000
0.694,-0.029000,-0.906000,0.500000,-13.374000,-18.435000,-15.916000,30.650000
0.706,-0.029000,-0.925000,0.478000,-12.008000,-27.969000,-8.618000,30.690000
0.712,-0.022000,-0.965000,0.465000,-5.847000,-35.336000,-3.542000,30.690000
0.724,0.012000,-0.986000,0.482000,-1.214000,-34.962000,-2.450000,30.740000
0.736,0.055000,-0.979000,0.511000,-2.794000,-21.382000,-10.840000,30.690000
0.744,0.087000,-0.923000,0.544000,-5.168000,-0.466000,-25.115000,30.690000
0.756,0.057000,-0.871000,0.569000,-12.221000,8.328000,-29.863000,30.650000
0.762,-0.029000,-0.828000,0.578000,-12.366000,-0.351000,-24.053000,30.740000
0.774,-0.063000,-0.771000,0.598000,-21.176000,-10.466000,-16.496000,30.690000
0.787,-0.036000,-0.772000,0.609000,-31.718000,-20.405000,-11.053000,30.650000
0.794,-0.009000,-0.822000,0.595000,-39.511000,-27.947000,-7.137000,30.740000
0.805,0.034000,-0.866000,0.554000,-44.542000,-31.511000,-6.427000,30.690000
0.812,0.124000,-0.894000,0.523000,-47.473000,-23.427000,-12.313000,30.690000
0.824,0.176000,-0.913000,0.472000,-47.351000,-12.038000,-18.336000,30.650000
0.836,0.211000,-0.967000,0.395000,-43.374000,-2.695000,-22.496000,30.690000
0.844,0.236000,-0.966000,0.383000,-36.641000,2.992000,-21.160000,30.690000
0.855,0.176000,-0.972000,0.380000,-30.191000,2.038000,-15.443000,30.740000
0.862,0.091000,-0.948000,0.384000,-25.382000,-7.779000,-7.260000,30.690000
0.874,0.044000,-0.902000,0.411000,-24.817000,-21.206000,-1.328000,30.690000
0.887,0.023000,-0.880000,0.419000,-27.145000,-33.115000,-1.771000,30.740000
0.894,0.043000,-0.865000,0.429000,-30.611000,-44.115000,-4.176000,30.650000
0.906,0.085000,-0.883000,0.391000,-29.176000,-54.534000,-6.840000,30.600000
0.913,0.169000,-0.898000,0.368000,-28.504000,-61.580000,-5.878000,30.650000
0.925,0.293000,-0.923000,0.380000,-29.939000,-48.733000,-4.412000,30.650000
0.937,0.302000,-0.938000,0.348000,-26.092000,-30.847000,-11.618000,30.690000
0.945,0.272000,-0.983000,0.323000,-23.405000,-19.794000,-13.817000,30.740000
0.956,0.227000,-1.030000,0.305000,-18.336000,-13.702000,-14.427000,30.650000
0.962,0.187000,-1.015000,0.288000,-6.870000,-5.641000,-19.733000,30.690000
0.975,0.148000,-0.999000,0.334000,-4.588000,-2.573000,-22.450000,30.690000
0.988,0.102000,-0.957000,0.339000,-4.634000,-4.466000,-18.412000,30.740000
0.994,0.086000,-0.955000,0.334000,1.634000,-17.588000,-15.023000,30.690000
1.006,0.120000,-0.966000,0.364000,1.176000,-19.817000,-12.000000,30.690000
1.013,0.147000,-0.974000,0.378000,7.374000,-18.351000,-12.702000,30.740000
1.025,0.149000,-0.973000,0.374000,12.031000,-14.626000,-12.168000,30.650000
1.034,0.167000,-0.967000,0.360000,18.649000,-11.618000,-12.351000,30.740000
1.044,0.174000,-0.940000,0.341000,22.321000,-6.198000,-13.389000,30.690000
1.057,0.187000,-0.911000,0.351000,24.191000,4.977000,-18.641000,30.650000
1.063,0.187000,-0.893000,0.379000,26.053000,12.595000,-22.649000,30.690000
1.076,0.128000,-0.878000,0.399000,27.229000,14.069000,-22.397000,30.690000
1.083,0.077000,-0.854000,0.406000,27.206000,5.618000,-20.076000,30.740000
1.095,0.070000,-0.848000,0.403000,26.321000,-2.427000,-21.481000,30.650000
1.102,0.102000,-0.836000,0.406000,23.069000,-8.817000,-20.939000,30.690000
1.114,0.145000,-0.842000,0.391000,23.038000,-16.466000,-18.168000,30.690000
1.126,0.210000,-0.840000,0.400000,24.450000,-20.588000,-14.908000,30.740000
1.134,0.229000,-0.860000,0.409000,23.183000,-22.573000,-7.473000,30.600000
1.146,0.198000,-0.881000,0.413000,26.275000,-29.962000,0.191000,30.690000
1.153,0.226000,-0.870000,0.417000,30.847000,-33.298000,2.977000,30.740000
1.165,0.289000,-0.819000,0.465000,22.947000,-15.374000,-6.786000,30.740000
1.177,0.277000,-0.816000,0.481000,18.496000,-4.145000,-13.664000,30.740000
1.184,0.299000,-0.802000,0.483000,13.290000,6.504000,-16.412000,30.600000
1.196,0.246000,-0.797000,0.452000,15.153000,8.611000,-16.794000,30.650000
1.204,0.267000,-0.812000,0.483000,6.130000,11.534000,-13.160000,30.690000
1.216,0.241000,-0.831000,0.463000,5.710000,6.031000,-8.099000,30.600000
1.223,0.209000,-0.846000,0.460000,2.206000,-3.489000,-0.496000,30.650000
1.235,0.225000,-0.877000,0.441000,-4.160000,-7.046000,7.145000,30.740000
1.243,0.257000,-0.900000,0.385000,1.145000,-13.679000,11.779000,30.690000
1.255,0.306000,-0.890000,0.392000,1.290000,-5.145000,10.809000,30.600000
1.262,0.311000,-0.864000,0.396000,7.504000,4.962000,6.588000,30.740000
1.274,0.294000,-0.836000,0.399000,11.183000,15.496000,4.038000,30.600000
1.287,0.240000,-0.809000,0.412000,9.382000,24.481000,3.023000,30.690000
1.294,0.156000,-0.819000,0.413000,9.550000,21.008000,4.237000,30.650000
1.306,0.099000,-0.822000,0.432000,7.397000,15.069000,4.313000,30.650000
1.314,0.082000,-0.815000,0.444000,4.191000,5.969000,4.573000,30.690000
1.326,0.130000,-0.834000,0.444000,0.275000,-1.847000,6.687000,30.690000
1.334,0.178000,-0.820000,0.409000,0.405000,-7.649000,10.366000,30.740000
1.346,0.251000,-0.827000,0.439000,-1.405000,-6.504000,14.237000,30.690000
1.354,0.289000,-0.832000,0.439000,-2.519000,-0.947000,18.733000,30.690000
1.365,0.247000,-0.829000,0.456000,-0.443000,3.427000,21.939000,30.650000
1.372,0.171000,-0.830000,0.459000,-4.107000,9.786000,21.702000,30.740000
1.385,0.090000,-0.825000,0.452000,-6.763000,8.412000,20.176000,30.790000
1.397,0.060000,-0.828000,0.440000,-9.420000,2.336000,18.412000,30.690000
1.404,0.087000,-0.854000,0.425000,-9.397000,-3.763000,18.489000,30.740000
1.417,0.128000,-0.853000,0.406000,-5.359000,-9.664000,19.229000,30.600000
1.423,0.156000,-0.865000,0.423000,-3.267000,-11.244000,19.847000,30.690000
1.436,0.156000,-0.864000,0.436000,-1.092000,-11.214000,19.328000,30.650000
1.443,0.132000,-0.855000,0.451000,-0.511000,-11.427000,19.061000,30.650000
1.456,0.097000,-0.851000,0.461000,1.939000,-11.756000,16.122000,30.690000
1.461,0.103000,-0.847000,0.469000,-1.237000,-9.214000,11.130000,30.740000
1.474,0.104000,-0.829000,0.458000,-1.046000,-7.786000,5.496000,30.740000
1.487,0.110000,-0.838000,0.464000,-1.015000,-8.137000,2.130000,30.690000
1.494,0.080000,-0.855000,0.482000,0.153000,-13.847000,0.878000,30.600000
1.506,0.093000,-0.845000,0.492000,-0.542000,-20.015000,1.214000,30.650000
1.513,0.141000,-0.828000,0.509000,-2.885000,-25.740000,2.939000,30.650000
1.526,0.183000,-0.828000,0.508000,-6.656000,-31.458000,9.122000,30.690000
1.534,0.233000,-0.818000,0.479000,-6.954000,-35.481000,15.069000,30.690000
1.545,0.304000,-0.823000,0.493000,-10.282000,-30.282000,18.672000,30.650000
1.557,0.294000,-0.847000,0.477000,-13.305000,-22.473000,20.733000,30.690000
1.563,0.238000,-0.847000,0.461000,-13.015000,-17.046000,21.061000,30.690000
1.576,0.195000,-0.865000,0.459000,-13.473000,-15.565000,24.031000,30.740000
1.584,0.174000,-0.857000,0.452000,-13.160000,-14.405000,23.328000,30.740000
1.595,0.172000,-0.855000,0.454000,-13.855000,-11.656000,20.802000,30.690000
1.607,0.158000,-0.857000,0.441000,-13.962000,-12.496000,19.977000,30.600000
1.614,0.163000,-0.876000,0.421000,-12.023000,-11.641000,18.550000,30.740000
1.626,0.145000,-0.875000,0.416000,-9.885000,-12.275000,18.527000,30.690000
1.634,0.123000,-0.871000,0.410000,-8.580000,-16.107000,19.740000,30.690000
1.645,0.118000,-0.853000,0.414000,-10.145000,-18.824000,19.298000,30.650000
1.651,0.142000,-0.867000,0.390000,-11.595000,-21.145000,19.313000,30.550000
1.664,0.189000,-0.870000,0.370000,-10.427000,-19.076000,18.328000,30.690000
1.676,0.201000,-0.871000,0.356000,-6.802000,-16.290000,18.824000,30.600000
1.683,0.177000,-0.861000,0.368000,-5.603000,-13.489000,19.924000,30.650000
1.696,0.131000,-0.862000,0.373000,-6.206000,-13.176000,20.237000,30.790000
1.703,0.090000,-0.861000,0.367000,-7.450000,-17.366000,21.511000,30.690000
1.714,0.082000,-0.878000,0.364000,-8.672000,-25.321000,23.092000,30.740000
1.727,0.138000,-0.896000,0.343000,-7.389000,-28.740000,23.107000,30.650000
1.734,0.202000,-0.887000,0.338000,-6.076000,-28.985000,24.374000,30.790000
1.746,0.220000,-0.900000,0.342000,-1.305000,-25.221000,23.763000,30.650000
1.754,0.198000,-0.906000,0.349000,2.282000,-17.786000,20.321000,30.650000
1.765,0.142000,-0.892000,0.363000,4.344000,-12.725000,16.145000,30.690000
1.772,0.101000,-0.883000,0.367000,6.473000,-11.053000,11.359000,30.690000
1.786,0.099000,-0.881000,0.372000,7.763000,-13.267000,8.756000,30.740000
1.792,0.141000,-0.873000,0.360000,8.763000,-15.534000,8.634000,30.650000
1.805,0.165000,-0.875000,0.362000,10.229000,-18.237000,11.031000,30.690000
1.816,0.164000,-0.870000,0.363000,12.573000,-22.641000,15.076000,30.690000
1.823,0.138000,-0.858000,0.385000,13.832000,-25.748000,16.794000,30.650000
1.836,0.104000,-0.846000,0.430000,9.954000,-30.130000,17.450000,30.690000
1.844,0.092000,-0.835000,0.449000,8.275000,-35.550000,14.473000,30.600000
1.855,0.165000,-0.830000,0.444000,5.908000,-36.809000,8.145000,30.650000
1.862,0.259000,-0.861000,0.425000,2.679000,-34.656000,4.328000,30.650000
1.874,0.323000,-0.893000,0.385000,6.023000,-31.107000,4.511000,30.690000
1.887,0.353000,-0.904000,0.391000,10.305000,-19.382000,5.557000,30.690000
1.894,0.304000,-0.892000,0.402000,11.382000,-13.382000,7.466000,30.650000
1.906,0.227000,-0.880000,0.413000,9.855000,-10.580000,10.427000,30.600000
1.913,0.195000,-0.859000,0.404000,10.023000,-14.412000,13.878000,30.600000
1.926,0.181000,-0.869000,0.404000,5.466000,-17.137000,19.847000,30.650000
1.934,0.164000,-0.883000,0.386000,6.260000,-20.618000,24.328000,30.740000
1.946,0.137000,-0.863000,0.409000,4.733000,-23.153000,26.473000,30.600000
1.957,0.101000,-0.872000,0.410000,3.053000,-26.817000,27.069000,30.600000
1.964,0.099000,-0.883000,0.406000,2.832000,-29.298000,26.420000,30.650000
1.976,0.094000,-0.884000,0.398000,3.298000,-29.771000,25.046000,30.690000
1.984,0.105000,-0.885000,0.403000,5.076000,-31.924000,25.214000,30.690000
1.996,0.124000,-0.854000,0.403000,4.878000,-33.573000,26.954000,30.650000
2.003,0.130000,-0.857000,0.402000,3.595000,-32.641000,26.282000,30.650000
2.015,0.146000,-0.863000,0.390000,4.267000,-29.351000,24.618000,30.600000
2.022,0.110000,-0.860000,0.406000,5.382000,-26.924000,24.145000,30.600000
2.035,0.074000,-0.852000,0.420000,4.504000,-27.626000,25.718000,30.650000
2.048,0.035000,-0.848000,0.421000,2.847000,-30.298000,24.847000,30.600000
2.054,0.042000,-0.865000,0.410000,2.321000,-33.038000,20.901000,30.600000
2.066,0.053000,-0.887000,0.387000,3.847000,-35.267000,16.023000,30.740000
2.073,0.053000,-0.891000,0.371000,6.168000,-35.534000,8.763000,30.740000
2.087,0.044000,-0.903000,0.377000,10.183000,-34.557000,-0.168000,30.690000
2.093,0.013000,-0.873000,0.373000,11.023000,-36.359000,-8.267000,30.690000
2.105,-0.004000,-0.900000,0.370000,13.267000,-42.534000,-15.725000,30.650000
2.117,0.075000,-0.948000,0.340000,19.382000,-46.664000,-20.313000,30.600000
2.123,0.150000,-0.968000,0.334000,29.931000,-51.198000,-18.695000,30.790000
2.136,0.205000,-0.931000,0.343000,39.489000,-51.641000,-14.542000,30.650000
2.143,0.269000,-0.865000,0.386000,40.931000,-44.611000,-12.252000,30.740000
2.155,0.293000,-0.848000,0.430000,36.244000,-35.198000,-9.153000,30.600000
2.167,0.281000,-0.819000,0.459000,31.962000,-31.260000,-2.840000,30.690000
2.174,0.245000,-0.792000,0.472000,25.977000,-26.756000,1.252000,30.650000
2.186,0.199000,-0.804000,0.464000,21.962000,-26.031000,4.588000,30.690000
2.194,0.163000,-0.793000,0.471000,17.824000,-28.962000,7.115000,30.510000
2.206,0.140000,-0.791000,0.462000,14.832000,-33.458000,8.321000,30.740000
2.212,0.163000,-0.813000,0.442000,14.748000,-37.344000,8.481000,30.650000
2.225,0.249000,-0.842000,0.416000,19.794000,-38.382000,9.634000,30.600000
2.233,0.300000,-0.859000,0.413000,24.809000,-35.092000,12.107000,30.600000
2.245,0.295000,-0.850000,0.438000,26.656000,-29.496000,14.916000,30.650000
2.256,0.281000,-0.835000,0.465000,26.176000,-22.817000,17.450000,30.690000
2.263,0.198000,-0.798000,0.461000,19.977000,-20.275000,20.023000,30.510000
2.276,0.134000,-0.786000,0.464000,17.305000,-22.542000,20.870000,30.650000
2.284,0.129000,-0.781000,0.449000,13.954000,-28.252000,19.496000,30.740000
2.296,0.188000,-0.823000,0.430000,12.634000,-32.275000,19.412000,30.790000
2.307,0.243000,-0.855000,0.431000,14.588000,-31.725000,19.939000,30.650000
2.314,0.234000,-0.870000,0.439000,17.466000,-28.672000,22.359000,30.650000
2.326,0.206000,-0.832000,0.433000,19.191000,-25.603000,22.053000,30.600000
2.333,0.197000,-0.801000,0.453000,17.389000,-22.061000,21.565000,30.600000
2.345,0.157000,-0.776000,0.446000,12.221000,-18.626000,18.321000,30.550000
2.352,0.158000,-0.785000,0.428000,9.702000,-19.519000,17.084000,30.550000
2.365,0.156000,-0.825000,0.433000,9.542000,-22.000000,19.122000,30.600000
2.377,0.104000,-0.831000,0.436000,10.046000,-28.511000,22.115000,30.550000
2.384,0.057000,-0.841000,0.439000,10.779000,-37.863000,23.206000,30.550000
2.396,0.048000,-0.823000,0.454000,11.038000,-51.000000,25.748000,30.600000
2.404,0.089000,-0.803000,0.453000,10.496000,-61.481000,24.786000,30.600000
2.415,0.192000,-0.808000,0.476000,10.893000,-62.420000,22.763000,30.740000
2.422,0.260000,-0.831000,0.470000,15.466000,-58.427000,21.901000,30.650000
2.434,0.284000,-0.832000,0.471000,18.840000,-49.504000,22.275000,30.690000
2.447,0.262000,-0.823000,0.462000,19.771000,-40.000000,21.740000,30.550000
2.454,0.198000,-0.822000,0.453000,19.252000,-38.313000,22.382000,30.650000
2.466,0.204000,-0.838000,0.459000,15.870000,-33.664000,18.443000,30.600000
2.473,0.200000,-0.852000,0.458000,16.771000,-34.847000,19.290000,30.690000
2.485,0.216000,-0.841000,0.463000,18.000000,-38.939000,22.252000,30.650000
2.493,0.234000,-0.825000,0.460000,17.656000,-40.267000,25.565000,30.550000
2.505,0.227000,-0.812000,0.457000,17.527000,-39.443000,28.237000,30.600000
2.516,0.234000,-0.819000,0.449000,21.191000,-39.878000,28.015000,30.650000
2.523,0.231000,-0.820000,0.441000,24.053000,-36.305000,24.878000,30.740000
2.536,0.217000,-0.804000,0.453000,26.908000,-31.809000,20.527000,30.690000
2.544,0.210000,-0.780000,0.449000,26.466000,-29.489000,15.748000,30.690000
2.555,0.251000,-0.794000,0.450000,28.160000,-25.443000,7.824000,30.650000
2.567,0.268000,-0.806000,0.445000,30.557000,-16.473000,1.389000,30.740000
2.574,0.247000,-0.795000,0.454000,32.344000,-12.282000,-0.756000,30.690000
2.587,0.246000,-0.798000,0.478000,35.458000,-12.053000,0.588000,30.650000
2.595,0.244000,-0.793000,0.479000,32.733000,-11.542000,5.000000,30.740000
2.606,0.229000,-0.755000,0.467000,32.305000,-17.267000,7.885000,30.600000
2.613,0.303000,-0.745000,0.474000,27.000000,-10.725000,3.496000,30.690000
2.625,0.351000,-0.788000,0.469000,28.603000,-2.527000,2.137000,30.550000
2.634,0.338000,-0.771000,0.468000,28.542000,9.061000,2.214000,30.690000
2.645,0.278000,-0.768000,0.489000,31.130000,14.351000,4.893000,30.690000
2.657,0.219000,-0.782000,0.509000,31.595000,17.374000,7.687000,30.840000
2.664,0.135000,-0.747000,0.490000,26.351000,13.420000,12.855000,30.650000
2.677,0.143000,-0.768000,0.467000,26.244000,9.328000,11.863000,30.690000
2.684,0.165000,-0.771000,0.451000,27.122000,12.695000,7.626000,30.690000
2.696,0.178000,-0.760000,0.462000,29.595000,17.840000,1.947000,30.740000
2.705,0.161000,-0.751000,0.488000,32.977000,22.962000,-2.718000,30.650000
2.715,0.130000,-0.746000,0.505000,33.878000,23.420000,-2.786000,30.600000
2.722,0.129000,-0.795000,0.478000,32.779000,23.160000,-2.328000,30.740000
2.736,0.128000,-0.835000,0.448000,35.511000,19.397000,3.023000,30.550000
2.748,0.091000,-0.848000,0.426000,43.901000,11.931000,12.695000,30.600000
2.754,0.046000,-0.795000,0.441000,47.489000,12.115000,18.565000,30.690000
2.767,-0.035000,-0.737000,0.473000,51.519000,8.878000,21.595000,30.650000
2.773,-0.156000,-0.694000,0.483000,50.450000,0.725000,25.405000,30.740000
2.786,-0.206000,-0.622000,0.527000,47.191000,-10.366000,23.595000,30.600000
2.794,-0.260000,-0.630000,0.546000,43.351000,-26.656000,15.618000,30.650000
2.805,-0.250000,-0.615000,0.562000,40.313000,-48.954000,9.489000,30.650000
2.817,-0.134000,-0.657000,0.546000,39.359000,-67.176000,0.710000,30.600000
2.824,0.033000,-0.671000,0.543000,42.489000,-80.641000,-3.977000,30.690000
2.836,0.213000,-0.683000,0.539000,47.069000,-80.389000,-7.504000,30.740000
2.843,0.409000,-0.712000,0.549000,52.550000,-66.366000,-11.344000,30.740000
2.855,0.475000,-0.661000,0.620000,55.069000,-45.389000,-13.489000,30.600000
2.862,0.368000,-0.650000,0.636000,49.298000,-28.863000,-12.397000,30.650000
2.874,0.228000,-0.580000,0.663000,44.595000,-36.748000,-3.191000,30.650000
2.887,0.265000,-0.560000,0.697000,38.031000,-44.809000,-1.092000,30.690000
2.894,0.415000,-0.539000,0.713000,36.115000,-38.962000,-6.366000,30.790000
2.906,0.507000,-0.507000,0.722000,26.405000,-19.641000,-13.244000,30.650000
2.912,0.563000,-0.530000,0.745000,23.397000,6.725000,-19.557000,30.740000
2.925,0.565000,-0.606000,0.667000,12.695000,37.099000,-23.176000,30.690000
2.937,0.443000,-0.717000,0.598000,10.656000,47.282000,-19.244000,30.600000
2.945,0.249000,-0.739000,0.553000,16.695000,46.130000,-14.496000,30.740000
2.956,0.097000,-0.781000,0.541000,19.450000,22.702000,-2.336000,30.600000
2.963,0.035000,-0.752000,0.572000,27.168000,-9.214000,10.802000,30.690000
2.975,0.163000,-0.679000,0.629000,31.542000,-26.901000,13.000000,30.550000
2.984,0.319000,-0.654000,0.668000,30.099000,-15.374000,2.550000,30.650000
2.995,0.408000,-0.633000,0.659000,31.733000,2.634000,-6.137000,30.650000
3.002,0.377000,-0.666000,0.664000,30.260000,15.939000,-9.282000,30.600000
3.014,0.231000,-0.676000,0.662000,30.115000,15.794000,-5.061000,30.550000
3.027,0.124000,-0.653000,0.665000,30.221000,5.603000,-2.237000,30.740000
3.035,0.144000,-0.607000,0.701000,28.977000,-7.924000,-2.374000,30.600000
3.046,0.154000,-0.567000,0.721000,26.855000,-17.443000,-1.756000,30.550000
3.053,0.226000,-0.560000,0.737000,31.542000,-25.328000,0.832000,30.650000
3.065,0.323000,-0.529000,0.789000,29.282000,-15.863000,-4.084000,30.690000
3.072,0.311000,-0.548000,0.802000,26.023000,-10.153000,-3.153000,30.690000
3.086,0.208000,-0.521000,0.809000,21.756000,-16.817000,1.725000,30.550000
3.098,0.205000,-0.523000,0.794000,12.939000,-25.718000,4.092000,30.740000
3.104,0.284000,-0.535000,0.814000,6.740000,-30.534000,3.466000,30.600000
3.116,0.372000,-0.528000,0.784000,-0.031000,-23.908000,-0.893000,30.650000
3.123,0.453000,-0.574000,0.738000,-0.313000,-16.458000,-1.756000,30.650000
3.136,0.474000,-0.589000,0.713000,0.168000,-2.221000,-3.725000,30.650000
3.143,0.406000,-0.614000,0.690000,1.351000,5.496000,-4.069000,30.600000
3.155,0.323000,-0.608000,0.714000,1.389000,8.580000,-7.756000,30.550000
3.162,0.314000,-0.585000,0.685000,-1.924000,13.099000,-15.481000,30.650000
3.174,0.327000,-0.638000,0.669000,-1.313000,10.260000,-16.443000,30.690000
3.188,0.347000,-0.630000,0.671000,2.916000,8.229000,-15.443000,30.650000
3.195,0.344000,-0.616000,0.682000,4.588000,12.702000,-17.649000,30.550000
3.206,0.323000,-0.588000,0.697000,3.504000,17.672000,-20.382000,30.790000
3.213,0.310000,-0.590000,0.677000,-1.626000,23.557000,-22.664000,30.690000
3.225,0.261000,-0.618000,0.672000,-3.397000,22.053000,-22.015000,30.740000
3.234,0.277000,-0.651000,0.652000,-5.153000,16.092000,-19.534000,30.740000
3.245,0.305000,-0.649000,0.611000,-6.305000,6.656000,-12.618000,30.690000
3.257,0.341000,-0.665000,0.625000,-2.985000,-2.252000,-4.473000,30.650000
3.264,0.384000,-0.653000,0.643000,0.634000,-0.420000,-0.626000,30.650000
3.277,0.388000,-0.638000,0.664000,2.412000,1.099000,4.053000,30.650000
3.284,0.352000,-0.610000,0.690000,-2.977000,8.534000,5.588000,30.690000
3.297,0.311000,-0.629000,0.658000,-6.771000,12.321000,5.298000,30.740000
3.304,0.282000,-0.674000,0.643000,-3.695000,11.382000,2.985000,30.650000
3.316,0.259000,-0.674000,0.631000,-2.534000,7.588000,4.252000,30.600000
3.323,0.268000,-0.648000,0.637000,-2.313000,5.977000,5.099000,30.650000
3.336,0.288000,-0.622000,0.665000,0.588000,6.893000,4.618000,30.650000
3.343,0.292000,-0.598000,0.702000,-1.122000,12.779000,3.992000,30.690000
3.355,0.252000,-0.589000,0.709000,-3.366000,18.359000,2.099000,30.600000
3.362,0.177000,-0.595000,0.698000,-4.153000,15.901000,0.435000,30.650000
3.374,0.140000,-0.589000,0.721000,-4.924000,12.176000,-3.130000,30.650000
3.387,0.144000,-0.545000,0.730000,-6.542000,6.237000,-7.336000,30.600000
3.395,0.191000,-0.526000,0.763000,-8.893000,-0.504000,-7.489000,30.650000
3.406,0.253000,-0.486000,0.765000,-13.244000,0.718000,-8.122000,30.740000
3.413,0.287000,-0.496000,0.765000,-19.122000,5.878000,-9.099000,30.650000
3.425,0.356000,-0.565000,0.704000,-23.473000,11.183000,-9.290000,30.690000
3.434,0.404000,-0.632000,0.670000,-27.366000,19.603000,-9.740000,30.650000
3.445,0.403000,-0.683000,0.622000,-24.046000,25.153000,-12.435000,30.650000
3.457,0.407000,-0.701000,0.604000,-18.763000,26.710000,-11.489000,30.690000
3.464,0.405000,-0.688000,0.608000,-17.405000,33.893000,-9.718000,30.650000
3.476,0.352000,-0.684000,0.626000,-11.740000,32.580000,-4.687000,30.740000
3.484,0.302000,-0.648000,0.644000,-7.863000,31.855000,1.916000,30.690000
3.496,0.271000,-0.564000,0.680000,-7.443000,33.137000,3.000000,30.600000
3.503,0.242000,-0.513000,0.713000,-12.939000,41.435000,-1.634000,30.740000
3.514,0.181000,-0.479000,0.715000,-18.229000,42.809000,-4.069000,30.550000
3.527,0.174000,-0.496000,0.737000,-25.374000,47.053000,-7.527000,30.600000
3.535,0.160000,-0.513000,0.704000,-31.290000,51.878000,-12.229000,30.650000
3.547,0.202000,-0.526000,0.689000,-34.626000,65.221000,-22.550000,30.650000
3.554,0.257000,-0.585000,0.671000,-35.122000,85.282000,-34.595000,30.740000
3.565,0.206000,-0.664000,0.615000,-36.496000,95.450000,-39.511000,30.690000
3.577,0.062000,-0.694000,0.575000,-37.351000,90.443000,-38.641000,30.550000
3.584,-0.033000,-0.718000,0.550000,-36.389000,64.756000,-29.443000,30.690000
3.596,-0.077000,-0.751000,0.541000,-33.458000,29.573000,-16.496000,30.600000
3.605,-0.020000,-0.742000,0.563000,-28.260000,2.191000,-9.931000,30.740000
3.615,0.152000,-0.683000,0.597000,-25.603000,-8.794000,-11.290000,30.650000
3.627,0.270000,-0.652000,0.626000,-21.634000,-7.893000,-16.221000,30.690000
3.634,0.305000,-0.597000,0.660000,-20.290000,1.939000,-19.840000,30.690000
3.647,0.279000,-0.555000,0.704000,-22.649000,11.298000,-24.481000,30.740000
3.653,0.228000,-0.530000,0.706000,-27.679000,15.634000,-28.573000,30.740000
3.665,0.203000,-0.523000,0.693000,-34.496000,14.336000,-30.008000,30.600000
3.677,0.248000,-0.548000,0.674000,-37.992000,10.198000,-32.565000,30.740000
3.686,0.344000,-0.584000,0.649000,-37.000000,19.878000,-33.481000,30.650000
3.696,0.406000,-0.627000,0.620000,-34.802000,33.878000,-37.847000,30.650000
3.704,0.427000,-0.644000,0.616000,-32.000000,51.656000,-39.916000,30.690000
3.715,0.352000,-0.676000,0.612000,-31.977000,65.756000,-40.435000,30.650000
3.722,0.216000,-0.708000,0.582000,-30.282000,62.237000,-35.122000,30.600000
3.735,0.132000,-0.655000,0.577000,-30.603000,48.573000,-26.557000,30.790000
3.747,0.127000,-0.649000,0.593000,-31.695000,37.153000,-22.611000,30.650000
3.753,0.183000,-0.661000,0.600000,-33.870000,35.069000,-23.244000,30.650000
3.765,0.211000,-0.672000,0.600000,-34.855000,41.160000,-25.290000,30.690000
3.772,0.233000,-0.687000,0.617000,-32.397000,46.435000,-24.489000,30.690000
3.785,0.178000,-0.708000,0.602000,-34.244000,49.450000,-21.733000,30.650000
3.797,0.094000,-0.682000,0.586000,-35.695000,41.679000,-16.786000,30.600000
3.805,0.102000,-0.658000,0.580000,-40.504000,31.191000,-10.977000,30.790000
3.816,0.110000,-0.638000,0.569000,-41.305000,13.718000,-2.870000,30.650000
3.822,0.163000,-0.696000,0.574000,-39.603000,2.924000,1.802000,30.740000
3.835,0.257000,-0.696000,0.585000,-37.794000,10.473000,0.397000,30.690000
3.842,0.316000,-0.768000,0.560000,-31.214000,19.740000,-3.863000,30.650000
3.854,0.345000,-0.823000,0.560000,-27.076000,36.145000,-6.244000,30.650000
3.866,0.300000,-0.808000,0.523000,-16.443000,45.641000,-8.061000,30.690000
3.873,0.235000,-0.736000,0.537000,-15.275000,49.405000,-6.458000,30.690000
3.887,0.122000,-0.685000,0.574000,-17.679000,44.000000,-4.702000,30.550000
3.894,0.050000,-0.725000,0.568000,-23.496000,35.504000,-7.580000,30.650000
3.905,0.059000,-0.786000,0.552000,-25.015000,30.198000,-13.107000,30.600000
3.917,0.119000,-0.811000,0.540000,-20.908000,27.618000,-19.885000,30.650000
3.923,0.194000,-0.824000,0.525000,-15.260000,26.611000,-21.198000,30.740000
3.937,0.237000,-0.812000,0.550000,-11.130000,26.641000,-18.137000,30.690000
3.944,0.181000,-0.789000,0.547000,-6.885000,22.137000,-13.496000,30.600000
3.955,0.159000,-0.792000,0.565000,-7.252000,18.450000,-8.389000,30.650000
3.962,0.105000,-0.760000,0.601000,-6.099000,12.550000,-4.779000,30.650000
3.974,0.064000,-0.716000,0.622000,-9.511000,8.519000,-7.214000,30.690000
3.987,0.096000,-0.688000,0.651000,-12.321000,6.702000,-13.779000,30.650000
3.994,0.171000,-0.701000,0.614000,-15.466000,9.969000,-20.908000,30.740000
4.006,0.281000,-0.740000,0.596000,-14.244000,14.374000,-23.908000,30.600000
4.012,0.291000,-0.766000,0.583000,-11.817000,22.481000,-24.069000,30.690000
4.025,0.235000,-0.763000,0.575000,-10.053000,26.504000,-20.725000,30.650000
4.037,0.171000,-0.764000,0.559000,-8.061000,22.351000,-14.267000,30.740000
4.044,0.131000,-0.736000,0.575000,-6.924000,11.053000,-3.366000,30.690000
4.057,0.135000,-0.670000,0.572000,-7.397000,5.328000,2.076000,30.650000
4.064,0.141000,-0.621000,0.576000,-8.916000,4.634000,1.679000,30.740000
4.076,0.170000,-0.618000,0.548000,-12.901000,9.290000,-3.916000,30.690000
4.084,0.197000,-0.665000,0.525000,-12.573000,15.244000,-6.786000,30.690000
4.096,0.150000,-0.736000,0.514000,-8.023000,21.618000,-10.450000,30.650000
4.103,0.066000,-0.779000,0.524000,-2.718000,20.107000,-13.336000,30.740000
4.114,-0.006000,-0.760000,0.557000,-4.557000,12.076000,-13.916000,30.690000
4.127,-0.025000,-0.731000,0.573000,-8.931000,2.794000,-18.435000,30.650000
4.134,0.081000,-0.696000,0.577000,-12.969000,-2.389000,-23.504000,30.740000
4.146,0.219000,-0.665000,0.585000,-16.046000,-0.824000,-26.756000,30.690000
4.154,0.316000,-0.671000,0.578000,-20.000000,8.298000,-27.565000,30.690000
4.165,0.353000,-0.685000,0.587000,-21.145000,17.115000,-25.656000,30.740000
4.177,0.307000,-0.715000,0.579000,-21.435000,23.221000,-22.191000,30.690000
4.184,0.229000,-0.734000,0.617000,-21.863000,27.443000,-21.084000,30.690000
4.196,0.162000,-0.750000,0.653000,-23.679000,23.107000,-17.092000,30.650000
4.203,0.127000,-0.741000,0.629000,-29.847000,20.656000,-19.359000,30.740000
4.215,0.203000,-0.803000,0.566000,-34.107000,27.634000,-26.962000,30.690000
4.227,0.258000,-0.838000,0.491000,-30.954000,29.366000,-27.321000,30.690000
4.234,0.328000,-0.856000,0.471000,-25.214000,32.618000,-23.702000,30.650000
4.246,0.316000,-0.839000,0.454000,-22.901000,37.924000,-19.962000,30.740000
4.253,0.268000,-0.788000,0.460000,-22.779000,38.168000,-15.725000,30.690000
4.265,0.241000,-0.760000,0.470000,-23.252000,37.198000,-11.969000,30.650000
4.277,0.260000,-0.708000,0.507000,-24.496000,37.878000,-10.076000,30.650000
4.284,0.282000,-0.646000,0.536000,-29.641000,51.573000,-16.115000,30.600000
4.296,0.244000,-0.662000,0.532000,-32.924000,62.618000,-19.595000,30.600000
4.303,0.163000,-0.673000,0.516000,-35.878000,68.427000,-21.481000,30.650000
4.315,0.081000,-0.655000,0.486000,-39.847000,69.260000,-23.687000,30.690000
4.322,0.047000,-0.669000,0.445000,-43.603000,63.641000,-27.130000,30.600000
4.335,0.061000,-0.710000,0.395000,-44.435000,55.061000,-29.031000,30.740000
4.347,0.100000,-0.747000,0.342000,-43.198000,51.855000,-27.809000,30.740000
4.354,0.085000,-0.803000,0.340000,-37.702000,40.870000,-22.931000,30.690000
4.365,0.107000,-0.875000,0.371000,-32.824000,34.214000,-20.099000,30.690000
4.372,0.106000,-0.924000,0.384000,-30.176000,32.000000,-21.542000,30.840000
4.385,0.075000,-0.954000,0.333000,-26.115000,25.527000,-19.878000,30.650000
4.397,0.070000,-0.977000,0.298000,-20.763000,20.313000,-20.626000,30.600000
4.405,0.124000,-0.954000,0.277000,-10.595000,15.534000,-24.573000,30.650000
4.416,0.187000,-0.912000,0.297000,-8.710000,11.656000,-24.954000,30.650000
4.422,0.239000,-0.952000,0.324000,3.252000,9.740000,-25.420000,30.690000
4.435,0.268000,-0.935000,0.380000,12.160000,16.412000,-27.153000,30.600000
4.448,0.218000,-0.922000,0.458000,17.832000,17.832000,-26.817000,30.740000
4.454,0.193000,-0.858000,0.504000,12.389000,19.992000,-25.534000,30.650000
4.466,0.204000,-0.828000,0.499000,7.740000,25.053000,-27.130000,30.690000
4.473,0.220000,-0.792000,0.471000,2.260000,26.954000,-25.252000,30.650000
4.487,0.241000,-0.740000,0.438000,3.115000,21.527000,-19.405000,30.740000
4.493,0.268000,-0.704000,0.449000,4.412000,18.351000,-14.718000,30.600000
4.505,0.291000,-0.725000,0.495000,8.076000,20.687000,-12.489000,30.790000
4.512,0.264000,-0.722000,0.539000,7.733000,24.664000,-14.206000,30.650000
4.524,0.244000,-0.718000,0.575000,4.000000,28.267000,-14.534000,30.740000
4.537,0.278000,-0.714000,0.570000,-0.214000,28.160000,-11.038000,30.690000
4.544,0.315000,-0.675000,0.553000,-10.656000,33.519000,-5.908000,30.650000
4.556,0.329000,-0.708000,0.542000,-8.748000,34.198000,-1.473000,30.650000
4.563,0.317000,-0.777000,0.562000,-5.397000,36.824000,1.763000,30.790000
4.575,0.282000,-0.817000,0.593000,-3.527000,42.069000,5.756000,30.790000
4.584,0.175000,-0.798000,0.611000,-4.252000,43.198000,10.046000,30.650000
4.595,0.115000,-0.773000,0.630000,-9.168000,42.450000,11.931000,30.840000
4.607,0.087000,-0.760000,0.604000,-14.290000,42.809000,10.321000,30.690000
4.614,0.090000,-0.746000,0.593000,-18.229000,44.153000,6.015000,30.650000
4.626,0.113000,-0.734000,0.549000,-21.443000,43.191000,3.000000,30.740000
4.634,0.126000,-0.836000,0.544000,-18.847000,40.031000,4.145000,30.690000
4.646,0.081000,-0.866000,0.542000,-17.374000,38.626000,6.603000,30.690000
4.653,0.072000,-0.834000,0.536000,-18.145000,39.031000,6.405000,30.840000
4.665,0.079000,-0.831000,0.500000,-20.962000,40.000000,6.481000,30.650000
4.671,0.061000,-0.843000,0.462000,-20.481000,38.985000,10.282000,30.600000
4.684,0.064000,-0.828000,0.446000,-21.092000,36.626000,13.962000,30.650000
4.696,0.039000,-0.851000,0.433000,-21.885000,38.817000,11.550000,30.740000
4.705,-0.012000,-0.907000,0.427000,-18.725000,35.511000,9.702000,30.690000
4.716,-0.047000,-0.944000,0.432000,-12.160000,28.305000,10.015000,30.690000
4.722,-0.072000,-0.933000,0.457000,-11.153000,24.206000,8.847000,30.650000
4.735,-0.060000,-0.906000,0.465000,-12.046000,19.641000,6.511000,30.740000
4.748,0.008000,-0.824000,0.494000,-16.893000,20.107000,6.626000,30.690000
4.754,0.052000,-0.776000,0.469000,-23.511000,26.244000,6.305000,30.690000
4.766,0.068000,-0.724000,0.405000,-28.557000,30.275000,6.977000,30.650000
4.773,0.102000,-0.762000,0.372000,-29.489000,37.824000,6.282000,30.690000
4.787,0.113000,-0.842000,0.343000,-26.618000,48.275000,6.298000,30.690000
4.793,0.094000,-0.980000,0.350000,-11.290000,42.489000,10.145000,30.650000
4.805,0.015000,-0.989000,0.385000,-2.191000,37.817000,15.328000,30.650000
4.817,-0.079000,-0.950000,0.417000,-1.710000,32.366000,16.977000,30.650000
4.824,-0.038000,-0.905000,0.447000,-0.084000,25.565000,12.313000,30.690000
4.837,-0.002000,-0.860000,0.465000,-1.542000,23.710000,6.160000,30.650000
4.844,0.069000,-0.838000,0.466000,-1.321000,19.550000,6.344000,30.690000
4.856,0.128000,-0.877000,0.488000,0.168000,22.908000,6.855000,30.690000
4.863,0.076000,-0.924000,0.510000,2.183000,31.939000,7.725000,30.740000
4.876,0.002000,-0.954000,0.515000,6.008000,30.298000,12.366000,30.740000
4.884,-0.072000,-0.938000,0.521000,6.076000,23.702000,17.290000,30.690000
4.895,-0.094000,-0.896000,0.531000,-1.374000,22.939000,16.786000,30.690000
4.907,-0.085000,-0.867000,0.522000,-15.962000,24.252000,12.527000,30.650000
4.914,-0.100000,-0.872000,0.481000,-22.145000,18.511000,9.366000,30.690000
4.926,-0.069000,-0.911000,0.438000,-22.412000,5.580000,10.557000,30.690000
4.934,-0.061000,-1.003000,0.439000,-14.947000,-8.382000,13.573000,30.650000
4.946,-0.042000,-1.011000,0.450000,-6.229000,-16.939000,11.573000,30.650000
4.952,-0.032000,-0.972000,0.477000,-1.534000,-19.985000,7.740000,30.600000
4.965,0.021000,-0.949000,0.512000,0.977000,-21.359000,5.580000,30.650000
4.977,0.055000,-0.911000,0.510000,-0.092000,-15.237000,1.672000,30.740000
4.984,0.080000,-0.879000,0.531000,-5.290000,-5.626000,-3.519000,30.690000
4.997,0.031000,-0.838000,0.524000,-12.656000,-0.282000,-7.878000,30.790000
5.003,0.025000,-0.808000,0.509000,-21.412000,-2.695000,-10.252000,30.650000
5.015,0.039000,-0.785000,0.489000,-26.809000,-9.450000,-13.229000,30.740000
5.027,0.073000,-0.794000,0.468000,-35.000000,-12.519000,-18.076000,30.690000
5.034,0.115000,-0.841000,0.453000,-35.916000,-15.794000,-23.672000,30.650000
5.046,0.134000,-0.857000,0.417000,-34.710000,-15.099000,-28.725000,30.740000
5.053,0.186000,-0.873000,0.376000,-34.206000,-10.214000,-31.244000,30.690000
5.065,0.263000,-0.812000,0.385000,-44.122000,16.992000,-39.840000,30.690000
5.077,0.221000,-0.817000,0.361000,-45.962000,39.046000,-46.076000,30.740000
5.084,0.194000,-0.857000,0.336000,-37.153000,44.901000,-43.489000,30.650000
5.096,0.153000,-0.897000,0.316000,-25.618000,43.168000,-34.672000,30.690000
5.103,0.079000,-0.999000,0.347000,-14.267000,42.649000,-26.603000,30.740000
5.115,0.018000,-1.033000,0.342000,0.588000,33.603000,-17.252000,30.650000
5.122,0.037000,-0.965000,0.374000,-0.153000,30.565000,-5.939000,30.790000
5.135,-0.022000,-0.945000,0.391000,-6.550000,32.641000,-2.038000,30.690000
5.147,-0.013000,-0.933000,0.406000,-5.977000,23.122000,3.229000,30.650000
5.155,0.065000,-0.891000,0.450000,-14.015000,26.046000,-0.412000,30.740000
5.166,0.042000,-0.910000,0.401000,-14.626000,31.489000,-7.107000,30.690000
5.173,0.032000,-0.963000,0.391000,-6.809000,21.214000,-4.397000,30.650000
5.187,0.024000,-1.003000,0.388000,2.214000,13.206000,-0.580000,30.650000
5.193,-0.003000,-0.989000,0.359000,12.282000,5.962000,0.924000,30.690000
5.205,-0.023000,-0.952000,0.357000,18.649000,-1.656000,4.595000,30.600000
5.210,0.024000,-0.905000,0.353000,23.595000,-3.000000,3.427000,30.740000
5.224,0.074000,-0.851000,0.345000,21.481000,5.374000,-1.168000,30.650000
5.237,0.098000,-0.818000,0.394000,15.275000,16.733000,-6.580000,30.690000
5.244,0.021000,-0.837000,0.416000,14.137000,17.710000,-8.267000,30.650000
5.256,-0.074000,-0.870000,0.427000,16.977000,0.924000,-1.260000,30.650000
5.263,-0.062000,-0.889000,0.461000,20.779000,-12.374000,0.031000,30.690000
5.275,0.010000,-0.863000,0.482000,25.282000,-18.832000,-2.985000,30.690000
5.284,0.092000,-0.839000,0.483000,28.893000,-16.557000,-9.672000,30.740000
5.295,0.174000,-0.805000,0.461000,31.366000,-9.687000,-15.198000,30.650000
5.307,0.231000,-0.818000,0.462000,42.573000,-4.718000,-18.053000,30.690000
5.313,0.272000,-0.832000,0.450000,53.511000,2.137000,-16.634000,30.690000
5.326,0.321000,-0.815000,0.472000,54.305000,24.473000,-21.557000,30.650000
5.333,0.270000,-0.838000,0.479000,52.137000,51.191000,-25.244000,30.690000
5.345,0.186000,-0.895000,0.471000,46.817000,68.321000,-25.214000,30.790000
5.351,0.068000,-0.941000,0.473000,46.382000,74.244000,-20.863000,30.740000
5.364,-0.047000,-0.957000,0.457000,44.069000,68.756000,-10.947000,30.740000
5.376,-0.114000,-0.942000,0.455000,35.244000,58.733000,-1.344000,30.740000
5.384,-0.152000,-0.917000,0.477000,28.160000,41.198000,6.687000,30.690000
5.396,-0.095000,-0.863000,0.492000,19.008000,34.023000,1.771000,30.650000
5.403,-0.085000,-0.836000,0.502000,9.344000,31.275000,-7.847000,30.790000
5.415,-0.032000,-0.824000,0.516000,1.977000,24.580000,-15.580000,30.690000
5.427,0.026000,-0.791000,0.520000,-11.382000,29.076000,-24.802000,30.740000
5.434,-0.013000,-0.845000,0.486000,-19.840000,23.626000,-24.481000,30.740000
5.447,-0.043000,-0.885000,0.461000,-20.008000,9.725000,-15.840000,30.690000
5.454,-0.054000,-0.878000,0.429000,-20.481000,-7.985000,-6.084000,30.690000
5.465,-0.062000,-0.885000,0.409000,-21.191000,-25.641000,4.748000,30.840000
5.477,-0.059000,-0.907000,0.402000,-20.069000,-42.992000,11.443000,30.650000
5.484,0.010000,-0.877000,0.435000,-25.244000,-49.679000,13.328000,30.690000
5.497,0.095000,-0.891000,0.440000,-27.924000,-42.679000,12.092000,30.740000
5.504,0.192000,-0.992000,0.418000,-20.168000,-32.733000,21.298000,30.840000
5.515,0.328000,-1.055000,0.426000,-6.870000,1.840000,25.679000,30.650000
5.522,0.303000,-1.072000,0.420000,8.489000,41.641000,26.290000,30.690000
5.535,0.130000,-1.083000,0.429000,22.168000,65.847000,23.992000,30.740000
5.547,-0.004000,-1.104000,0.481000,38.053000,79.748000,14.519000,30.740000
5.555,-0.069000,-1.113000,0.511000,48.130000,84.878000,0.053000,30.690000
5.566,-0.044000,-1.119000,0.597000,61.924000,89.672000,-18.611000,30.690000
5.573,-0.059000,-1.002000,0.674000,70.168000,91.031000,-33.947000,30.740000
5.586,-0.151000,-0.909000,0.720000,72.298000,72.313000,-36.733000,30.650000
5.593,-0.160000,-0.811000,0.743000,64.939000,51.023000,-36.908000,30.790000
5.606,-0.149000,-0.707000,0.750000,48.496000,30.725000,-41.901000,30.840000
5.616,-0.081000,-0.662000,0.732000,27.611000,10.282000,-39.634000,30.650000
5.623,-0.013000,-0.719000,0.690000,7.328000,-4.000000,-39.160000,30.690000
5.636,0.057000,-0.788000,0.656000,-2.084000,-14.901000,-40.366000,30.600000
5.644,0.186000,-0.866000,0.660000,-8.290000,-12.084000,-49.679000,30.740000
5.656,0.236000,-0.924000,0.635000,-10.527000,-5.237000,-52.527000,30.740000
5.667,0.205000,-0.875000,0.628000,-14.557000,-1.954000,-47.344000,30.690000
5.673,0.141000,-0.902000,0.595000,-15.603000,-3.107000,-39.901000,30.690000
5.686,0.131000,-0.898000,0.572000,-16.618000,-8.802000,-27.382000,30.650000
5.693,0.142000,-0.914000,0.550000,-15.656000,-14.817000,-15.229000,30.690000
5.706,0.185000,-0.939000,0.531000,-14.382000,-9.595000,-6.473000,30.790000
5.717,0.161000,-0.905000,0.521000,-12.008000,-4.664000,-0.359000,30.740000
5.724,0.119000,-0.858000,0.505000,-9.702000,-3.908000,4.275000,30.840000
5.737,0.079000,-0.848000,0.517000,-9.122000,-6.649000,5.458000,30.600000
5.743,0.046000,-0.843000,0.493000,-8.389000,-11.267000,6.252000,30.790000
5.756,0.042000,-0.870000,0.470000,-4.481000,-14.092000,4.969000,30.740000
5.763,0.029000,-0.883000,0.457000,1.275000,-16.992000,4.824000,30.740000
5.775,0.050000,-0.862000,0.438000,4.458000,-18.046000,3.817000,30.690000
5.784,0.099000,-0.831000,0.455000,-0.473000,-8.969000,-2.687000,30.740000
5.795,0.098000,-0.824000,0.454000,-3.366000,-1.412000,-8.008000,30.740000
5.807,0.094000,-0.840000,0.458000,-1.328000,-1.008000,-6.214000,30.740000
5.814,0.149000,-0.848000,0.482000,2.702000,2.527000,-5.244000,30.690000
5.827,0.139000,-0.814000,0.509000,5.229000,8.672000,-4.947000,30.740000
5.834,0.115000,-0.821000,0.513000,4.595000,12.832000,-4.809000,30.740000
5.847,0.080000,-0.827000,0.511000,4.511000,12.176000,-1.069000,30.690000
5.853,0.040000,-0.834000,0.502000,4.992000,6.901000,3.916000,30.690000
5.866,0.032000,-0.825000,0.492000,6.107000,1.534000,6.763000,30.740000
5.873,0.055000,-0.817000,0.497000,5.962000,0.840000,5.382000,30.740000
5.886,0.105000,-0.816000,0.494000,5.366000,3.992000,2.351000,30.790000
5.893,0.110000,-0.810000,0.506000,4.176000,12.053000,-2.702000,30.740000
5.906,0.097000,-0.821000,0.502000,5.618000,16.916000,-6.382000,30.740000
5.912,0.081000,-0.822000,0.492000,7.023000,20.099000,-8.863000,30.790000
5.925,0.070000,-0.813000,0.486000,7.237000,21.008000,-10.069000,30.790000
5.937,0.045000,-0.827000,0.485000,8.779000,18.702000,-8.878000,30.650000
5.944,0.024000,-0.831000,0.487000,10.328000,11.198000,-3.069000,30.740000
5.957,0.013000,-0.825000,0.494000,11.603000,4.771000,1.756000,30.690000
5.963,0.051000,-0.814000,0.502000,14.046000,3.191000,3.305000,30.740000
5.976,0.099000,-0.793000,0.518000,16.076000,10.137000,-1.435000,30.740000
5.984,0.129000,-0.790000,0.524000,17.328000,20.672000,-7.450000,30.690000
5.997,0.134000,-0.800000,0.523000,20.489000,29.405000,-11.786000,30.690000
6.002,0.121000,-0.812000,0.512000,22.489000,37.809000,-15.244000,30.740000
6.014,0.089000,-0.830000,0.504000,26.496000,39.725000,-15.351000,30.740000
6.027,0.057000,-0.852000,0.507000,31.053000,37.802000,-12.260000,30.690000
6.034,0.024000,-0.824000,0.531000,37.489000,31.176000,-7.298000,30.740000
6.046,-0.010000,-0.753000,0.559000,38.618000,24.321000,-6.206000,30.740000
6.053,-0.039000,-0.700000,0.598000,35.183000,15.748000,-5.725000,30.690000
6.065,-0.029000,-0.663000,0.617000,28.443000,7.191000,-4.878000,30.690000
6.072,-0.010000,-0.663000,0.626000,22.107000,1.122000,-6.038000,30.650000
6.085,0.029000,-0.689000,0.632000,18.733000,-3.336000,-7.198000,30.650000
6.097,0.069000,-0.720000,0.618000,16.504000,-5.031000,-7.160000,30.690000
6.105,0.107000,-0.738000,0.603000,16.328000,-7.374000,-3.824000,30.690000
6.116,0.108000,-0.745000,0.593000,15.053000,-8.656000,-2.519000,30.740000
6.123,0.108000,-0.772000,0.576000,15.542000,-9.832000,-3.137000,30.690000
6.135,0.122000,-0.788000,0.572000,17.786000,-10.328000,-3.847000,30.790000
6.143,0.148000,-0.795000,0.593000,19.000000,-9.786000,-4.687000,30.840000
6.155,0.148000,-0.787000,0.608000,19.985000,-8.542000,-5.397000,30.740000
6.167,0.144000,-0.770000,0.615000,19.229000,-6.046000,-6.198000,30.690000
6.174,0.146000,-0.760000,0.634000,18.458000,-5.542000,-4.321000,30.790000
6.187,0.131000,-0.755000,0.645000,17.962000,-8.885000,0.061000,30.650000
6.194,0.090000,-0.720000,0.646000,15.916000,-13.344000,2.481000,30.690000
6.206,0.072000,-0.703000,0.647000,12.733000,-19.153000,5.130000,30.790000
6.213,0.071000,-0.724000,0.643000,9.084000,-26.489000,8.603000,30.650000
6.225,0.093000,-0.756000,0.646000,9.321000,-32.435000,14.282000,30.650000
6.234,0.106000,-0.770000,0.647000,9.183000,-31.076000,15.847000,30.690000
6.245,0.152000,-0.774000,0.668000,9.489000,-28.565000,14.275000,30.740000
6.257,0.148000,-0.756000,0.657000,4.496000,-19.786000,11.198000,30.740000
6.264,0.122000,-0.745000,0.653000,3.336000,-12.244000,6.061000,30.790000
6.277,0.103000,-0.745000,0.649000,1.824000,-9.962000,3.824000,30.690000
6.284,0.082000,-0.740000,0.639000,1.641000,-10.908000,3.405000,30.740000
6.297,0.064000,-0.750000,0.632000,0.969000,-14.084000,4.275000,30.740000
6.304,0.045000,-0.760000,0.623000,0.771000,-18.137000,5.336000,30.790000
6.316,0.042000,-0.754000,0.621000,0.069000,-22.718000,6.771000,30.740000
6.323,0.074000,-0.738000,0.614000,-2.282000,-25.763000,8.313000,30.740000
6.335,0.108000,-0.716000,0.621000,-6.053000,-25.092000,7.702000,30.690000
6.347,0.140000,-0.733000,0.620000,-7.359000,-22.954000,5.863000,30.690000
6.355,0.142000,-0.759000,0.592000,-6.603000,-20.267000,3.206000,30.740000
6.367,0.150000,-0.777000,0.566000,-4.405000,-16.817000,0.878000,30.740000
6.373,0.147000,-0.801000,0.554000,-0.847000,-13.885000,0.183000,30.790000
6.386,0.154000,-0.804000,0.536000,3.473000,-11.939000,-0.344000,30.840000
6.393,0.156000,-0.804000,0.534000,7.939000,-9.260000,-0.786000,30.740000
6.406,0.171000,-0.787000,0.539000,11.779000,-7.573000,0.145000,30.690000
6.412,0.162000,-0.759000,0.555000,12.863000,-6.817000,3.038000,30.790000
6.425,0.147000,-0.753000,0.555000,12.725000,-6.122000,3.580000,30.650000
6.433,0.142000,-0.758000,0.556000,12.466000,-3.443000,2.557000,30.690000
6.446,0.152000,-0.766000,0.575000,11.275000,0.237000,1.779000,30.690000
6.457,0.127000,-0.762000,0.587000,11.420000,2.313000,2.611000,30.740000
6.464,0.111000,-0.753000,0.589000,12.443000,3.397000,2.344000,30.740000
6.477,0.130000,-0.745000,0.622000,13.832000,5.733000,0.015000,30.600000
6.484,0.161000,-0.727000,0.648000,13.947000,13.374000,-5.046000,30.690000
6.496,0.189000,-0.729000,0.667000,15.115000,23.023000,-8.802000,30.740000
6.503,0.199000,-0.734000,0.682000,18.588000,29.649000,-6.511000,30.740000
6.515,0.182000,-0.739000,0.709000,17.939000,40.588000,-4.183000,30.690000
6.522,0.165000,-0.691000,0.726000,20.672000,45.893000,-5.908000,30.740000
6.535,0.132000,-0.656000,0.744000,17.496000,50.924000,-9.809000,30.840000
6.547,0.027000,-0.638000,0.756000,6.443000,45.229000,-8.634000,30.690000
6.555,-0.031000,-0.652000,0.727000,3.435000,30.542000,-3.450000,30.690000
6.566,-0.038000,-0.651000,0.712000,-1.702000,19.534000,-2.183000,30.740000
6.573,-0.013000,-0.687000,0.689000,-5.611000,6.000000,-0.244000,30.790000
6.586,0.036000,-0.726000,0.663000,-5.771000,-3.069000,1.954000,30.790000
6.594,0.079000,-0.751000,0.625000,-5.359000,-6.168000,1.710000,30.740000
6.606,0.113000,-0.758000,0.604000,-3.412000,-5.962000,-1.076000,30.740000
6.612,0.145000,-0.761000,0.573000,-1.893000,-1.924000,-4.267000,30.790000
6.624,0.151000,-0.769000,0.567000,-1.031000,5.282000,-9.092000,30.690000
6.638,0.144000,-0.777000,0.546000,1.290000,11.649000,-12.061000,30.650000
6.644,0.129000,-0.762000,0.548000,2.710000,13.878000,-11.664000,30.740000
6.656,0.100000,-0.758000,0.558000,3.542000,12.038000,-7.718000,30.690000
6.664,0.063000,-0.758000,0.556000,3.679000,9.137000,-4.557000,30.740000
6.676,0.066000,-0.750000,0.554000,4.206000,6.382000,-3.008000,30.740000
6.684,0.075000,-0.751000,0.559000,6.336000,6.504000,-3.702000,30.790000
6.696,0.077000,-0.754000,0.576000,8.756000,7.916000,-4.840000,30.790000
6.703,0.074000,-0.750000,0.591000,11.351000,10.015000,-6.473000,30.650000
6.715,0.057000,-0.729000,0.611000,12.427000,12.649000,-9.328000,30.690000
6.727,0.039000,-0.717000,0.636000,11.710000,11.947000,-10.580000,30.690000
6.735,0.035000,-0.700000,0.648000,11.847000,7.275000,-8.733000,30.840000
6.747,0.042000,-0.685000,0.671000,10.763000,3.412000,-6.244000,30.650000
6.754,0.029000,-0.668000,0.667000,9.115000,-0.534000,-5.153000,30.690000
6.766,0.056000,-0.661000,0.678000,7.992000,-1.702000,-6.962000,30.790000
6.773,0.091000,-0.660000,0.690000,6.282000,-0.336000,-9.130000,30.740000
6.787,0.115000,-0.677000,0.679000,6.061000,0.099000,-9.695000,30.740000
6.794,0.127000,-0.705000,0.663000,7.534000,-0.176000,-8.084000,30.790000
6.805,0.146000,-0.709000,0.665000,9.099000,-0.565000,-5.076000,30.740000
6.812,0.152000,-0.704000,0.661000,10.855000,-3.885000,1.359000,30.740000
6.825,0.148000,-0.694000,0.664000,11.137000,-8.840000,8.969000,30.690000
6.837,0.159000,-0.683000,0.670000,10.595000,-12.137000,13.053000,30.690000
6.844,0.172000,-0.697000,0.661000,11.008000,-12.282000,14.458000,30.840000
6.856,0.180000,-0.693000,0.659000,12.382000,-10.557000,13.771000,30.790000
6.863,0.203000,-0.705000,0.681000,17.824000,-10.992000,11.412000,30.690000
6.875,0.179000,-0.682000,0.656000,14.656000,-4.336000,12.015000,30.740000
6.884,0.157000,-0.664000,0.666000,14.580000,-0.328000,11.519000,30.650000
6.895,0.114000,-0.676000,0.663000,12.557000,-0.710000,10.641000,30.880000
6.907,0.068000,-0.694000,0.633000,15.817000,-5.374000,8.893000,30.690000
6.914,0.103000,-0.712000,0.656000,12.489000,-4.557000,8.031000,30.650000
6.927,0.097000,-0.721000,0.660000,11.023000,-3.504000,8.351000,30.650000
6.934,0.077000,-0.711000,0.641000,13.504000,-3.168000,6.435000,30.790000
6.947,0.080000,-0.703000,0.656000,13.069000,1.084000,2.397000,30.840000
6.954,0.080000,-0.705000,0.651000,12.473000,3.313000,-0.275000,30.740000
6.966,0.080000,-0.706000,0.672000,12.656000,2.237000,-0.298000,30.790000
6.973,0.082000,-0.718000,0.660000,11.542000,4.305000,-1.443000,30.690000
6.987,0.069000,-0.714000,0.679000,10.710000,6.137000,-2.183000,30.740000
6.993,0.054000,-0.699000,0.684000,10.145000,6.443000,-2.885000,30.790000
7.005,0.066000,-0.693000,0.686000,10.542000,7.702000,-5.321000,30.790000
7.017,0.073000,-0.663000,0.710000,9.809000,10.725000,-9.053000,30.840000
7.024,0.066000,-0.641000,0.725000,7.618000,13.382000,-12.435000,30.650000
7.037,0.067000,-0.641000,0.713000,1.664000,9.450000,-13.481000,30.790000
7.045,0.062000,-0.633000,0.721000,-0.580000,7.237000,-11.977000,30.790000
7.056,0.077000,-0.633000,0.713000,1.466000,9.573000,-11.771000,30.840000
7.063,0.082000,-0.657000,0.686000,-0.725000,8.420000,-13.206000,30.840000
7.075,0.098000,-0.675000,0.675000,0.427000,6.656000,-12.252000,30.690000
7.084,0.100000,-0.677000,0.669000,2.405000,4.763000,-10.977000,30.840000
7.096,0.118000,-0.684000,0.672000,4.511000,4.748000,-10.244000,30.740000
7.105,0.126000,-0.667000,0.671000,5.588000,3.885000,-8.649000,30.790000
7.114,0.131000,-0.670000,0.675000,6.328000,3.748000,-7.580000,30.690000
7.127,0.132000,-0.654000,0.685000,6.740000,5.802000,-8.458000,30.650000
7.134,0.141000,-0.644000,0.684000,6.725000,7.595000,-8.527000,30.740000
7.147,0.131000,-0.635000,0.681000,5.664000,7.443000,-8.481000,30.690000
7.154,0.132000,-0.652000,0.683000,4.824000,6.542000,-7.878000,30.740000
7.166,0.123000,-0.670000,0.671000,5.008000,5.573000,-6.267000,30.740000
7.173,0.129000,-0.689000,0.667000,5.802000,3.870000,-4.435000,30.790000
7.187,0.127000,-0.693000,0.671000,7.779000,2.969000,-1.794000,30.690000
7.194,0.113000,-0.693000,0.673000,8.603000,3.115000,-1.405000,30.740000
7.206,0.110000,-0.680000,0.695000,9.824000,5.099000,-3.229000,30.840000
7.213,0.100000,-0.672000,0.701000,9.771000,6.267000,-5.229000,30.690000
7.225,0.101000,-0.665000,0.708000,10.466000,3.496000,-7.420000,30.740000
7.234,0.108000,-0.650000,0.715000,8.000000,3.588000,-6.595000,30.740000
7.246,0.082000,-0.642000,0.710000,8.519000,7.481000,-5.649000,30.690000
7.252,0.081000,-0.649000,0.702000,6.588000,6.389000,-6.641000,30.790000
7.265,0.102000,-0.682000,0.724000,6.435000,5.466000,-6.511000,30.840000
7.277,0.081000,-0.667000,0.700000,6.427000,1.611000,-5.641000,30.690000
7.285,0.084000,-0.662000,0.699000,7.496000,3.000000,-7.031000,30.790000
7.297,0.096000,-0.658000,0.697000,6.763000,3.443000,-10.275000,30.740000
7.305,0.110000,-0.650000,0.694000,6.710000,3.221000,-13.084000,30.740000
7.316,0.128000,-0.644000,0.704000,5.977000,2.664000,-14.573000,30.690000
7.323,0.137000,-0.649000,0.692000,6.260000,4.565000,-14.756000,30.690000
7.337,0.144000,-0.661000,0.688000,6.252000,4.206000,-13.656000,30.650000
7.344,0.163000,-0.668000,0.681000,6.321000,2.992000,-9.908000,30.840000
7.356,0.139000,-0.662000,0.686000,6.244000,0.985000,-6.557000,30.790000
7.363,0.132000,-0.674000,0.688000,6.695000,-0.344000,-5.206000,30.740000
7.375,0.141000,-0.653000,0.695000,8.237000,-0.443000,-5.641000,30.740000
7.384,0.140000,-0.634000,0.725000,8.710000,0.725000,-8.198000,30.790000
7.396,0.148000,-0.627000,0.728000,8.237000,2.328000,-10.511000,30.790000
7.407,0.160000,-0.611000,0.728000,7.504000,3.176000,-11.817000,30.840000
7.414,0.156000,-0.623000,0.736000,6.618000,3.557000,-10.649000,30.790000
7.427,0.152000,-0.621000,0.734000,6.519000,2.366000,-8.412000,30.790000
7.434,0.154000,-0.620000,0.735000,6.672000,1.969000,-5.458000,30.740000
7.447,0.142000,-0.626000,0.732000,7.473000,1.191000,-3.191000,30.740000
7.454,0.133000,-0.611000,0.743000,7.420000,0.481000,-2.092000,30.790000
7.466,0.141000,-0.599000,0.761000,6.061000,2.252000,-3.038000,30.790000
7.473,0.137000,-0.592000,0.770000,5.542000,2.710000,-3.420000,30.840000
7.487,0.129000,-0.586000,0.761000,3.809000,3.229000,-4.221000,30.650000
7.493,0.135000,-0.574000,0.762000,1.374000,3.176000,-4.595000,30.790000
7.506,0.145000,-0.590000,0.752000,0.298000,0.565000,-2.405000,30.740000
7.512,0.138000,-0.605000,0.729000,-0.916000,-0.786000,-0.344000,30.740000
7.524,0.147000,-0.618000,0.707000,-1.122000,-1.153000,0.267000,30.690000
7.538,0.157000,-0.630000,0.691000,-0.832000,-0.534000,0.023000,30.740000
7.545,0.167000,-0.630000,0.681000,-0.634000,1.626000,-0.573000,30.840000
7.557,0.179000,-0.655000,0.656000,1.115000,3.099000,-0.588000,30.690000
7.564,0.183000,-0.671000,0.643000,4.351000,5.740000,0.183000,30.790000
7.576,0.188000,-0.672000,0.635000,7.267000,9.153000,1.115000,30.740000
7.585,0.162000,-0.673000,0.627000,9.412000,11.176000,2.473000,30.740000
7.598,0.123000,-0.660000,0.626000,11.053000,12.061000,2.534000,30.790000
7.603,0.102000,-0.650000,0.637000,12.099000,11.374000,1.802000,30.650000
7.616,0.084000,-0.652000,0.652000,12.885000,9.015000,0.695000,30.740000
7.622,0.076000,-0.636000,0.670000,14.061000,6.473000,-1.214000,30.740000
7.635,0.088000,-0.630000,0.684000,14.496000,4.924000,-3.641000,30.790000
7.643,0.103000,-0.627000,0.696000,14.985000,4.580000,-5.496000,30.840000
7.655,0.105000,-0.620000,0.709000,15.382000,5.015000,-6.969000,30.740000
7.667,0.114000,-0.619000,0.736000,15.893000,5.214000,-7.076000,30.790000
7.674,0.114000,-0.615000,0.738000,17.931000,2.359000,-3.382000,30.740000
7.688,0.109000,-0.607000,0.759000,17.496000,2.740000,-1.878000,30.740000
7.694,0.114000,-0.595000,0.767000,18.076000,4.443000,-3.679000,30.790000
7.706,0.111000,-0.578000,0.781000,17.023000,4.435000,-4.611000,30.790000
7.713,0.116000,-0.580000,0.792000,15.786000,5.092000,-4.931000,30.740000
7.726,0.101000,-0.561000,0.784000,13.939000,5.305000,-6.267000,30.740000
7.734,0.108000,-0.564000,0.794000,10.519000,5.389000,-7.649000,30.790000
7.746,0.125000,-0.574000,0.778000,9.099000,5.313000,-8.931000,30.790000
7.753,0.127000,-0.590000,0.775000,7.412000,4.618000,-8.427000,30.740000
7.765,0.125000,-0.595000,0.772000,7.489000,3.137000,-6.626000,30.740000
7.770,0.115000,-0.606000,0.753000,7.649000,1.115000,-5.939000,30.790000
7.785,0.115000,-0.608000,0.746000,6.969000,-1.168000,-5.344000,30.840000
7.797,0.131000,-0.603000,0.748000,8.489000,-2.382000,-4.443000,30.740000
7.805,0.140000,-0.593000,0.748000,9.076000,-0.092000,-5.992000,30.690000
7.828,0.157000,-0.598000,0.745000,9.160000,1.916000,-7.130000,30.690000
7.828,0.149000,-0.585000,0.753000,9.534000,3.908000,-6.794000,30.650000
