time_sec,ax,ay,az,gx,gy,gz,temp_c
0.022,0.061000,-0.242000,0.836000,-157.458000,-57.130000,-1.939000,31.170000
0.022,0.049000,-0.330000,0.774000,-154.733000,-43.076000,3.519000,31.170000
0.031,0.051000,-0.318000,0.729000,-152.702000,-30.847000,12.756000,31.210000
0.042,-0.019000,-0.364000,0.683000,-144.939000,-25.008000,17.695000,31.170000
0.049,-0.049000,-0.364000,0.675000,-134.687000,-25.901000,25.130000,31.170000
0.061,-0.089000,-0.361000,0.645000,-131.038000,-26.924000,28.626000,31.120000
0.068,-0.142000,-0.335000,0.627000,-123.198000,-41.344000,32.237000,31.120000
0.080,-0.129000,-0.281000,0.578000,-120.924000,-50.198000,33.840000,31.170000
0.095,-0.124000,-0.306000,0.605000,-124.832000,-51.374000,32.252000,31.120000
0.099,-0.155000,-0.339000,0.607000,-118.221000,-57.160000,32.802000,31.120000
0.111,-0.123000,-0.342000,0.585000,-115.885000,-68.794000,33.710000,31.120000
0.123,-0.104000,-0.393000,0.599000,-115.962000,-71.382000,36.153000,31.170000
0.129,-0.032000,-0.383000,0.569000,-116.290000,-67.046000,40.099000,31.120000
0.141,-0.056000,-0.353000,0.589000,-118.260000,-57.214000,42.824000,31.170000
0.148,-0.108000,-0.347000,0.573000,-119.198000,-59.229000,51.267000,31.070000
0.160,-0.135000,-0.349000,0.542000,-119.275000,-64.412000,56.908000,31.210000
0.172,-0.163000,-0.350000,0.524000,-118.260000,-68.053000,61.565000,31.120000
0.179,-0.139000,-0.357000,0.509000,-115.618000,-68.198000,62.947000,31.070000
0.191,-0.125000,-0.372000,0.516000,-114.450000,-65.084000,59.084000,31.070000
0.203,-0.053000,-0.365000,0.531000,-112.885000,-40.595000,46.718000,31.120000
0.209,-0.067000,-0.438000,0.507000,-106.450000,-28.137000,40.473000,31.070000
0.221,-0.094000,-0.415000,0.531000,-96.855000,-25.344000,37.458000,31.170000
0.228,-0.088000,-0.416000,0.514000,-88.450000,-13.466000,34.779000,31.120000
0.240,-0.123000,-0.475000,0.502000,-79.588000,-15.740000,34.130000,31.120000
0.252,-0.118000,-0.550000,0.448000,-67.626000,-28.595000,38.527000,31.070000
0.259,-0.094000,-0.599000,0.405000,-57.733000,-50.046000,47.740000,31.210000
0.271,-0.068000,-0.564000,0.431000,-57.733000,-57.992000,51.366000,31.210000
0.278,-0.071000,-0.489000,0.435000,-65.336000,-51.870000,54.282000,31.170000
0.290,-0.163000,-0.544000,0.438000,-68.206000,-58.397000,59.695000,31.070000
0.302,-0.073000,-0.604000,0.454000,-70.160000,-61.008000,61.748000,31.210000
0.309,0.011000,-0.648000,0.445000,-66.733000,-48.221000,62.618000,31.120000
0.321,0.068000,-0.701000,0.405000,-60.374000,-28.641000,61.351000,31.170000
0.328,0.130000,-0.756000,0.329000,-45.435000,-16.725000,63.359000,31.210000
0.340,0.206000,-0.780000,0.236000,-38.878000,4.221000,61.557000,31.120000
0.352,0.087000,-0.869000,0.167000,-41.130000,2.924000,69.878000,30.980000
0.359,0.014000,-0.926000,0.155000,-35.099000,-5.321000,82.382000,31.070000
0.371,-0.077000,-0.966000,0.195000,-30.069000,-0.969000,91.031000,31.120000
0.378,-0.163000,-0.964000,0.208000,-26.969000,5.954000,93.122000,31.120000
0.391,-0.329000,-0.918000,0.240000,-24.924000,-3.718000,94.695000,31.070000
0.397,-0.239000,-0.924000,0.239000,-28.214000,-0.397000,88.916000,31.120000
0.411,-0.218000,-0.937000,0.337000,-9.832000,-25.756000,90.878000,31.020000
0.422,-0.196000,-0.845000,0.426000,-2.107000,-13.305000,78.511000,31.070000
0.429,-0.281000,-0.792000,0.482000,5.725000,3.183000,69.267000,31.120000
0.442,-0.369000,-0.701000,0.513000,4.733000,20.435000,61.588000,31.120000
0.448,-0.561000,-0.658000,0.483000,-1.748000,21.405000,56.962000,31.170000
0.460,-0.645000,-0.648000,0.457000,-18.901000,9.802000,52.214000,31.070000
0.473,-0.641000,-0.674000,0.442000,-28.802000,-2.916000,40.198000,31.120000
0.479,-0.558000,-0.744000,0.410000,-32.481000,-6.634000,25.687000,31.070000
0.492,-0.430000,-0.832000,0.414000,-25.885000,-3.977000,13.092000,31.070000
0.499,-0.335000,-0.849000,0.435000,-19.260000,5.580000,2.130000,31.120000
0.511,-0.347000,-0.867000,0.403000,-15.221000,7.794000,-2.672000,31.120000
0.517,-0.337000,-0.871000,0.369000,-13.809000,4.183000,-4.908000,31.070000
0.530,-0.311000,-0.942000,0.315000,-11.611000,-9.244000,0.000000,31.070000
0.542,-0.280000,-0.967000,0.269000,-5.313000,-29.863000,5.076000,31.020000
0.550,-0.173000,-0.975000,0.294000,-0.977000,-31.672000,2.656000,31.070000
0.561,-0.135000,-0.971000,0.310000,2.023000,-27.092000,-3.130000,31.070000
0.568,-0.142000,-0.940000,0.349000,0.679000,-23.458000,-2.718000,31.120000
0.580,-0.172000,-0.920000,0.430000,3.588000,-31.458000,0.015000,31.120000
0.588,-0.185000,-0.871000,0.495000,-1.542000,-33.702000,6.046000,31.170000
0.600,-0.170000,-0.837000,0.485000,-8.626000,-40.939000,12.458000,31.120000
0.612,-0.119000,-0.825000,0.523000,-18.962000,-41.779000,13.656000,31.020000
0.618,-0.070000,-0.886000,0.522000,-29.061000,-39.298000,17.038000,31.070000
0.631,0.009000,-0.924000,0.549000,-37.053000,-23.824000,15.122000,31.170000
0.637,-0.014000,-0.939000,0.538000,-42.099000,-3.344000,15.031000,31.120000
0.650,-0.078000,-0.958000,0.487000,-41.382000,2.405000,16.893000,31.120000
0.662,-0.108000,-0.955000,0.412000,-40.893000,15.382000,12.557000,31.170000
0.669,-0.195000,-0.965000,0.365000,-38.153000,20.374000,8.366000,31.120000
0.681,-0.257000,-0.977000,0.325000,-37.145000,11.649000,9.191000,31.120000
0.689,-0.280000,-0.965000,0.294000,-34.916000,1.702000,10.641000,31.070000
0.700,-0.294000,-0.950000,0.302000,-32.885000,-11.008000,11.954000,31.120000
0.712,-0.271000,-0.903000,0.340000,-33.405000,-15.053000,10.374000,31.210000
0.719,-0.245000,-0.913000,0.365000,-32.412000,-14.267000,7.740000,31.170000
0.731,-0.215000,-0.910000,0.356000,-33.733000,-14.053000,5.870000,31.170000
0.739,-0.217000,-0.937000,0.310000,-32.824000,-13.969000,4.496000,31.120000
0.751,-0.235000,-0.962000,0.282000,-32.115000,-15.305000,3.794000,31.070000
0.762,-0.280000,-0.989000,0.255000,-28.947000,-19.992000,3.802000,31.170000
0.769,-0.298000,-1.004000,0.227000,-28.802000,-20.863000,2.061000,31.020000
0.781,-0.276000,-1.016000,0.256000,-28.542000,-17.679000,-2.847000,31.120000
0.789,-0.238000,-1.053000,0.294000,-26.168000,-28.962000,0.656000,31.020000
0.800,-0.225000,-0.992000,0.371000,-26.969000,-31.573000,-1.847000,31.070000
0.812,-0.218000,-0.985000,0.364000,-25.008000,-22.366000,-8.435000,31.120000
0.819,-0.273000,-0.974000,0.377000,-26.962000,-21.641000,-9.405000,31.070000
0.831,-0.306000,-0.942000,0.346000,-28.695000,-25.237000,-8.084000,31.070000
0.838,-0.307000,-0.959000,0.302000,-32.275000,-27.382000,-7.710000,31.120000
0.850,-0.254000,-1.010000,0.289000,-32.588000,-35.031000,-6.405000,31.120000
0.862,-0.195000,-1.027000,0.295000,-25.481000,-32.496000,-9.855000,31.070000
0.868,-0.122000,-1.023000,0.339000,-15.878000,-16.084000,-21.313000,31.120000
0.881,-0.086000,-0.991000,0.380000,-9.099000,4.824000,-33.160000,31.120000
0.888,-0.120000,-0.952000,0.409000,-4.931000,17.321000,-39.099000,31.170000
0.901,-0.191000,-0.967000,0.394000,-2.298000,15.924000,-36.198000,31.070000
0.912,-0.229000,-0.896000,0.378000,-11.679000,1.672000,-32.496000,31.120000
0.919,-0.223000,-0.891000,0.386000,-21.305000,-10.626000,-25.924000,31.120000
0.931,-0.126000,-0.946000,0.365000,-25.641000,-25.397000,-19.374000,31.070000
0.937,-0.044000,-0.962000,0.382000,-25.351000,-28.252000,-14.908000,31.120000
0.950,0.025000,-0.955000,0.405000,-22.580000,-26.298000,-9.969000,31.120000
0.962,0.016000,-0.995000,0.396000,-21.550000,-30.481000,-0.084000,31.170000
0.968,-0.031000,-0.930000,0.382000,-27.229000,-31.595000,9.107000,31.120000
0.981,-0.105000,-0.898000,0.332000,-35.573000,-35.916000,19.084000,31.120000
0.987,-0.150000,-0.905000,0.311000,-43.321000,-39.588000,24.405000,31.170000
1.000,-0.151000,-0.892000,0.292000,-46.046000,-37.664000,24.427000,31.070000
1.011,-0.160000,-0.921000,0.278000,-46.130000,-35.321000,21.137000,31.120000
1.018,-0.159000,-0.950000,0.263000,-44.374000,-32.878000,16.237000,31.070000
1.030,-0.165000,-0.953000,0.267000,-37.664000,-27.344000,11.366000,31.070000
1.042,-0.173000,-0.989000,0.244000,-33.366000,-28.321000,6.794000,31.120000
1.049,-0.147000,-1.001000,0.224000,-27.519000,-36.382000,7.053000,31.120000
1.061,-0.185000,-0.975000,0.235000,-25.626000,-38.489000,6.763000,31.070000
1.068,-0.179000,-0.968000,0.260000,-20.290000,-38.550000,3.809000,31.120000
1.080,-0.175000,-0.936000,0.284000,-17.565000,-38.527000,-0.786000,31.120000
1.093,-0.155000,-0.929000,0.295000,-20.275000,-31.466000,-5.321000,31.170000
1.100,-0.136000,-0.942000,0.281000,-22.695000,-32.527000,-4.588000,31.170000
1.111,-0.128000,-0.961000,0.261000,-20.420000,-40.901000,0.573000,31.020000
1.118,-0.125000,-0.987000,0.235000,-19.916000,-43.389000,3.389000,31.170000
1.131,-0.150000,-1.017000,0.201000,-12.977000,-45.145000,2.458000,31.070000
1.143,-0.131000,-1.021000,0.184000,-11.626000,-41.496000,-1.824000,31.120000
1.150,-0.112000,-1.028000,0.169000,-11.298000,-30.916000,-7.985000,31.210000
1.161,-0.086000,-1.039000,0.140000,-10.305000,-24.969000,-10.855000,31.170000
1.168,-0.068000,-1.046000,0.143000,-9.145000,-20.321000,-10.962000,31.120000
1.180,-0.073000,-1.075000,0.168000,-2.840000,-19.687000,-9.885000,31.210000
1.193,-0.053000,-1.065000,0.173000,1.908000,-15.305000,-9.664000,31.070000
1.199,-0.062000,-1.051000,0.183000,7.649000,-5.916000,-11.695000,31.070000
1.211,-0.069000,-1.023000,0.197000,15.244000,1.565000,-10.985000,31.120000
1.218,-0.143000,-0.969000,0.170000,18.603000,0.855000,-8.519000,31.170000
1.231,-0.174000,-0.991000,0.105000,19.221000,-5.221000,-6.557000,31.070000
1.238,-0.173000,-0.979000,0.102000,28.443000,-9.344000,-4.053000,31.210000
1.251,-0.104000,-0.992000,0.167000,46.878000,-15.183000,-2.351000,31.120000
1.262,-0.015000,-0.980000,0.207000,60.885000,-8.870000,-6.244000,31.170000
1.269,0.039000,-0.948000,0.313000,64.305000,13.282000,-20.763000,31.210000
1.282,-0.042000,-0.902000,0.316000,65.840000,26.092000,-31.588000,31.210000
1.289,-0.043000,-0.860000,0.350000,69.366000,36.496000,-39.664000,31.170000
1.300,-0.072000,-0.840000,0.343000,63.733000,38.794000,-42.550000,31.070000
1.313,-0.111000,-0.839000,0.329000,49.282000,30.847000,-34.260000,31.120000
1.319,-0.148000,-0.866000,0.296000,31.107000,8.832000,-16.687000,31.120000
1.332,-0.113000,-0.901000,0.281000,12.511000,-19.374000,4.748000,31.170000
1.339,-0.050000,-0.936000,0.304000,-0.870000,-35.710000,20.260000,31.120000
1.351,0.025000,-0.961000,0.325000,-4.802000,-42.107000,29.626000,31.120000
1.358,0.092000,-0.955000,0.370000,-0.634000,-36.977000,31.084000,31.070000
1.370,0.098000,-0.924000,0.440000,4.832000,-15.237000,22.069000,30.980000
1.383,0.091000,-0.930000,0.448000,9.534000,6.366000,10.916000,31.120000
1.390,0.061000,-0.934000,0.461000,16.847000,25.305000,-1.053000,31.260000
1.402,0.032000,-0.894000,0.446000,20.168000,43.786000,-11.870000,31.070000
1.408,-0.077000,-0.878000,0.396000,16.580000,45.328000,-12.985000,31.120000
1.421,-0.155000,-0.862000,0.349000,9.344000,29.962000,-5.908000,31.210000
1.428,-0.090000,-0.858000,0.382000,1.435000,16.214000,1.015000,31.070000
1.441,0.014000,-0.861000,0.419000,0.702000,17.069000,1.359000,31.120000
1.448,0.071000,-0.871000,0.465000,4.229000,25.954000,-2.031000,31.120000
1.460,0.079000,-0.867000,0.461000,8.214000,37.038000,-9.137000,31.210000
1.472,-0.034000,-0.886000,0.430000,13.061000,42.084000,-18.153000,31.070000
1.479,-0.116000,-0.860000,0.391000,20.962000,47.977000,-28.824000,31.120000
1.492,-0.193000,-0.878000,0.346000,31.527000,45.084000,-35.260000,31.170000
1.499,-0.230000,-0.881000,0.303000,34.183000,29.870000,-34.145000,31.170000
1.510,-0.205000,-0.898000,0.295000,28.855000,13.519000,-29.985000,31.210000
1.522,-0.171000,-0.906000,0.342000,20.824000,-8.832000,-19.511000,31.120000
1.529,-0.089000,-0.900000,0.367000,13.183000,-22.893000,-8.008000,31.170000
1.541,-0.047000,-0.924000,0.410000,4.779000,-25.061000,-1.603000,31.120000
1.548,-0.039000,-0.915000,0.414000,0.588000,-24.183000,0.313000,31.120000
1.560,-0.039000,-0.924000,0.389000,0.305000,-14.115000,-6.366000,31.070000
1.567,0.002000,-0.926000,0.394000,11.275000,3.603000,-20.275000,31.170000
1.580,0.061000,-0.962000,0.390000,26.580000,28.588000,-40.298000,31.120000
1.592,0.081000,-0.951000,0.385000,39.244000,46.511000,-54.870000,31.120000
1.599,-0.085000,-0.975000,0.304000,34.489000,38.588000,-48.679000,30.980000
1.611,-0.148000,-0.951000,0.296000,24.061000,15.443000,-34.191000,31.120000
1.618,-0.133000,-0.920000,0.346000,7.931000,-12.634000,-14.870000,31.210000
1.630,-0.050000,-0.917000,0.357000,-9.076000,-29.603000,1.244000,31.170000
1.642,0.029000,-0.986000,0.359000,-25.031000,-47.550000,15.313000,31.170000
1.649,0.107000,-1.052000,0.365000,-34.832000,-62.260000,30.214000,31.120000
1.661,0.189000,-1.117000,0.330000,-40.977000,-68.534000,42.634000,31.170000
1.668,0.148000,-1.110000,0.310000,-38.244000,-68.534000,51.206000,31.070000
1.680,0.091000,-1.073000,0.274000,-41.084000,-59.641000,52.794000,31.120000
1.693,0.016000,-1.030000,0.257000,-39.824000,-50.282000,47.924000,31.120000
1.699,-0.022000,-1.009000,0.250000,-32.969000,-51.718000,46.573000,31.170000
1.711,0.011000,-1.005000,0.237000,-22.221000,-51.809000,40.099000,31.210000
1.718,0.023000,-0.968000,0.254000,-13.496000,-41.710000,29.786000,31.120000
1.731,0.004000,-0.979000,0.252000,-1.916000,-34.267000,24.275000,31.170000
1.738,-0.011000,-0.955000,0.270000,5.786000,-30.832000,20.115000,31.170000
1.749,-0.020000,-0.946000,0.285000,12.046000,-33.939000,19.359000,31.120000
1.762,-0.017000,-0.896000,0.336000,14.496000,-28.435000,15.489000,31.170000
1.768,-0.010000,-0.868000,0.350000,17.702000,-24.214000,12.733000,31.170000
1.781,0.014000,-0.853000,0.384000,19.450000,-20.771000,9.107000,31.120000
1.789,-0.038000,-0.855000,0.387000,20.664000,-13.901000,5.931000,31.120000
1.801,-0.066000,-0.857000,0.370000,22.802000,-11.282000,4.084000,31.170000
1.812,-0.097000,-0.844000,0.358000,21.137000,-10.595000,1.191000,31.020000
1.819,-0.103000,-0.842000,0.358000,20.679000,-11.649000,-1.817000,31.120000
1.831,-0.015000,-0.850000,0.406000,23.176000,-16.443000,-1.137000,31.070000
1.839,0.056000,-0.853000,0.442000,23.664000,-15.656000,1.015000,31.070000
1.851,0.049000,-0.848000,0.440000,21.916000,-17.221000,7.008000,31.120000
1.858,0.030000,-0.844000,0.437000,17.237000,-22.008000,14.626000,31.210000
1.870,-0.042000,-0.838000,0.413000,11.672000,-32.603000,23.687000,31.170000
1.882,-0.065000,-0.834000,0.389000,6.580000,-42.031000,27.756000,31.120000
1.890,-0.035000,-0.817000,0.394000,2.221000,-50.733000,29.794000,31.170000
1.902,-0.021000,-0.834000,0.390000,1.313000,-59.336000,31.786000,31.170000
1.908,-0.002000,-0.826000,0.391000,1.550000,-66.038000,35.824000,31.120000
1.920,-0.009000,-0.830000,0.411000,2.962000,-71.588000,40.481000,31.120000
1.926,0.000000,-0.818000,0.434000,4.511000,-72.412000,39.924000,31.170000
1.940,0.005000,-0.841000,0.437000,3.344000,-68.496000,38.344000,31.210000
1.952,0.021000,-0.839000,0.448000,1.931000,-60.015000,33.634000,31.020000
1.959,0.018000,-0.854000,0.427000,-1.366000,-44.931000,28.664000,31.170000
1.971,-0.007000,-0.859000,0.405000,1.176000,-36.092000,25.092000,31.070000
1.978,-0.027000,-0.868000,0.401000,5.000000,-32.809000,22.992000,31.120000
1.990,-0.061000,-0.862000,0.407000,7.244000,-33.519000,22.420000,31.020000
2.003,-0.085000,-0.853000,0.423000,10.389000,-36.649000,21.695000,31.170000
2.009,-0.076000,-0.841000,0.437000,12.275000,-40.679000,22.305000,31.120000
2.021,-0.029000,-0.844000,0.466000,15.084000,-39.107000,21.038000,31.120000
2.028,0.035000,-0.869000,0.468000,16.832000,-34.359000,19.557000,31.170000
2.041,0.056000,-0.850000,0.509000,18.580000,-21.038000,14.137000,31.020000
2.048,0.001000,-0.881000,0.515000,21.359000,-14.542000,13.718000,31.120000
2.060,-0.053000,-0.833000,0.509000,13.611000,-2.405000,7.565000,31.170000
2.072,-0.115000,-0.801000,0.475000,10.214000,-0.687000,5.328000,31.170000
2.079,-0.144000,-0.813000,0.449000,8.031000,-2.420000,3.786000,31.210000
2.092,-0.092000,-0.842000,0.447000,8.496000,-7.939000,2.183000,31.120000
2.099,-0.028000,-0.881000,0.449000,9.786000,-10.595000,1.908000,31.070000
2.111,-0.005000,-0.885000,0.452000,11.580000,-12.718000,3.267000,31.120000
2.118,-0.031000,-0.866000,0.454000,13.954000,-18.618000,7.397000,31.120000
2.130,-0.077000,-0.849000,0.456000,11.718000,-22.191000,7.557000,31.210000
2.143,-0.106000,-0.781000,0.467000,7.145000,-20.450000,1.267000,31.170000
2.150,-0.083000,-0.799000,0.458000,3.924000,-18.718000,-4.290000,31.210000
2.162,0.004000,-0.817000,0.460000,4.588000,-13.954000,-9.305000,31.260000
2.169,0.040000,-0.870000,0.443000,7.397000,-7.458000,-13.504000,31.170000
2.181,0.065000,-0.888000,0.426000,9.779000,-1.824000,-14.779000,31.120000
2.189,0.019000,-0.878000,0.407000,10.244000,3.718000,-16.443000,31.120000
2.200,-0.025000,-0.857000,0.375000,10.389000,4.145000,-18.534000,31.070000
2.213,-0.068000,-0.854000,0.379000,12.160000,-0.183000,-20.412000,31.120000
2.219,-0.076000,-0.843000,0.353000,15.511000,-8.656000,-21.641000,31.120000
2.231,-0.073000,-0.865000,0.366000,16.031000,-19.496000,-19.664000,31.170000
2.238,-0.060000,-0.870000,0.380000,15.542000,-25.832000,-18.931000,31.070000
2.251,-0.058000,-0.853000,0.387000,14.687000,-32.130000,-18.763000,31.210000
2.262,-0.055000,-0.806000,0.415000,12.756000,-34.473000,-21.053000,31.210000
2.269,-0.012000,-0.795000,0.444000,9.176000,-33.267000,-23.336000,31.170000
2.282,0.044000,-0.779000,0.445000,7.573000,-25.725000,-24.817000,31.120000
2.289,0.086000,-0.790000,0.475000,6.359000,-20.901000,-26.107000,31.120000
2.301,0.094000,-0.815000,0.476000,7.931000,-14.618000,-24.656000,31.170000
2.308,0.137000,-0.844000,0.474000,11.359000,-11.214000,-20.336000,31.120000
2.320,0.144000,-0.868000,0.464000,13.672000,-1.840000,-14.939000,31.120000
2.332,0.091000,-0.873000,0.446000,14.992000,-7.756000,-9.397000,31.170000
2.340,0.031000,-0.833000,0.439000,14.374000,-11.908000,-4.489000,31.170000
2.351,-0.014000,-0.799000,0.427000,11.023000,-16.000000,-2.374000,31.120000
2.358,-0.009000,-0.767000,0.424000,6.786000,-20.885000,-4.298000,31.120000
2.370,-0.009000,-0.782000,0.443000,3.359000,-26.313000,-6.473000,31.170000
2.384,0.041000,-0.829000,0.438000,1.908000,-25.718000,-7.359000,31.120000
2.390,0.073000,-0.884000,0.445000,5.145000,-24.206000,-3.679000,31.120000
2.403,0.131000,-0.902000,0.413000,10.053000,-25.344000,1.977000,31.020000
2.409,0.107000,-0.915000,0.396000,15.557000,-26.885000,9.809000,31.070000
2.421,0.044000,-0.866000,0.389000,16.023000,-25.885000,14.649000,31.120000
2.428,-0.027000,-0.824000,0.379000,15.137000,-29.550000,17.420000,31.170000
2.441,-0.042000,-0.799000,0.407000,12.985000,-37.679000,17.992000,31.170000
2.453,-0.018000,-0.843000,0.414000,12.351000,-45.489000,15.763000,31.120000
2.459,0.053000,-0.906000,0.444000,16.809000,-52.130000,17.939000,31.210000
2.471,0.122000,-0.959000,0.414000,20.351000,-55.130000,18.924000,31.170000
2.478,0.174000,-0.994000,0.416000,27.351000,-43.954000,20.450000,31.120000
2.491,0.170000,-1.001000,0.398000,35.573000,-33.802000,27.725000,31.120000
2.498,0.131000,-0.909000,0.388000,37.321000,-25.206000,23.198000,31.070000
2.510,0.042000,-0.869000,0.371000,39.252000,-25.458000,18.389000,31.070000
2.522,0.011000,-0.850000,0.399000,41.870000,-30.832000,15.244000,31.020000
2.529,0.036000,-0.810000,0.445000,40.282000,-38.015000,14.344000,31.120000
2.542,0.077000,-0.784000,0.513000,37.695000,-39.962000,11.641000,31.070000
2.549,0.116000,-0.788000,0.548000,35.427000,-40.534000,12.534000,31.120000
2.560,0.148000,-0.776000,0.569000,34.099000,-36.771000,14.336000,31.120000
2.566,0.182000,-0.719000,0.604000,30.832000,-27.092000,10.687000,31.070000
2.580,0.164000,-0.706000,0.615000,29.687000,-20.557000,4.321000,31.120000
2.592,0.138000,-0.691000,0.617000,30.458000,-22.802000,4.527000,31.020000
2.599,0.114000,-0.681000,0.628000,28.176000,-28.046000,8.443000,31.070000
2.611,0.107000,-0.705000,0.626000,22.420000,-27.069000,10.954000,31.170000
2.618,0.149000,-0.727000,0.623000,16.550000,-26.382000,13.305000,31.120000
2.630,0.194000,-0.769000,0.614000,14.359000,-20.191000,12.641000,31.070000
2.638,0.239000,-0.804000,0.610000,12.252000,-14.649000,15.076000,31.170000
2.650,0.213000,-0.784000,0.605000,12.969000,-8.244000,16.794000,31.020000
2.662,0.143000,-0.748000,0.576000,7.382000,-3.855000,19.702000,31.120000
2.669,0.110000,-0.730000,0.560000,3.038000,-8.122000,21.809000,31.170000
2.681,0.128000,-0.723000,0.593000,1.244000,-13.336000,19.206000,31.070000
2.689,0.151000,-0.749000,0.595000,2.931000,-19.756000,18.962000,31.120000
2.701,0.197000,-0.777000,0.609000,3.863000,-15.260000,16.145000,31.170000
2.708,0.218000,-0.785000,0.593000,6.931000,-10.008000,15.252000,31.070000
2.720,0.188000,-0.780000,0.594000,10.641000,-0.191000,14.603000,31.120000
2.734,0.105000,-0.746000,0.565000,12.282000,8.931000,13.756000,31.120000
2.740,0.031000,-0.708000,0.504000,3.534000,16.137000,11.649000,31.170000
2.752,-0.078000,-0.683000,0.479000,1.298000,3.427000,14.389000,31.020000
2.759,-0.061000,-0.680000,0.479000,2.221000,-13.863000,18.229000,31.120000
2.771,0.029000,-0.727000,0.509000,7.519000,-23.672000,17.198000,31.070000
2.778,0.149000,-0.751000,0.594000,15.176000,-22.550000,11.237000,31.170000
2.792,0.202000,-0.729000,0.624000,19.573000,-14.237000,8.427000,31.210000
2.799,0.197000,-0.702000,0.653000,20.496000,-3.924000,5.160000,31.120000
2.810,0.160000,-0.715000,0.643000,15.336000,6.153000,3.756000,31.070000
2.822,0.134000,-0.739000,0.596000,10.229000,11.641000,3.130000,31.120000
2.830,0.094000,-0.754000,0.552000,7.664000,13.137000,3.328000,31.120000
2.842,0.064000,-0.808000,0.541000,3.229000,8.382000,7.389000,31.170000
2.850,0.082000,-0.828000,0.494000,2.252000,1.458000,12.374000,31.120000
2.862,0.055000,-0.828000,0.484000,2.473000,-2.771000,16.878000,31.020000
2.869,0.061000,-0.832000,0.495000,4.802000,-5.115000,20.733000,31.070000
2.881,0.091000,-0.824000,0.512000,11.519000,-14.931000,21.038000,31.070000
2.889,0.063000,-0.840000,0.505000,14.015000,-22.885000,22.206000,31.120000
2.901,0.069000,-0.811000,0.501000,10.687000,-18.298000,18.611000,31.210000
2.908,0.055000,-0.808000,0.515000,9.374000,-14.160000,13.817000,31.170000
2.920,0.047000,-0.805000,0.533000,9.878000,-19.481000,15.672000,31.120000
2.932,0.049000,-0.787000,0.549000,7.756000,-20.863000,15.008000,31.120000
2.939,0.050000,-0.762000,0.544000,4.481000,-23.351000,15.099000,31.070000
2.952,0.106000,-0.793000,0.554000,4.237000,-23.802000,17.511000,31.120000
2.960,0.201000,-0.844000,0.558000,8.145000,-19.725000,22.176000,31.120000
2.971,0.225000,-0.837000,0.574000,13.916000,-17.489000,30.038000,31.070000
2.977,0.189000,-0.808000,0.545000,17.779000,-18.237000,37.679000,31.170000
2.991,0.188000,-0.748000,0.592000,18.176000,-8.389000,36.046000,31.120000
3.003,0.169000,-0.739000,0.605000,20.046000,-2.718000,33.313000,31.170000
3.009,0.136000,-0.714000,0.626000,19.466000,-0.565000,32.534000,31.170000
3.022,0.123000,-0.714000,0.641000,18.550000,2.519000,31.321000,31.120000
3.029,0.113000,-0.712000,0.622000,17.901000,1.794000,31.679000,31.120000
3.042,0.068000,-0.734000,0.596000,17.786000,2.718000,32.603000,31.170000
3.049,0.054000,-0.719000,0.588000,12.557000,10.977000,29.038000,31.210000
3.060,0.033000,-0.733000,0.571000,9.107000,15.237000,24.954000,31.210000
3.067,-0.001000,-0.740000,0.566000,6.748000,17.313000,23.519000,31.210000
3.080,-0.003000,-0.714000,0.587000,3.794000,21.962000,18.481000,31.070000
3.093,-0.030000,-0.694000,0.582000,2.771000,20.206000,17.282000,31.020000
3.100,-0.030000,-0.700000,0.592000,2.725000,15.420000,18.336000,31.120000
3.112,0.007000,-0.750000,0.606000,3.649000,12.023000,18.496000,31.070000
3.119,0.026000,-0.780000,0.595000,8.298000,1.229000,22.168000,31.120000
3.131,-0.008000,-0.734000,0.603000,9.076000,-0.015000,23.947000,31.210000
3.139,-0.037000,-0.728000,0.591000,9.313000,-3.038000,25.328000,31.070000
3.152,-0.033000,-0.731000,0.594000,10.809000,-10.595000,27.687000,31.070000
3.162,-0.025000,-0.698000,0.615000,8.779000,-12.557000,29.916000,31.120000
3.169,-0.004000,-0.698000,0.634000,7.275000,-14.595000,31.847000,31.070000
3.182,-0.003000,-0.675000,0.663000,3.702000,-11.183000,34.595000,31.170000
3.189,-0.025000,-0.650000,0.660000,-1.687000,-6.901000,33.053000,31.120000
3.201,-0.036000,-0.633000,0.646000,-1.435000,-14.374000,29.794000,31.120000
3.208,-0.044000,-0.651000,0.621000,-1.824000,-15.328000,25.489000,31.070000
3.220,-0.028000,-0.624000,0.602000,-5.229000,0.099000,12.931000,31.120000
3.232,-0.049000,-0.679000,0.593000,-5.718000,14.107000,6.405000,31.120000
3.240,-0.142000,-0.734000,0.512000,-3.221000,18.863000,6.901000,31.170000
3.252,-0.243000,-0.736000,0.472000,-6.038000,16.511000,11.000000,31.070000
3.259,-0.366000,-0.698000,0.422000,-13.137000,11.321000,13.809000,31.120000
3.270,-0.444000,-0.652000,0.456000,-13.939000,-10.664000,17.473000,31.070000
3.283,-0.392000,-0.597000,0.541000,-14.855000,-26.344000,10.656000,31.070000
3.290,-0.298000,-0.586000,0.611000,-14.511000,-34.450000,-2.031000,31.210000
3.302,-0.168000,-0.609000,0.711000,-9.496000,-35.588000,-13.137000,31.120000
3.308,-0.018000,-0.668000,0.731000,-9.557000,-18.847000,-25.214000,31.070000
3.321,0.009000,-0.727000,0.673000,-10.863000,3.878000,-35.824000,31.020000
3.334,-0.014000,-0.778000,0.570000,-12.397000,15.046000,-39.588000,31.120000
3.340,0.052000,-0.863000,0.481000,-8.611000,15.840000,-40.847000,31.120000
3.352,0.098000,-0.940000,0.444000,-2.924000,9.565000,-35.580000,31.070000
3.359,0.179000,-0.982000,0.409000,1.710000,10.359000,-31.000000,31.310000
3.371,0.198000,-1.003000,0.418000,7.924000,1.824000,-19.450000,31.070000
3.378,0.140000,-0.945000,0.449000,12.840000,-3.893000,-7.511000,31.070000
3.391,0.090000,-0.849000,0.512000,16.931000,-11.855000,0.107000,31.020000
3.399,0.076000,-0.766000,0.583000,12.458000,-14.656000,0.015000,31.120000
3.410,0.104000,-0.768000,0.609000,9.450000,-18.542000,-2.321000,31.070000
3.422,0.191000,-0.802000,0.625000,10.641000,-16.107000,-7.427000,31.020000
3.429,0.258000,-0.828000,0.640000,12.252000,-5.939000,-10.870000,31.120000
3.442,0.280000,-0.847000,0.634000,16.000000,3.389000,-9.359000,31.070000
3.449,0.225000,-0.833000,0.636000,15.763000,14.756000,-4.374000,31.070000
3.461,0.109000,-0.771000,0.620000,11.412000,19.099000,1.473000,31.120000
3.468,0.011000,-0.708000,0.606000,5.534000,14.863000,6.244000,31.020000
3.481,0.016000,-0.713000,0.595000,0.588000,8.031000,7.809000,31.070000
3.488,0.074000,-0.725000,0.604000,0.672000,2.947000,4.954000,31.020000
3.501,0.137000,-0.759000,0.615000,6.473000,-3.496000,1.916000,31.120000
3.508,0.195000,-0.779000,0.638000,13.206000,-7.786000,0.237000,31.070000
3.520,0.163000,-0.743000,0.681000,14.504000,-2.015000,0.176000,31.170000
3.532,0.054000,-0.694000,0.664000,10.267000,5.901000,2.595000,31.120000
3.540,-0.053000,-0.649000,0.663000,1.916000,6.229000,3.733000,31.070000
3.552,-0.089000,-0.610000,0.666000,-8.046000,6.260000,2.649000,31.170000
3.559,-0.034000,-0.640000,0.654000,-16.985000,9.305000,-3.137000,31.120000
3.571,0.021000,-0.691000,0.638000,-19.557000,8.076000,-4.176000,31.120000
3.578,0.069000,-0.721000,0.639000,-19.076000,12.580000,-4.374000,31.170000
3.591,0.077000,-0.765000,0.607000,-16.687000,17.229000,-2.099000,31.120000
3.597,0.051000,-0.749000,0.587000,-15.344000,17.931000,0.229000,31.020000
3.610,-0.029000,-0.721000,0.579000,-12.718000,17.916000,0.855000,31.020000
3.622,-0.107000,-0.675000,0.588000,-13.290000,18.664000,0.107000,31.070000
3.629,-0.180000,-0.606000,0.600000,-18.153000,10.779000,-0.756000,31.020000
3.642,-0.244000,-0.530000,0.625000,-24.664000,-4.053000,-3.038000,31.170000
3.649,-0.239000,-0.542000,0.636000,-32.595000,-18.168000,-5.603000,31.070000
3.660,-0.114000,-0.625000,0.636000,-38.435000,-27.008000,-6.771000,31.210000
3.672,-0.002000,-0.696000,0.616000,-42.473000,-22.153000,-9.863000,31.120000
3.678,0.036000,-0.732000,0.581000,-40.405000,-12.626000,-14.649000,31.170000
3.691,0.068000,-0.772000,0.555000,-35.466000,-3.809000,-22.206000,31.210000
3.698,0.070000,-0.776000,0.528000,-29.527000,-6.733000,-25.611000,31.120000
3.710,0.080000,-0.767000,0.518000,-27.573000,-5.863000,-30.092000,31.070000
3.722,0.091000,-0.777000,0.507000,-25.634000,-3.145000,-31.107000,31.070000
3.729,0.088000,-0.770000,0.510000,-24.206000,-4.809000,-27.718000,31.120000
3.742,0.098000,-0.763000,0.515000,-28.588000,0.038000,-27.603000,31.120000
3.749,0.051000,-0.789000,0.493000,-29.748000,-6.176000,-21.832000,31.070000
3.760,0.058000,-0.782000,0.512000,-28.198000,-10.840000,-19.534000,31.020000
3.772,0.082000,-0.754000,0.532000,-27.840000,-11.687000,-22.313000,31.210000
3.779,0.100000,-0.747000,0.553000,-25.282000,-14.359000,-26.115000,31.070000
3.792,0.181000,-0.771000,0.584000,-20.855000,-11.573000,-30.267000,31.120000
3.799,0.282000,-0.839000,0.608000,-12.809000,-5.237000,-31.023000,31.210000
3.810,0.376000,-0.892000,0.612000,-6.710000,10.038000,-28.534000,31.070000
3.822,0.362000,-0.892000,0.611000,-3.206000,26.756000,-25.908000,31.120000
3.829,0.280000,-0.877000,0.571000,-2.076000,34.649000,-20.328000,31.120000
3.841,0.205000,-0.827000,0.540000,-4.756000,38.244000,-17.748000,31.070000
3.849,0.120000,-0.783000,0.529000,-7.878000,40.519000,-19.786000,31.170000
3.860,0.085000,-0.762000,0.520000,-10.244000,34.053000,-19.962000,31.020000
3.873,0.113000,-0.760000,0.537000,-12.084000,28.244000,-21.290000,31.120000
3.879,0.157000,-0.763000,0.598000,-11.229000,28.290000,-22.634000,31.070000
3.892,0.212000,-0.765000,0.633000,-8.626000,30.237000,-21.794000,31.120000
3.900,0.218000,-0.766000,0.642000,-7.603000,39.977000,-19.794000,31.120000
3.911,0.169000,-0.759000,0.612000,-9.962000,45.084000,-16.641000,31.070000
3.917,0.110000,-0.736000,0.575000,-12.405000,43.420000,-13.954000,31.120000
3.930,0.046000,-0.696000,0.529000,-18.443000,33.840000,-14.298000,31.120000
3.943,0.037000,-0.680000,0.526000,-23.420000,25.725000,-19.145000,31.070000
3.950,0.142000,-0.694000,0.568000,-24.824000,22.763000,-23.725000,30.980000
3.961,0.209000,-0.730000,0.588000,-27.099000,28.107000,-26.008000,31.120000
3.968,0.262000,-0.772000,0.611000,-19.809000,40.588000,-23.893000,31.070000
3.980,0.258000,-0.806000,0.615000,-18.298000,56.649000,-20.244000,31.070000
3.993,0.184000,-0.821000,0.556000,-18.260000,66.466000,-15.817000,31.120000
4.000,0.110000,-0.799000,0.476000,-18.901000,64.076000,-11.771000,31.210000
4.011,0.055000,-0.775000,0.439000,-18.840000,55.412000,-12.359000,31.070000
4.018,0.025000,-0.794000,0.425000,-20.412000,47.573000,-12.053000,31.120000
4.030,0.057000,-0.811000,0.436000,-19.244000,48.336000,-13.710000,31.120000
4.042,0.072000,-0.823000,0.450000,-17.931000,50.519000,-15.107000,31.070000
4.049,0.099000,-0.844000,0.480000,-17.084000,63.076000,-21.611000,31.070000
4.061,0.042000,-0.861000,0.457000,-17.557000,71.290000,-22.260000,31.210000
4.068,-0.001000,-0.823000,0.438000,-17.336000,69.664000,-20.595000,31.070000
4.080,-0.026000,-0.783000,0.425000,-17.550000,64.870000,-21.168000,31.170000
4.093,-0.037000,-0.765000,0.438000,-19.015000,57.656000,-23.595000,31.020000
4.100,-0.017000,-0.785000,0.465000,-18.412000,52.557000,-26.985000,31.120000
4.111,0.035000,-0.835000,0.488000,-17.137000,50.221000,-28.328000,31.170000
4.118,0.072000,-0.871000,0.519000,-14.275000,50.580000,-26.221000,31.120000
4.130,0.083000,-0.888000,0.500000,-13.153000,56.252000,-24.496000,31.020000
4.142,-0.003000,-0.872000,0.462000,-17.855000,63.832000,-25.198000,31.120000
4.150,-0.091000,-0.839000,0.366000,-21.427000,56.802000,-21.527000,31.170000
4.161,-0.132000,-0.829000,0.337000,-22.275000,43.221000,-20.740000,31.120000
4.168,-0.113000,-0.846000,0.342000,-21.305000,32.321000,-22.336000,31.170000
4.180,-0.031000,-0.875000,0.389000,-16.756000,20.168000,-23.176000,31.170000
4.193,0.022000,-0.879000,0.430000,-14.145000,17.771000,-23.695000,31.120000
4.200,0.073000,-0.895000,0.457000,-11.214000,24.191000,-22.542000,31.020000
4.211,0.074000,-0.887000,0.441000,-10.908000,32.939000,-22.374000,31.070000
4.218,0.026000,-0.848000,0.398000,-15.603000,43.382000,-25.244000,31.120000
4.230,-0.017000,-0.797000,0.371000,-14.947000,40.061000,-26.947000,31.020000
4.243,0.008000,-0.767000,0.390000,-15.603000,40.748000,-31.725000,31.170000
4.250,0.037000,-0.805000,0.417000,-14.015000,38.359000,-34.939000,31.210000
4.261,0.065000,-0.813000,0.431000,-10.206000,34.275000,-34.046000,31.120000
4.268,0.069000,-0.824000,0.453000,-7.206000,33.435000,-32.763000,31.120000
4.280,0.009000,-0.856000,0.424000,-5.809000,26.176000,-26.298000,31.070000
4.293,-0.014000,-0.806000,0.389000,-6.710000,23.771000,-29.031000,31.210000
4.300,0.010000,-0.787000,0.390000,-11.168000,32.366000,-38.244000,31.170000
4.311,0.053000,-0.811000,0.371000,-11.824000,38.023000,-46.939000,31.170000
4.318,0.110000,-0.830000,0.392000,-9.809000,37.489000,-48.802000,31.120000
4.330,0.171000,-0.882000,0.423000,-3.794000,39.427000,-46.794000,31.120000
4.338,0.141000,-0.929000,0.446000,-2.282000,46.397000,-44.290000,31.170000
4.350,0.066000,-0.955000,0.427000,-3.756000,49.252000,-40.794000,31.120000
4.362,0.063000,-0.939000,0.388000,-3.191000,42.275000,-37.084000,31.120000
4.369,0.068000,-0.892000,0.393000,-5.168000,42.702000,-39.115000,31.070000
4.381,0.101000,-0.816000,0.397000,-5.504000,41.389000,-41.435000,31.170000
4.389,0.156000,-0.758000,0.422000,-6.756000,43.031000,-42.885000,31.120000
4.400,0.149000,-0.772000,0.462000,-10.847000,44.298000,-40.947000,31.120000
4.412,0.183000,-0.893000,0.457000,-10.977000,41.252000,-38.069000,31.070000
4.419,0.180000,-0.948000,0.454000,-13.000000,44.519000,-36.321000,31.120000
4.432,0.143000,-0.970000,0.396000,-13.802000,45.267000,-32.855000,31.170000
4.439,0.139000,-0.923000,0.354000,-12.779000,40.153000,-30.863000,31.170000
4.451,0.095000,-0.795000,0.330000,-14.160000,34.351000,-30.382000,31.120000
4.462,0.059000,-0.735000,0.338000,-15.244000,21.511000,-26.290000,31.210000
4.469,0.065000,-0.694000,0.391000,-18.695000,13.443000,-26.122000,31.070000
4.482,0.109000,-0.780000,0.467000,-21.565000,11.908000,-28.053000,31.120000
4.489,0.181000,-0.888000,0.492000,-20.840000,10.924000,-28.023000,31.120000
4.501,0.242000,-0.955000,0.489000,-18.374000,14.489000,-26.130000,31.170000
4.509,0.242000,-0.983000,0.464000,-15.336000,22.427000,-25.290000,31.070000
4.520,0.184000,-0.963000,0.407000,-14.344000,27.794000,-24.733000,31.120000
4.532,0.146000,-0.927000,0.375000,-13.947000,26.603000,-22.939000,31.020000
4.539,0.120000,-0.878000,0.364000,-14.832000,22.412000,-19.771000,31.170000
4.551,0.098000,-0.860000,0.386000,-15.489000,22.382000,-17.931000,31.120000
4.559,0.096000,-0.907000,0.407000,-16.710000,20.756000,-17.397000,31.120000
4.570,0.106000,-0.936000,0.411000,-18.229000,18.489000,-16.817000,31.170000
4.582,0.129000,-0.948000,0.406000,-19.176000,18.824000,-17.328000,31.120000
4.589,0.177000,-0.947000,0.383000,-17.519000,20.275000,-18.084000,31.120000
4.602,0.225000,-0.900000,0.389000,-15.840000,29.183000,-22.435000,31.070000
4.610,0.187000,-0.846000,0.376000,-14.405000,31.908000,-19.794000,31.170000
4.620,0.150000,-0.814000,0.396000,-11.672000,28.328000,-16.489000,31.020000
4.632,0.106000,-0.797000,0.416000,-11.137000,25.847000,-15.015000,31.170000
4.640,0.100000,-0.786000,0.452000,-12.809000,25.534000,-15.145000,31.070000
4.652,0.081000,-0.828000,0.451000,-15.252000,23.947000,-16.748000,31.120000
4.658,0.095000,-0.844000,0.420000,-17.847000,24.992000,-18.282000,31.120000
4.670,0.083000,-0.832000,0.376000,-19.908000,25.336000,-19.794000,31.170000
4.682,0.117000,-0.824000,0.337000,-19.076000,23.275000,-21.191000,31.120000
4.689,0.184000,-0.799000,0.317000,-14.687000,22.046000,-23.145000,31.020000
4.701,0.201000,-0.846000,0.351000,-9.122000,21.313000,-23.084000,31.070000
4.709,0.208000,-0.897000,0.356000,-5.939000,20.733000,-21.076000,31.170000
4.720,0.239000,-0.913000,0.352000,-2.351000,19.290000,-19.992000,31.020000
4.727,0.189000,-0.948000,0.337000,-3.954000,17.756000,-15.641000,31.170000
4.741,0.198000,-0.914000,0.337000,-3.298000,14.664000,-14.519000,31.170000
4.752,0.231000,-0.866000,0.344000,-8.023000,23.130000,-18.916000,31.020000
4.759,0.250000,-0.874000,0.327000,-7.344000,23.618000,-19.618000,31.210000
4.771,0.255000,-0.890000,0.348000,-7.160000,26.000000,-18.290000,31.070000
4.778,0.238000,-0.953000,0.353000,-4.824000,29.153000,-15.832000,31.120000
4.790,0.193000,-0.987000,0.358000,-4.282000,30.802000,-12.794000,31.020000
4.803,0.138000,-0.999000,0.344000,-5.550000,27.733000,-9.130000,31.170000
4.810,0.099000,-0.971000,0.334000,-6.489000,19.153000,-7.443000,31.120000
4.822,0.127000,-0.939000,0.322000,-7.824000,11.252000,-5.328000,31.210000
4.829,0.181000,-0.894000,0.339000,-7.817000,8.092000,-5.878000,31.170000
4.842,0.217000,-0.859000,0.364000,-8.053000,4.855000,-3.420000,31.070000
4.849,0.208000,-0.857000,0.385000,-7.794000,3.893000,0.344000,31.210000
4.861,0.153000,-0.854000,0.407000,-9.435000,3.687000,2.908000,31.170000
4.868,0.106000,-0.861000,0.395000,-13.519000,2.542000,3.206000,31.170000
4.881,0.097000,-0.892000,0.366000,-15.435000,0.504000,2.450000,31.120000
4.888,0.166000,-0.904000,0.365000,-14.153000,4.969000,-1.824000,31.120000
4.901,0.218000,-0.909000,0.340000,-9.992000,10.107000,-4.389000,31.170000
4.912,0.240000,-0.882000,0.316000,-4.985000,13.595000,-5.038000,31.120000
4.919,0.200000,-0.865000,0.332000,1.176000,11.458000,-4.313000,31.120000
4.932,0.150000,-0.885000,0.352000,4.275000,8.748000,-4.603000,31.070000
4.940,0.130000,-0.935000,0.374000,3.275000,13.634000,-8.702000,31.070000
4.952,0.110000,-0.870000,0.395000,-1.786000,10.412000,-8.450000,31.120000
4.959,0.103000,-0.846000,0.403000,-4.511000,8.450000,-6.931000,31.170000
4.971,0.158000,-0.842000,0.406000,-7.221000,12.221000,-6.718000,31.170000
4.978,0.202000,-0.844000,0.403000,-9.298000,17.214000,-6.733000,31.120000
4.991,0.192000,-0.875000,0.401000,-9.115000,17.863000,-3.695000,31.070000
5.003,0.139000,-0.897000,0.406000,-10.298000,16.298000,-0.725000,31.070000
5.009,0.095000,-0.927000,0.379000,-11.000000,11.328000,1.992000,31.020000
5.022,0.085000,-0.957000,0.361000,-11.924000,5.809000,2.954000,31.210000
5.029,0.105000,-0.976000,0.331000,-10.763000,2.137000,2.076000,31.070000
5.041,0.178000,-0.973000,0.328000,-7.084000,4.244000,0.748000,31.120000
5.048,0.257000,-0.950000,0.333000,-6.908000,10.061000,-0.504000,31.020000
5.061,0.262000,-0.924000,0.350000,-6.588000,16.076000,-0.053000,31.210000
5.068,0.214000,-0.902000,0.355000,-7.534000,17.351000,3.099000,31.170000
5.080,0.147000,-0.893000,0.342000,-9.924000,17.504000,4.840000,31.210000
5.093,0.121000,-0.908000,0.334000,-11.977000,14.481000,6.183000,31.070000
5.101,0.141000,-0.936000,0.325000,-10.565000,10.771000,7.313000,31.070000
5.112,0.193000,-0.948000,0.316000,-8.977000,11.840000,6.947000,31.120000
5.119,0.234000,-0.937000,0.304000,-4.031000,13.565000,7.435000,31.210000
5.132,0.247000,-0.909000,0.309000,-0.374000,17.534000,8.053000,31.170000
5.139,0.203000,-0.926000,0.322000,2.679000,19.359000,10.176000,31.210000
5.152,0.137000,-0.913000,0.314000,1.832000,22.008000,12.176000,31.120000
5.159,0.062000,-0.905000,0.302000,0.328000,22.916000,11.420000,31.170000
5.170,0.028000,-0.886000,0.302000,-1.260000,16.214000,12.137000,31.210000
5.183,0.023000,-0.893000,0.304000,-3.672000,11.733000,12.000000,31.210000
5.191,0.037000,-0.886000,0.307000,-0.130000,3.275000,11.878000,31.120000
5.202,0.068000,-0.860000,0.310000,2.870000,-4.595000,12.847000,31.170000
5.210,0.083000,-0.862000,0.338000,4.885000,-4.176000,11.099000,31.120000
5.222,0.071000,-0.889000,0.345000,8.244000,-3.733000,9.763000,31.070000
5.229,0.069000,-0.903000,0.350000,8.008000,-3.122000,8.740000,31.170000
5.241,0.053000,-0.897000,0.349000,7.328000,-3.481000,7.099000,31.120000
5.250,0.079000,-0.889000,0.363000,3.427000,0.786000,3.443000,31.120000
5.261,0.118000,-0.880000,0.364000,3.069000,1.916000,1.725000,31.070000
5.268,0.158000,-0.872000,0.367000,2.321000,6.053000,-0.687000,31.020000
5.281,0.142000,-0.889000,0.380000,3.137000,9.046000,-0.489000,31.120000
5.288,0.108000,-0.899000,0.389000,5.550000,10.702000,-0.313000,31.170000
5.301,0.078000,-0.892000,0.404000,6.702000,10.718000,-0.382000,31.210000
5.309,0.058000,-0.895000,0.409000,6.267000,8.702000,-0.824000,31.120000
5.320,0.074000,-0.876000,0.414000,5.435000,8.878000,-1.985000,31.120000
5.333,0.127000,-0.880000,0.414000,5.611000,11.305000,-2.344000,31.170000
5.341,0.152000,-0.887000,0.394000,7.611000,11.794000,-0.870000,31.120000
5.353,0.127000,-0.886000,0.404000,8.023000,14.160000,-0.412000,31.070000
5.359,0.080000,-0.911000,0.435000,8.832000,11.160000,1.519000,31.170000
5.371,0.078000,-0.913000,0.436000,6.603000,10.122000,0.710000,31.120000
5.379,0.081000,-0.918000,0.444000,2.321000,10.107000,-0.382000,31.120000
5.391,0.134000,-0.909000,0.432000,-2.122000,13.321000,-2.084000,31.070000
5.398,0.163000,-0.902000,0.423000,-6.901000,23.962000,-2.916000,31.120000
5.410,0.174000,-0.896000,0.405000,-8.855000,30.672000,-0.992000,31.120000
5.417,0.149000,-0.945000,0.368000,-7.618000,30.565000,2.748000,31.070000
5.430,0.110000,-0.971000,0.335000,-4.168000,28.382000,4.435000,31.120000
5.443,0.067000,-0.967000,0.332000,0.031000,21.328000,5.397000,31.120000
5.450,0.053000,-0.950000,0.334000,1.725000,16.405000,4.206000,31.120000
5.462,0.088000,-0.946000,0.346000,3.481000,10.489000,4.313000,31.170000
5.469,0.125000,-0.932000,0.344000,4.069000,7.977000,6.260000,31.020000
5.482,0.133000,-0.935000,0.340000,4.015000,11.252000,6.664000,31.260000
5.489,0.126000,-0.937000,0.339000,4.863000,14.557000,6.863000,31.170000
5.502,0.097000,-0.953000,0.321000,6.336000,15.099000,7.092000,31.210000
5.509,0.088000,-0.943000,0.316000,7.962000,15.000000,5.573000,31.070000
5.521,0.104000,-0.941000,0.332000,8.168000,17.168000,2.664000,31.070000
5.528,0.131000,-0.945000,0.336000,9.069000,16.412000,2.733000,31.020000
5.541,0.191000,-0.923000,0.354000,7.450000,21.107000,0.718000,31.210000
5.548,0.177000,-0.930000,0.381000,10.611000,16.282000,5.603000,31.170000
5.560,0.158000,-0.921000,0.391000,11.863000,12.534000,10.198000,31.120000
5.572,0.098000,-0.912000,0.400000,10.634000,11.595000,12.038000,31.120000
5.580,0.039000,-0.916000,0.394000,9.191000,5.420000,12.954000,31.070000
5.593,0.027000,-0.916000,0.422000,5.977000,3.191000,10.443000,31.120000
5.599,0.048000,-0.910000,0.428000,3.252000,5.588000,7.527000,31.120000
5.612,0.074000,-0.939000,0.436000,2.771000,8.634000,7.626000,31.070000
5.619,0.101000,-0.948000,0.430000,2.947000,14.504000,7.878000,31.170000
5.632,0.071000,-0.954000,0.420000,3.916000,14.908000,10.137000,31.120000
5.639,0.022000,-0.966000,0.410000,5.611000,9.725000,11.588000,31.170000
5.651,0.010000,-0.956000,0.416000,6.443000,2.870000,11.702000,31.070000
5.659,-0.008000,-0.938000,0.413000,4.870000,-3.427000,10.695000,31.120000
5.671,-0.002000,-0.891000,0.444000,3.489000,-5.206000,6.374000,31.120000
5.678,0.034000,-0.872000,0.453000,0.626000,-5.252000,2.595000,31.170000
5.690,0.055000,-0.900000,0.468000,-0.221000,-4.237000,1.031000,31.120000
5.699,0.081000,-0.938000,0.479000,2.962000,-1.252000,1.153000,31.120000
5.710,0.107000,-0.959000,0.464000,5.916000,3.702000,2.702000,31.070000
5.723,0.092000,-0.942000,0.460000,7.221000,4.908000,4.710000,31.070000
5.730,0.074000,-0.895000,0.469000,5.099000,7.000000,5.405000,31.120000
5.742,0.081000,-0.868000,0.470000,-1.000000,12.015000,3.015000,31.070000
5.749,0.047000,-0.813000,0.467000,-7.107000,13.290000,1.580000,31.170000
5.761,0.051000,-0.812000,0.454000,-11.496000,16.916000,-1.473000,31.120000
5.768,0.019000,-0.833000,0.438000,-16.786000,12.878000,-1.359000,31.120000
5.781,-0.017000,-0.879000,0.416000,-19.924000,5.267000,0.557000,31.070000
5.788,-0.023000,-0.906000,0.386000,-20.809000,-1.267000,2.153000,31.120000
5.800,-0.026000,-0.909000,0.389000,-20.229000,-5.443000,3.153000,31.120000
5.812,-0.009000,-0.926000,0.375000,-17.366000,-8.107000,5.519000,31.070000
5.819,0.024000,-0.933000,0.362000,-14.794000,-6.130000,6.053000,31.170000
5.832,0.032000,-0.937000,0.362000,-11.496000,-4.725000,6.038000,31.120000
5.839,0.035000,-0.912000,0.387000,-7.458000,-2.061000,3.260000,31.120000
5.851,0.053000,-0.902000,0.394000,-3.145000,-0.565000,-0.542000,31.070000
5.859,0.034000,-0.899000,0.412000,-0.595000,3.092000,-5.511000,31.120000
5.870,0.055000,-0.900000,0.417000,2.679000,7.908000,-10.443000,31.210000
5.877,0.096000,-0.886000,0.419000,4.824000,13.176000,-16.351000,31.070000
5.891,0.063000,-0.850000,0.420000,-0.802000,12.435000,-16.107000,31.120000
5.902,0.019000,-0.846000,0.353000,-5.573000,-1.435000,-10.061000,31.120000
5.909,-0.002000,-0.860000,0.325000,-13.771000,-14.626000,-2.321000,31.170000
5.921,0.026000,-0.875000,0.329000,-16.542000,-22.840000,5.687000,31.170000
5.928,0.083000,-0.890000,0.350000,-16.939000,-26.412000,10.580000,31.120000
5.941,0.115000,-0.928000,0.387000,-17.420000,-22.763000,11.908000,31.170000
5.952,0.160000,-0.975000,0.390000,-9.122000,-17.672000,13.267000,30.980000
5.959,0.222000,-0.988000,0.400000,-0.542000,-6.832000,10.870000,31.210000
5.972,0.222000,-0.970000,0.417000,8.168000,8.702000,6.412000,31.120000
5.979,0.140000,-0.924000,0.406000,11.443000,21.756000,3.557000,31.260000
5.991,0.007000,-0.880000,0.343000,6.992000,18.519000,5.748000,31.120000
6.000,-0.108000,-0.841000,0.297000,-3.473000,1.855000,10.924000,31.210000
6.010,-0.146000,-0.851000,0.268000,-12.305000,-18.885000,16.015000,31.070000
6.023,-0.072000,-0.893000,0.304000,-13.275000,-38.374000,18.053000,31.170000
6.029,0.006000,-0.925000,0.358000,-8.198000,-46.504000,15.863000,31.120000
6.042,0.117000,-0.963000,0.411000,-1.656000,-43.840000,9.366000,31.170000
6.050,0.228000,-0.958000,0.475000,3.252000,-27.740000,-1.626000,31.170000
6.061,0.257000,-0.961000,0.487000,3.107000,-5.794000,-10.458000,31.120000
6.068,0.216000,-0.960000,0.451000,0.176000,8.244000,-11.176000,31.120000
6.081,0.176000,-0.954000,0.435000,0.145000,17.466000,-11.427000,31.170000
6.088,0.119000,-0.966000,0.390000,-1.481000,17.374000,-7.099000,31.120000
6.101,0.095000,-0.974000,0.357000,-5.336000,14.237000,-2.351000,31.210000
6.112,0.041000,-0.966000,0.312000,-6.733000,3.794000,2.595000,31.020000
6.119,0.042000,-0.983000,0.283000,-11.618000,-8.046000,6.672000,31.170000
6.131,0.053000,-0.999000,0.287000,-10.893000,-20.214000,12.710000,31.120000
6.139,0.103000,-0.972000,0.317000,-9.023000,-19.595000,12.786000,31.070000
6.151,0.108000,-0.925000,0.341000,-7.290000,-14.221000,10.756000,31.170000
6.158,0.083000,-0.876000,0.356000,-6.397000,-8.359000,6.405000,31.120000
6.170,0.085000,-0.893000,0.362000,-5.115000,-1.061000,1.901000,31.120000
6.176,0.063000,-0.923000,0.330000,-0.107000,0.389000,-0.573000,31.170000
6.191,0.069000,-0.946000,0.321000,3.786000,2.847000,-3.046000,31.210000
6.202,0.090000,-0.962000,0.308000,4.931000,8.260000,-7.687000,31.120000
6.209,0.088000,-0.992000,0.307000,8.229000,7.069000,-8.473000,31.170000
6.222,0.102000,-0.995000,0.320000,10.802000,3.405000,-8.160000,31.170000
6.229,0.104000,-1.010000,0.349000,11.534000,-2.969000,-3.740000,31.120000
6.241,0.086000,-1.006000,0.350000,11.466000,-13.237000,3.611000,31.120000
6.250,0.068000,-0.966000,0.359000,11.061000,-21.214000,10.870000,31.170000
6.261,0.053000,-0.935000,0.368000,13.092000,-28.122000,16.885000,31.120000
6.266,0.087000,-0.920000,0.358000,10.145000,-25.618000,16.687000,31.120000
6.280,0.111000,-0.913000,0.385000,11.107000,-14.481000,8.252000,31.070000
6.293,0.156000,-0.938000,0.425000,13.252000,0.046000,-5.420000,31.120000
6.300,0.161000,-0.931000,0.420000,14.092000,15.115000,-18.466000,31.120000
6.311,0.095000,-0.955000,0.405000,17.473000,14.672000,-18.344000,31.170000
6.318,0.065000,-0.956000,0.394000,18.260000,10.924000,-14.405000,31.170000
6.331,0.046000,-0.949000,0.375000,17.908000,6.702000,-9.931000,31.120000
6.338,0.029000,-0.944000,0.402000,14.931000,-0.481000,-4.282000,31.120000
6.351,0.003000,-0.922000,0.409000,10.351000,-10.458000,0.954000,31.170000
6.362,0.015000,-0.903000,0.421000,3.649000,-29.275000,5.176000,31.120000
6.369,-0.006000,-0.909000,0.435000,-2.947000,-39.939000,8.595000,31.120000
6.382,0.036000,-0.907000,0.455000,-6.771000,-38.756000,8.779000,31.210000
6.390,0.054000,-0.923000,0.482000,-5.809000,-29.588000,6.466000,31.170000
6.401,0.082000,-0.899000,0.500000,-3.733000,-11.740000,-2.344000,31.210000
6.408,0.080000,-0.925000,0.479000,-0.802000,-0.252000,-8.824000,31.070000
6.420,0.143000,-0.919000,0.468000,1.084000,13.664000,-17.137000,31.170000
6.432,0.125000,-0.894000,0.453000,-0.763000,27.015000,-21.435000,31.210000
6.441,0.045000,-0.897000,0.385000,-0.519000,22.672000,-18.115000,31.020000
6.451,0.025000,-0.883000,0.331000,-5.397000,11.099000,-14.450000,31.070000
6.459,0.034000,-0.885000,0.318000,-14.351000,-1.809000,-8.321000,31.120000
6.471,0.072000,-0.916000,0.297000,-20.809000,-13.489000,-1.771000,31.120000
6.477,0.146000,-0.952000,0.288000,-21.137000,-13.473000,2.527000,31.260000
6.491,0.215000,-0.956000,0.310000,-15.183000,-1.992000,-0.557000,31.120000
6.502,0.258000,-0.997000,0.334000,-4.565000,2.878000,1.725000,31.120000
6.509,0.239000,-0.974000,0.309000,2.962000,9.802000,1.435000,31.120000
6.522,0.180000,-0.905000,0.308000,7.412000,19.015000,-1.237000,30.980000
6.529,0.063000,-0.855000,0.293000,4.359000,20.145000,-2.183000,31.120000
6.542,0.009000,-0.876000,0.282000,5.901000,13.534000,-3.603000,31.170000
6.550,0.011000,-0.875000,0.323000,6.977000,12.824000,-6.191000,31.170000
6.561,0.010000,-0.881000,0.337000,13.229000,13.794000,-9.695000,31.120000
6.568,0.036000,-0.868000,0.353000,18.885000,16.794000,-15.176000,31.120000
6.580,0.050000,-0.889000,0.366000,21.878000,14.511000,-16.481000,31.170000
6.593,0.067000,-0.873000,0.360000,23.809000,9.298000,-16.023000,31.020000
6.600,0.080000,-0.859000,0.361000,24.962000,4.641000,-14.901000,31.210000
6.612,0.105000,-0.855000,0.351000,22.489000,-0.763000,-13.679000,31.170000
6.618,0.162000,-0.863000,0.360000,18.290000,-8.840000,-11.855000,31.170000
6.631,0.208000,-0.916000,0.338000,14.817000,-14.786000,-5.885000,31.120000
6.638,0.278000,-0.959000,0.373000,14.481000,-5.878000,-2.061000,31.120000
6.651,0.277000,-0.970000,0.407000,17.389000,8.252000,2.481000,31.170000
6.658,0.188000,-0.914000,0.446000,21.740000,18.206000,4.137000,31.120000
6.670,0.085000,-0.825000,0.433000,20.260000,21.603000,1.489000,31.120000
6.682,-0.005000,-0.799000,0.442000,13.832000,17.321000,-2.534000,31.170000
6.691,-0.006000,-0.803000,0.419000,4.656000,11.855000,-4.130000,31.120000
6.701,0.026000,-0.832000,0.415000,9.725000,-2.939000,-5.107000,31.210000
6.709,0.109000,-0.838000,0.452000,14.802000,-9.664000,-7.450000,31.170000
6.721,0.201000,-0.887000,0.460000,20.053000,-8.092000,-10.252000,31.260000
6.728,0.231000,-0.910000,0.460000,23.756000,-4.023000,-10.267000,31.210000
6.741,0.238000,-0.906000,0.460000,24.214000,1.588000,-8.084000,31.170000
6.753,0.203000,-0.895000,0.466000,20.779000,7.573000,-5.382000,31.170000
6.760,0.131000,-0.859000,0.431000,15.221000,1.664000,0.588000,31.210000
6.772,0.110000,-0.838000,0.441000,9.344000,-4.092000,5.130000,31.120000
6.779,0.105000,-0.841000,0.431000,4.954000,-8.710000,9.252000,31.170000
6.792,0.155000,-0.850000,0.443000,2.267000,-5.221000,10.084000,31.210000
6.799,0.183000,-0.856000,0.462000,1.031000,4.947000,8.634000,31.310000
6.811,0.149000,-0.873000,0.445000,2.206000,9.298000,9.435000,31.170000
6.819,0.111000,-0.867000,0.411000,5.511000,12.260000,8.008000,31.120000
6.831,0.101000,-0.875000,0.407000,10.382000,14.435000,3.763000,31.210000
6.839,0.105000,-0.853000,0.402000,13.756000,16.748000,-2.008000,31.170000
6.851,0.075000,-0.844000,0.391000,13.725000,11.473000,-5.130000,31.170000
6.858,0.071000,-0.858000,0.385000,12.969000,3.565000,-3.710000,31.310000
6.870,0.105000,-0.875000,0.377000,11.183000,-0.504000,1.275000,31.170000
6.882,0.108000,-0.904000,0.367000,10.229000,-5.206000,8.260000,31.170000
6.891,0.108000,-0.890000,0.371000,10.794000,-8.916000,14.908000,31.120000
6.902,0.117000,-0.877000,0.369000,12.702000,-6.557000,13.786000,31.120000
6.909,0.093000,-0.883000,0.368000,14.641000,-2.641000,9.740000,31.170000
6.921,0.064000,-0.892000,0.400000,18.802000,-2.069000,6.504000,31.120000
6.928,0.041000,-0.869000,0.409000,21.000000,0.893000,1.992000,31.120000
6.941,0.047000,-0.856000,0.416000,22.221000,2.618000,-2.038000,31.170000
6.950,0.060000,-0.860000,0.457000,22.687000,8.634000,-6.771000,31.070000
6.960,0.064000,-0.860000,0.508000,25.557000,11.122000,-9.290000,31.120000
6.973,0.068000,-0.805000,0.547000,24.015000,12.947000,-11.527000,31.170000
6.979,0.074000,-0.805000,0.559000,21.420000,6.824000,-11.550000,31.170000
6.993,0.119000,-0.816000,0.576000,19.198000,1.221000,-11.328000,31.210000
7.001,0.146000,-0.831000,0.561000,12.679000,1.916000,-9.931000,31.120000
7.011,0.170000,-0.868000,0.561000,11.244000,0.275000,-5.603000,31.260000
7.019,0.174000,-0.895000,0.546000,9.191000,0.496000,-0.870000,31.210000
7.031,0.157000,-0.897000,0.547000,9.450000,2.115000,0.687000,31.210000
7.039,0.137000,-0.871000,0.543000,11.366000,1.962000,-0.267000,31.120000
7.051,0.121000,-0.847000,0.564000,12.351000,0.557000,-3.061000,31.170000
7.058,0.128000,-0.822000,0.583000,11.710000,-0.305000,-5.947000,31.210000
7.070,0.130000,-0.798000,0.573000,9.710000,-1.557000,-7.374000,31.170000
7.082,0.156000,-0.768000,0.552000,3.260000,-6.702000,-4.794000,31.170000
7.090,0.156000,-0.800000,0.548000,-1.977000,-11.427000,0.969000,31.210000
7.102,0.183000,-0.826000,0.524000,-3.565000,-19.962000,9.885000,31.120000
7.109,0.235000,-0.840000,0.501000,-7.840000,-16.237000,10.275000,31.170000
7.121,0.214000,-0.839000,0.503000,-10.687000,-1.863000,8.031000,31.120000
7.128,0.155000,-0.837000,0.488000,-9.336000,1.733000,8.656000,31.120000
7.141,0.120000,-0.822000,0.481000,-6.870000,2.573000,8.687000,31.170000
7.149,0.110000,-0.805000,0.499000,-5.893000,2.893000,7.374000,31.170000
7.161,0.075000,-0.794000,0.493000,-6.695000,1.443000,6.374000,31.120000
7.168,0.056000,-0.787000,0.495000,-5.962000,-1.153000,5.748000,31.120000
7.180,0.069000,-0.795000,0.503000,-4.237000,-3.183000,4.397000,31.170000
7.192,0.115000,-0.810000,0.518000,-0.656000,-4.237000,2.802000,31.210000
7.201,0.139000,-0.816000,0.522000,1.305000,-3.985000,1.267000,31.120000
7.212,0.139000,-0.799000,0.514000,1.130000,-2.031000,1.053000,31.170000
7.219,0.124000,-0.807000,0.494000,0.603000,-4.328000,2.405000,31.170000
7.232,0.137000,-0.818000,0.467000,-1.359000,-3.023000,1.618000,31.210000
7.239,0.146000,-0.844000,0.472000,-2.618000,-0.504000,0.153000,31.170000
7.252,0.158000,-0.869000,0.457000,-0.405000,-0.618000,0.107000,31.170000
7.258,0.174000,-0.878000,0.467000,1.893000,0.115000,-0.893000,31.120000
7.270,0.174000,-0.873000,0.469000,4.695000,-1.481000,-0.687000,31.210000
7.278,0.189000,-0.855000,0.470000,4.947000,-2.641000,0.511000,31.070000
7.290,0.193000,-0.857000,0.473000,5.267000,-3.046000,2.473000,31.120000
7.298,0.202000,-0.871000,0.473000,5.168000,-0.603000,2.840000,31.120000
7.310,0.198000,-0.868000,0.484000,4.321000,5.427000,2.336000,31.120000
7.322,0.159000,-0.865000,0.473000,4.802000,7.786000,3.069000,31.260000
7.330,0.135000,-0.870000,0.462000,2.947000,7.313000,5.008000,31.120000
7.343,0.078000,-0.861000,0.437000,1.916000,1.763000,7.992000,31.070000
7.350,0.061000,-0.845000,0.448000,1.733000,-4.817000,10.252000,31.070000
7.362,0.070000,-0.848000,0.461000,4.366000,-11.916000,11.282000,31.120000
7.369,0.075000,-0.829000,0.494000,4.763000,-10.275000,9.832000,31.210000
7.382,0.072000,-0.814000,0.507000,4.046000,-2.473000,5.870000,31.170000
7.390,0.042000,-0.801000,0.515000,2.985000,3.252000,2.260000,31.210000
7.401,0.052000,-0.807000,0.510000,2.443000,8.145000,-3.000000,31.120000
7.409,0.053000,-0.817000,0.512000,0.649000,12.817000,-7.153000,31.170000
7.421,0.064000,-0.827000,0.509000,2.160000,15.962000,-9.809000,31.170000
7.428,0.072000,-0.850000,0.493000,2.847000,16.489000,-10.679000,31.210000
7.440,0.071000,-0.865000,0.479000,3.817000,12.954000,-9.771000,31.120000
7.453,0.087000,-0.872000,0.484000,5.313000,8.115000,-7.969000,31.170000
7.460,0.102000,-0.839000,0.498000,7.565000,4.893000,-7.328000,31.120000
7.472,0.125000,-0.835000,0.505000,9.511000,1.107000,-7.924000,31.260000
7.479,0.152000,-0.818000,0.519000,10.359000,-1.153000,-8.000000,31.260000
7.491,0.162000,-0.802000,0.525000,10.595000,-1.519000,-7.191000,31.120000
7.500,0.190000,-0.807000,0.548000,11.092000,0.878000,-6.954000,31.210000
7.511,0.205000,-0.809000,0.551000,12.015000,3.985000,-7.924000,31.170000
7.518,0.193000,-0.805000,0.534000,12.336000,4.573000,-6.824000,31.210000
7.531,0.184000,-0.797000,0.541000,8.817000,5.321000,-7.389000,31.120000
7.539,0.156000,-0.806000,0.505000,4.885000,-0.565000,-2.298000,31.260000
7.550,0.182000,-0.810000,0.505000,2.565000,-4.290000,0.153000,31.170000
7.559,0.217000,-0.820000,0.491000,2.695000,-8.443000,4.962000,31.120000
7.570,0.240000,-0.826000,0.489000,2.031000,-7.298000,7.740000,31.210000
7.582,0.213000,-0.846000,0.466000,1.817000,-4.122000,10.863000,31.260000
7.590,0.160000,-0.849000,0.448000,1.443000,-3.229000,13.580000,31.120000
7.602,0.106000,-0.859000,0.438000,3.176000,-5.656000,15.649000,31.120000
7.609,0.083000,-0.858000,0.439000,4.824000,-6.336000,14.794000,31.170000
7.621,0.085000,-0.843000,0.468000,5.817000,-3.053000,10.565000,31.120000
7.628,0.095000,-0.843000,0.506000,5.649000,3.527000,4.298000,31.210000
7.642,0.079000,-0.822000,0.539000,6.420000,7.725000,1.198000,31.260000
7.649,0.039000,-0.785000,0.553000,5.893000,9.656000,0.099000,31.170000
7.661,0.021000,-0.775000,0.559000,2.542000,9.870000,-0.779000,31.120000
7.668,0.015000,-0.781000,0.561000,-0.496000,9.214000,-2.878000,31.070000
7.681,0.023000,-0.788000,0.541000,-1.031000,7.817000,-5.458000,31.170000
7.688,0.064000,-0.810000,0.539000,-0.344000,7.542000,-7.336000,31.120000
7.701,0.092000,-0.811000,0.525000,0.397000,7.511000,-8.748000,31.120000
7.713,0.110000,-0.837000,0.517000,2.122000,5.237000,-8.656000,31.070000
7.720,0.133000,-0.844000,0.506000,4.595000,1.824000,-6.878000,31.070000
7.732,0.152000,-0.835000,0.512000,6.695000,1.351000,-6.328000,31.210000
7.740,0.180000,-0.826000,0.520000,7.336000,1.588000,-6.191000,31.170000
7.752,0.177000,-0.812000,0.510000,7.565000,-0.206000,-5.557000,31.170000
7.759,0.162000,-0.806000,0.506000,6.107000,-2.344000,-2.603000,31.210000
7.771,0.167000,-0.812000,0.514000,3.794000,-3.321000,-0.107000,31.120000
7.778,0.167000,-0.804000,0.516000,1.511000,-1.786000,0.695000,31.070000
7.792,0.157000,-0.800000,0.516000,1.412000,-0.664000,1.649000,31.120000
7.799,0.158000,-0.799000,0.521000,2.260000,1.107000,0.840000,31.210000
7.811,0.141000,-0.785000,0.534000,2.992000,3.260000,-0.664000,31.170000
7.818,0.136000,-0.775000,0.532000,2.634000,3.153000,-1.840000,31.170000
7.830,0.132000,-0.777000,0.523000,3.496000,0.489000,-0.939000,31.120000
7.838,0.143000,-0.782000,0.519000,3.168000,1.321000,-0.916000,31.210000
7.850,0.145000,-0.800000,0.514000,2.779000,4.069000,-0.611000,31.170000
7.862,0.148000,-0.822000,0.476000,3.534000,2.756000,0.977000,31.210000
7.870,0.149000,-0.835000,0.458000,5.695000,-0.878000,2.702000,31.120000
7.882,0.156000,-0.828000,0.467000,6.366000,1.038000,2.389000,31.170000
7.891,0.144000,-0.842000,0.479000,7.573000,1.817000,3.305000,31.210000
7.902,0.135000,-0.842000,0.473000,8.893000,2.817000,3.740000,31.120000
7.909,0.117000,-0.832000,0.484000,9.885000,2.031000,4.542000,31.170000
7.924,0.110000,-0.818000,0.497000,10.611000,0.298000,4.832000,31.170000
7.929,0.126000,-0.806000,0.525000,11.412000,-0.595000,3.763000,31.210000
7.941,0.117000,-0.797000,0.541000,10.557000,0.206000,3.221000,31.170000
7.950,0.104000,-0.783000,0.559000,9.275000,1.183000,2.458000,31.170000
7.961,0.100000,-0.786000,0.582000,7.198000,0.725000,2.573000,31.120000
7.968,0.115000,-0.784000,0.572000,6.099000,-1.916000,3.160000,31.210000
7.981,0.166000,-0.778000,0.574000,4.313000,-1.160000,-0.366000,31.170000
7.989,0.159000,-0.789000,0.596000,2.893000,4.122000,-2.519000,31.210000
8.000,0.145000,-0.785000,0.591000,2.221000,8.244000,-3.382000,31.120000
8.009,0.126000,-0.780000,0.587000,0.863000,9.519000,-2.031000,31.170000
8.020,0.096000,-0.782000,0.565000,-0.458000,4.718000,0.061000,31.260000
8.027,0.075000,-0.773000,0.558000,-2.183000,0.450000,1.542000,31.120000
8.040,0.081000,-0.768000,0.560000,-4.611000,-1.931000,1.298000,31.260000
8.053,0.101000,-0.801000,0.538000,-5.511000,-4.519000,0.840000,31.170000
8.059,0.138000,-0.823000,0.538000,-3.809000,-7.000000,0.718000,31.210000
8.072,0.163000,-0.844000,0.514000,-0.939000,-6.809000,1.000000,31.210000
8.079,0.182000,-0.835000,0.531000,1.878000,-5.115000,1.802000,31.260000
8.091,0.173000,-0.836000,0.513000,2.878000,-5.061000,3.817000,31.120000
8.099,0.145000,-0.817000,0.516000,3.427000,-7.847000,6.420000,31.210000
8.111,0.125000,-0.792000,0.513000,2.718000,-9.626000,7.748000,31.210000
8.118,0.164000,-0.771000,0.551000,-0.588000,-6.901000,5.962000,31.170000
8.131,0.141000,-0.757000,0.562000,-3.947000,-5.305000,5.954000,31.120000
8.138,0.148000,-0.752000,0.559000,-5.122000,-5.061000,6.695000,31.260000
8.150,0.152000,-0.782000,0.547000,-5.679000,-4.206000,7.802000,31.260000
8.162,0.139000,-0.798000,0.526000,-5.748000,-1.672000,7.489000,31.120000
8.170,0.121000,-0.813000,0.509000,-4.489000,0.267000,7.023000,31.020000
8.182,0.124000,-0.814000,0.518000,-1.015000,2.160000,4.504000,31.070000
8.190,0.137000,-0.814000,0.522000,0.733000,3.099000,1.420000,31.210000
8.202,0.106000,-0.816000,0.513000,0.542000,4.863000,0.153000,31.210000
8.209,0.107000,-0.798000,0.506000,0.954000,2.641000,0.985000,31.170000
8.222,0.116000,-0.804000,0.512000,0.374000,1.191000,2.008000,31.210000
8.229,0.127000,-0.831000,0.500000,1.473000,-0.740000,3.031000,31.120000
8.242,0.136000,-0.816000,0.522000,3.153000,-0.244000,2.817000,31.210000
8.249,0.133000,-0.816000,0.525000,4.718000,0.901000,1.954000,31.170000
8.261,0.123000,-0.818000,0.547000,5.443000,1.153000,1.389000,31.120000
8.268,0.114000,-0.815000,0.558000,6.557000,-1.176000,1.916000,31.170000
8.281,0.095000,-0.805000,0.562000,5.107000,-2.458000,3.145000,31.070000
8.289,0.094000,-0.801000,0.565000,3.023000,-4.229000,4.656000,31.210000
8.301,0.095000,-0.784000,0.564000,0.748000,-4.878000,5.206000,31.210000
8.308,0.124000,-0.776000,0.582000,-0.870000,-4.061000,3.573000,31.170000
8.320,0.115000,-0.777000,0.589000,-2.840000,-4.771000,3.099000,31.210000
8.332,0.111000,-0.774000,0.571000,-3.939000,-4.244000,2.985000,31.120000
8.340,0.128000,-0.783000,0.558000,-4.931000,-3.954000,2.504000,31.260000
8.353,0.151000,-0.788000,0.554000,-4.718000,-4.969000,3.351000,31.170000
8.359,0.166000,-0.797000,0.545000,-5.771000,-3.420000,3.779000,31.210000
8.371,0.158000,-0.813000,0.538000,-5.733000,-2.267000,4.817000,31.120000
8.379,0.163000,-0.803000,0.515000,-7.099000,-1.229000,5.313000,31.170000
8.391,0.172000,-0.811000,0.510000,-8.145000,2.344000,3.672000,31.210000
8.398,0.140000,-0.820000,0.505000,-6.641000,0.137000,4.687000,31.120000
8.411,0.120000,-0.813000,0.507000,-5.351000,0.443000,5.137000,31.170000
8.418,0.108000,-0.812000,0.498000,-5.046000,1.206000,5.053000,31.210000
8.431,0.084000,-0.802000,0.502000,-3.656000,-1.847000,5.885000,31.210000
8.438,0.103000,-0.812000,0.499000,-1.893000,-3.771000,4.573000,31.070000
8.450,0.119000,-0.817000,0.517000,-0.351000,-2.611000,3.176000,31.260000
8.462,0.126000,-0.804000,0.525000,1.847000,-0.290000,1.359000,31.120000
8.469,0.119000,-0.792000,0.536000,2.855000,3.893000,-1.244000,31.350000
8.482,0.106000,-0.793000,0.540000,4.733000,3.947000,-2.565000,31.070000
8.491,0.111000,-0.796000,0.544000,4.076000,4.176000,-3.527000,31.210000
8.503,0.100000,-0.788000,0.542000,2.733000,3.710000,-3.924000,31.120000
8.509,0.112000,-0.798000,0.523000,2.313000,0.794000,-3.359000,31.170000
8.521,0.125000,-0.810000,0.518000,2.115000,-2.206000,-2.076000,31.120000
8.528,0.142000,-0.822000,0.518000,1.656000,-2.679000,-1.145000,31.210000
8.541,0.165000,-0.839000,0.518000,1.947000,-1.504000,-1.115000,31.070000
8.549,0.167000,-0.843000,0.521000,2.580000,0.359000,-1.168000,31.120000
8.560,0.164000,-0.825000,0.534000,1.313000,4.641000,-2.244000,31.120000
8.568,0.146000,-0.824000,0.520000,1.489000,4.763000,-1.382000,31.170000
8.580,0.125000,-0.819000,0.527000,0.901000,4.794000,-0.595000,31.070000
8.588,0.113000,-0.815000,0.531000,1.076000,5.176000,-0.412000,31.120000
8.601,0.106000,-0.806000,0.543000,1.763000,4.916000,-1.435000,31.170000
8.612,0.118000,-0.793000,0.563000,2.298000,5.473000,-3.878000,31.260000
8.620,0.111000,-0.785000,0.577000,1.634000,6.924000,-6.023000,31.210000
8.647,0.114000,-0.774000,0.565000,-1.282000,6.954000,-6.099000,31.210000
8.648,0.102000,-0.785000,0.555000,-4.000000,6.168000,-4.649000,31.260000
