time_sec,ax,ay,az,gx,gy,gz,temp_c
0.016,-0.295000,-0.777000,0.213000,-81.443000,-28.595000,40.939000,29.140000
0.018,-0.277000,-0.792000,0.185000,-79.893000,-29.931000,38.618000,29.000000
0.030,-0.239000,-0.842000,0.147000,-74.718000,-23.542000,34.397000,29.090000
0.042,-0.230000,-0.877000,0.090000,-63.893000,-20.924000,29.817000,29.140000
0.049,-0.257000,-0.904000,0.074000,-54.481000,-20.840000,25.053000,29.050000
0.061,-0.311000,-0.871000,0.056000,-51.679000,-17.405000,21.397000,29.140000
0.068,-0.436000,-0.838000,0.069000,-52.588000,-24.573000,21.344000,29.090000
0.080,-0.513000,-0.823000,0.079000,-54.855000,-45.237000,21.641000,29.140000
0.093,-0.472000,-0.814000,0.094000,-58.145000,-61.389000,17.282000,29.240000
0.100,-0.376000,-0.814000,0.103000,-59.817000,-71.641000,11.656000,29.190000
0.112,-0.238000,-0.882000,0.106000,-58.130000,-75.412000,7.206000,29.090000
0.119,-0.086000,-0.931000,0.094000,-54.580000,-61.954000,0.916000,29.140000
0.131,0.016000,-1.014000,0.079000,-41.489000,-40.290000,-1.924000,29.140000
0.143,0.066000,-1.050000,0.056000,-25.405000,-6.924000,-9.321000,29.090000
0.150,0.072000,-1.048000,0.023000,-14.443000,28.489000,-18.534000,29.090000
0.162,-0.016000,-1.036000,-0.005000,-4.092000,44.985000,-20.649000,29.140000
0.169,-0.076000,-1.019000,-0.083000,0.031000,49.916000,-25.344000,29.140000
0.181,-0.163000,-1.037000,-0.059000,0.985000,34.573000,-22.122000,29.190000
0.189,-0.176000,-1.027000,-0.048000,4.817000,12.267000,-14.458000,29.090000
0.202,-0.171000,-0.998000,0.029000,5.084000,-3.916000,-5.313000,29.140000
0.213,-0.145000,-0.998000,0.052000,9.023000,-16.527000,0.504000,29.240000
0.220,-0.076000,-1.009000,0.148000,13.321000,-24.695000,3.855000,29.240000
0.233,-0.026000,-0.976000,0.208000,13.473000,-6.885000,1.145000,29.190000
0.240,-0.066000,-0.985000,0.276000,21.649000,-5.718000,1.924000,29.050000
0.252,-0.096000,-0.977000,0.347000,28.267000,5.649000,-0.893000,29.240000
0.259,-0.150000,-0.946000,0.388000,36.046000,9.634000,-3.565000,29.090000
0.271,-0.194000,-0.896000,0.444000,39.870000,13.359000,-7.374000,29.090000
0.278,-0.228000,-0.873000,0.465000,38.656000,11.939000,-11.290000,29.140000
0.291,-0.233000,-0.844000,0.492000,34.336000,7.725000,-13.550000,29.140000
0.303,-0.214000,-0.813000,0.504000,24.939000,3.733000,-13.802000,29.240000
0.310,-0.199000,-0.816000,0.514000,16.481000,-5.130000,-8.847000,29.090000
0.322,-0.167000,-0.802000,0.501000,5.000000,-16.977000,-3.382000,29.090000
0.329,-0.133000,-0.830000,0.493000,-2.244000,-24.214000,-0.740000,29.140000
0.342,-0.052000,-0.890000,0.462000,-7.779000,-24.855000,0.099000,29.140000
0.350,-0.011000,-0.912000,0.442000,-8.504000,-23.885000,-0.748000,29.090000
0.361,0.027000,-0.936000,0.430000,-9.237000,-16.198000,-3.336000,29.090000
0.368,0.039000,-0.962000,0.377000,-9.107000,-8.435000,-4.519000,29.140000
0.380,0.070000,-0.975000,0.357000,-8.168000,-2.069000,-4.389000,29.140000
0.393,0.030000,-0.976000,0.331000,-9.321000,2.679000,-0.603000,29.140000
0.400,-0.013000,-0.993000,0.311000,-9.466000,3.496000,3.458000,29.190000
0.412,-0.044000,-1.010000,0.302000,-8.565000,-0.344000,8.351000,29.140000
0.419,-0.057000,-1.029000,0.304000,-8.198000,-7.061000,11.542000,29.140000
0.434,-0.052000,-1.017000,0.323000,-5.053000,-3.985000,11.740000,29.190000
0.439,-0.052000,-1.003000,0.328000,-2.214000,-0.885000,11.183000,29.090000
0.452,-0.061000,-0.988000,0.341000,1.031000,-3.397000,11.282000,29.140000
0.458,-0.095000,-0.962000,0.359000,2.779000,-6.420000,12.221000,29.140000
0.471,-0.112000,-0.925000,0.375000,1.290000,-8.687000,12.511000,29.090000
0.483,-0.136000,-0.900000,0.386000,-3.176000,-10.015000,12.985000,29.090000
0.490,-0.149000,-0.890000,0.386000,-9.031000,-10.137000,12.748000,29.140000
0.502,-0.141000,-0.902000,0.375000,-12.733000,-13.122000,13.931000,29.050000
0.509,-0.129000,-0.920000,0.366000,-14.313000,-13.298000,14.840000,29.090000
0.521,-0.135000,-0.949000,0.335000,-13.702000,-11.069000,14.702000,29.190000
0.528,-0.132000,-0.978000,0.304000,-12.321000,-8.916000,14.527000,29.140000
0.540,-0.152000,-0.984000,0.286000,-8.550000,-7.420000,13.168000,29.140000
0.553,-0.169000,-0.969000,0.289000,-5.092000,-3.763000,9.733000,29.140000
0.560,-0.172000,-0.942000,0.296000,-3.649000,-3.710000,6.557000,29.190000
0.572,-0.193000,-0.919000,0.299000,-2.519000,-3.641000,2.611000,29.280000
0.579,-0.176000,-0.933000,0.324000,-0.344000,-9.939000,-0.649000,29.050000
0.592,-0.151000,-0.951000,0.351000,-1.153000,-9.374000,-3.748000,29.140000
0.599,-0.096000,-0.996000,0.331000,2.282000,-7.221000,-5.450000,29.090000
0.611,-0.062000,-1.038000,0.334000,5.412000,-1.183000,-5.534000,29.090000
0.618,-0.075000,-1.036000,0.313000,8.771000,2.374000,-4.374000,29.140000
0.630,-0.098000,-1.020000,0.311000,10.718000,4.374000,-2.725000,29.050000
0.644,-0.149000,-0.976000,0.303000,7.374000,1.366000,-0.611000,29.190000
0.651,-0.202000,-0.968000,0.295000,3.908000,-3.153000,-0.122000,29.090000
0.663,-0.216000,-0.984000,0.319000,2.733000,-7.855000,-2.588000,29.140000
0.669,-0.205000,-1.012000,0.346000,4.771000,-12.763000,-6.519000,29.240000
0.683,-0.161000,-1.085000,0.375000,9.756000,-17.573000,-12.374000,29.190000
0.690,-0.086000,-1.155000,0.414000,15.511000,-11.847000,-20.038000,29.190000
0.701,-0.066000,-1.129000,0.445000,19.931000,-2.725000,-26.527000,29.140000
0.708,-0.064000,-1.074000,0.468000,19.550000,3.023000,-29.595000,29.140000
0.720,-0.062000,-1.033000,0.452000,16.221000,5.290000,-31.031000,29.140000
0.733,-0.037000,-1.036000,0.436000,11.969000,4.595000,-27.489000,29.090000
0.740,-0.011000,-1.050000,0.419000,5.603000,6.733000,-21.809000,29.050000
0.752,-0.022000,-1.068000,0.382000,3.511000,5.771000,-14.321000,29.140000
0.759,-0.069000,-1.039000,0.347000,3.718000,2.954000,-7.573000,29.190000
0.772,-0.055000,-1.039000,0.337000,4.130000,5.214000,-5.160000,29.090000
0.779,-0.081000,-1.006000,0.326000,5.519000,6.000000,-4.893000,29.050000
0.791,-0.125000,-0.974000,0.320000,4.718000,8.565000,-5.229000,29.140000
0.799,-0.151000,-0.933000,0.308000,2.908000,7.053000,-4.931000,29.190000
0.811,-0.194000,-0.874000,0.307000,-0.023000,5.412000,-5.023000,29.190000
0.818,-0.218000,-0.858000,0.345000,-0.473000,1.702000,-7.641000,29.190000
0.830,-0.215000,-0.869000,0.359000,1.061000,-3.206000,-12.481000,29.240000
0.843,-0.158000,-0.861000,0.354000,0.046000,-0.817000,-17.656000,29.240000
0.850,-0.111000,-0.868000,0.353000,0.366000,2.481000,-23.336000,29.090000
0.862,-0.068000,-0.871000,0.360000,5.565000,2.389000,-27.420000,29.190000
0.869,-0.051000,-0.859000,0.375000,5.969000,9.282000,-30.008000,29.140000
0.884,-0.092000,-0.819000,0.382000,10.687000,7.939000,-30.069000,29.240000
0.889,-0.098000,-0.832000,0.386000,7.405000,5.573000,-27.794000,29.140000
0.901,-0.090000,-0.825000,0.398000,7.069000,-4.603000,-22.756000,29.090000
0.908,-0.060000,-0.819000,0.390000,0.733000,-9.008000,-18.275000,29.140000
0.920,-0.048000,-0.834000,0.385000,-4.939000,-15.687000,-12.992000,29.140000
0.934,0.014000,-0.863000,0.391000,-7.656000,-16.565000,-10.130000,29.090000
0.940,0.080000,-0.876000,0.411000,-8.137000,-7.855000,-10.435000,29.190000
0.952,0.108000,-0.885000,0.420000,-5.840000,4.809000,-12.504000,29.050000
0.959,0.083000,-0.897000,0.405000,-4.336000,14.565000,-11.313000,29.140000
0.971,0.012000,-0.915000,0.368000,-2.664000,12.198000,-7.725000,29.090000
0.979,-0.026000,-0.924000,0.349000,-3.527000,7.779000,-3.687000,29.190000
0.991,-0.032000,-0.945000,0.314000,-6.191000,-3.733000,2.427000,29.140000
0.998,0.002000,-0.954000,0.326000,-7.443000,-9.473000,6.092000,29.140000
1.011,0.032000,-0.957000,0.350000,-6.168000,-7.107000,7.794000,29.090000
1.023,0.024000,-0.933000,0.355000,-4.626000,-2.298000,8.252000,29.190000
1.030,0.016000,-0.932000,0.355000,-1.771000,3.191000,8.076000,29.190000
1.043,0.006000,-0.954000,0.337000,2.260000,1.954000,10.458000,29.140000
1.051,0.010000,-0.969000,0.293000,4.298000,-3.855000,14.275000,29.240000
1.063,0.000000,-1.013000,0.274000,4.511000,-12.832000,17.443000,29.190000
1.069,0.024000,-1.022000,0.281000,3.008000,-15.634000,17.443000,29.090000
1.083,0.033000,-1.018000,0.318000,2.137000,-9.061000,11.947000,29.140000
1.090,0.024000,-1.008000,0.334000,1.985000,-0.863000,7.824000,29.050000
1.102,-0.015000,-0.975000,0.354000,1.557000,1.863000,6.603000,29.190000
1.109,-0.052000,-0.957000,0.324000,-0.832000,3.466000,6.802000,29.190000
1.121,-0.071000,-0.947000,0.322000,1.389000,-3.412000,6.687000,29.140000
1.129,-0.073000,-0.968000,0.308000,2.038000,-6.053000,5.221000,29.140000
1.141,-0.054000,-1.010000,0.321000,6.893000,-8.611000,1.534000,29.190000
1.149,-0.064000,-1.001000,0.333000,13.954000,-16.550000,1.626000,29.190000
1.160,-0.108000,-0.929000,0.371000,15.504000,-13.817000,-1.977000,29.140000
1.173,-0.138000,-0.895000,0.395000,16.534000,-11.229000,-7.840000,29.140000
1.179,-0.142000,-0.869000,0.399000,15.550000,-10.061000,-14.069000,29.190000
1.192,-0.107000,-0.872000,0.397000,12.824000,-8.786000,-19.252000,29.190000
1.199,-0.102000,-0.906000,0.380000,11.832000,-11.214000,-21.855000,29.140000
1.211,-0.055000,-0.954000,0.372000,7.328000,-8.275000,-23.305000,29.140000
1.217,-0.065000,-0.958000,0.380000,9.580000,-10.595000,-23.267000,29.140000
1.230,-0.048000,-0.937000,0.410000,9.557000,-7.183000,-27.740000,29.190000
1.243,-0.025000,-0.913000,0.417000,8.779000,4.931000,-36.053000,29.140000
1.250,0.017000,-0.925000,0.422000,16.626000,4.458000,-41.405000,29.240000
1.262,0.026000,-0.918000,0.427000,17.176000,8.824000,-43.603000,29.090000
1.269,0.021000,-0.940000,0.417000,19.214000,8.443000,-44.023000,29.190000
1.284,0.028000,-0.963000,0.385000,16.191000,3.252000,-39.931000,29.240000
1.289,0.016000,-0.952000,0.408000,11.382000,-7.802000,-32.748000,29.140000
1.302,0.036000,-0.922000,0.415000,4.206000,-10.328000,-24.870000,29.190000
1.307,0.043000,-0.901000,0.423000,-1.763000,-16.603000,-17.076000,29.190000
1.320,0.074000,-0.870000,0.431000,-5.069000,-24.473000,-7.954000,29.140000
1.334,0.096000,-0.875000,0.451000,-10.053000,-23.756000,-3.893000,29.140000
1.340,0.117000,-0.901000,0.442000,-12.534000,-22.115000,-2.221000,29.190000
1.352,0.139000,-0.935000,0.430000,-12.947000,-21.099000,-1.679000,29.190000
1.358,0.149000,-0.991000,0.361000,-9.206000,-18.595000,-1.947000,29.140000
1.371,0.193000,-1.005000,0.386000,2.466000,-8.191000,-8.771000,29.140000
1.378,0.146000,-0.933000,0.406000,10.466000,6.870000,-15.519000,29.240000
1.391,0.030000,-0.863000,0.383000,10.450000,7.092000,-16.641000,29.090000
1.403,-0.054000,-0.838000,0.390000,5.275000,-4.290000,-10.046000,29.140000
1.410,-0.062000,-0.857000,0.377000,-4.206000,-20.282000,-2.069000,29.240000
1.422,-0.028000,-0.854000,0.358000,-16.183000,-40.863000,10.290000,29.190000
1.429,0.013000,-0.889000,0.392000,-21.000000,-59.954000,22.359000,29.190000
1.443,0.105000,-0.917000,0.376000,-25.786000,-68.412000,30.214000,29.240000
1.449,0.194000,-0.920000,0.378000,-22.290000,-63.687000,32.275000,29.240000
1.460,0.235000,-0.863000,0.422000,-13.405000,-42.473000,23.702000,29.190000
1.473,0.192000,-0.877000,0.419000,-7.489000,-21.542000,14.885000,29.190000
1.480,0.154000,-0.914000,0.394000,-0.473000,-6.092000,4.260000,29.190000
1.493,0.128000,-0.928000,0.386000,5.603000,5.763000,-6.427000,29.140000
1.500,0.043000,-0.923000,0.360000,7.672000,2.901000,-7.153000,29.140000
1.512,-0.020000,-0.896000,0.344000,3.282000,-8.977000,-0.191000,29.190000
1.519,-0.037000,-0.877000,0.337000,-5.679000,-27.664000,11.550000,29.190000
1.531,-0.005000,-0.875000,0.324000,-17.244000,-48.351000,26.931000,29.240000
1.538,0.075000,-0.919000,0.315000,-26.748000,-65.443000,41.122000,29.140000
1.551,0.172000,-0.991000,0.299000,-31.908000,-78.160000,56.534000,29.140000
1.562,0.254000,-0.973000,0.324000,-28.733000,-74.649000,64.534000,29.190000
1.569,0.231000,-0.922000,0.361000,-25.344000,-54.748000,63.267000,29.240000
1.583,0.158000,-0.892000,0.349000,-21.672000,-39.511000,55.740000,29.240000
1.589,0.067000,-0.875000,0.353000,-17.634000,-21.397000,44.313000,29.190000
1.602,0.006000,-0.897000,0.327000,-10.496000,-8.450000,30.847000,29.190000
1.608,-0.022000,-0.941000,0.292000,-3.366000,-3.145000,19.092000,29.240000
1.620,-0.021000,-1.003000,0.256000,2.588000,-3.389000,11.634000,29.140000
1.634,-0.021000,-1.036000,0.238000,6.481000,-7.748000,9.282000,29.190000
1.640,-0.001000,-1.065000,0.200000,11.183000,-19.260000,13.107000,29.190000
1.652,0.079000,-1.020000,0.238000,19.473000,-24.832000,15.328000,29.240000
1.659,0.136000,-0.946000,0.311000,26.351000,-15.794000,13.382000,29.050000
1.672,0.131000,-0.885000,0.367000,28.947000,2.947000,6.542000,29.090000
1.679,0.074000,-0.885000,0.387000,29.901000,18.718000,-1.244000,29.090000
1.692,0.024000,-0.906000,0.359000,30.771000,27.985000,-8.618000,29.240000
1.699,-0.032000,-0.943000,0.320000,31.252000,27.672000,-11.878000,29.240000
1.710,-0.060000,-0.968000,0.285000,31.290000,19.710000,-11.618000,29.140000
1.723,-0.056000,-0.983000,0.253000,31.817000,4.069000,-8.718000,29.190000
1.730,-0.020000,-0.960000,0.273000,32.084000,-12.328000,-2.229000,29.240000
1.744,0.070000,-0.927000,0.316000,34.160000,-22.695000,4.985000,29.240000
1.750,0.128000,-0.882000,0.382000,34.015000,-24.198000,9.611000,29.190000
1.762,0.102000,-0.844000,0.422000,29.015000,-16.038000,12.450000,29.190000
1.768,0.048000,-0.834000,0.429000,24.206000,-12.145000,15.687000,29.190000
1.781,0.004000,-0.831000,0.412000,18.664000,-10.038000,18.321000,29.140000
1.787,-0.050000,-0.822000,0.396000,14.565000,-14.176000,20.260000,29.140000
1.801,-0.075000,-0.821000,0.374000,11.595000,-26.733000,22.573000,29.090000
1.812,-0.044000,-0.814000,0.399000,10.229000,-41.267000,25.473000,29.090000
1.819,-0.033000,-0.825000,0.391000,6.191000,-49.084000,28.229000,29.240000
1.833,-0.010000,-0.842000,0.396000,3.656000,-58.832000,33.275000,29.050000
1.839,0.016000,-0.869000,0.398000,-0.305000,-66.092000,39.855000,29.190000
1.851,0.048000,-0.870000,0.416000,-1.008000,-67.328000,44.344000,29.190000
1.858,0.073000,-0.841000,0.454000,-0.145000,-58.206000,42.420000,29.240000
1.870,0.058000,-0.809000,0.466000,1.290000,-46.679000,33.275000,29.050000
1.883,0.058000,-0.788000,0.464000,3.947000,-34.000000,25.992000,29.050000
1.890,0.028000,-0.804000,0.467000,9.183000,-26.053000,17.771000,29.280000
1.902,0.036000,-0.826000,0.455000,12.618000,-14.779000,8.450000,29.140000
1.909,-0.015000,-0.854000,0.445000,16.359000,-7.099000,2.641000,29.140000
1.922,-0.024000,-0.855000,0.446000,17.344000,-6.389000,1.015000,29.190000
1.929,-0.030000,-0.870000,0.433000,15.779000,-11.221000,2.931000,29.190000
1.942,-0.044000,-0.854000,0.418000,12.656000,-16.405000,5.710000,29.140000
1.949,-0.039000,-0.832000,0.443000,9.954000,-19.756000,7.534000,29.240000
1.961,-0.025000,-0.837000,0.463000,7.931000,-22.237000,6.855000,29.190000
1.973,-0.015000,-0.862000,0.460000,6.008000,-22.458000,6.275000,29.090000
1.980,-0.001000,-0.897000,0.444000,6.412000,-23.702000,7.802000,29.240000
1.993,-0.001000,-0.899000,0.427000,6.084000,-25.198000,7.878000,29.140000
2.001,0.013000,-0.883000,0.431000,7.015000,-24.656000,7.313000,29.280000
2.012,0.019000,-0.864000,0.436000,5.626000,-23.664000,7.092000,29.190000
2.019,0.002000,-0.877000,0.434000,3.626000,-23.611000,8.420000,29.050000
2.033,-0.023000,-0.867000,0.443000,0.885000,-27.511000,11.160000,29.140000
2.039,-0.016000,-0.890000,0.402000,-0.641000,-32.481000,15.069000,29.140000
2.051,0.003000,-0.901000,0.393000,-1.809000,-38.687000,18.069000,29.190000
2.058,0.039000,-0.901000,0.401000,-0.107000,-43.092000,19.374000,29.140000
2.070,0.058000,-0.897000,0.413000,3.298000,-42.893000,18.740000,29.240000
2.084,0.051000,-0.886000,0.440000,6.092000,-39.718000,16.328000,29.090000
2.091,0.047000,-0.878000,0.425000,7.107000,-33.573000,12.206000,29.280000
2.103,0.037000,-0.868000,0.432000,8.733000,-29.260000,6.359000,29.190000
2.109,0.039000,-0.884000,0.393000,9.466000,-23.939000,0.496000,29.140000
2.122,0.066000,-0.894000,0.406000,11.664000,-19.275000,-4.015000,29.240000
2.129,0.079000,-0.905000,0.398000,16.595000,-15.855000,-5.557000,29.190000
2.141,0.064000,-0.899000,0.409000,21.366000,-13.183000,-3.947000,29.190000
2.149,0.024000,-0.874000,0.425000,21.137000,-12.763000,-0.069000,29.240000
2.160,-0.031000,-0.852000,0.416000,18.038000,-19.130000,5.267000,29.240000
2.173,-0.053000,-0.842000,0.415000,13.763000,-28.870000,7.206000,29.190000
2.180,-0.026000,-0.838000,0.405000,9.992000,-35.809000,6.954000,29.280000
2.193,0.005000,-0.828000,0.421000,7.733000,-43.000000,5.748000,29.240000
2.200,0.034000,-0.818000,0.449000,7.885000,-44.519000,1.435000,29.050000
2.212,0.059000,-0.805000,0.456000,7.176000,-42.962000,-2.176000,29.140000
2.219,0.090000,-0.832000,0.450000,8.237000,-37.771000,-4.000000,29.190000
2.232,0.106000,-0.871000,0.428000,11.237000,-28.580000,-1.985000,29.240000
2.239,0.085000,-0.885000,0.399000,13.931000,-19.840000,2.267000,29.140000
2.251,0.012000,-0.857000,0.385000,16.786000,-19.588000,5.656000,29.280000
2.258,-0.004000,-0.834000,0.384000,19.168000,-30.893000,7.511000,29.190000
2.271,0.020000,-0.818000,0.407000,19.122000,-40.031000,6.481000,29.140000
2.283,0.064000,-0.784000,0.457000,20.137000,-40.481000,5.137000,29.140000
2.290,0.047000,-0.760000,0.496000,19.076000,-43.954000,5.107000,29.190000
2.302,0.052000,-0.755000,0.511000,14.443000,-48.153000,4.603000,29.190000
2.309,0.086000,-0.771000,0.500000,11.359000,-47.931000,4.290000,29.140000
2.322,0.148000,-0.800000,0.491000,10.771000,-42.977000,1.603000,29.140000
2.329,0.183000,-0.822000,0.494000,11.534000,-35.321000,-1.756000,29.190000
2.342,0.201000,-0.802000,0.501000,14.420000,-28.824000,-4.954000,29.190000
2.352,0.201000,-0.812000,0.543000,16.160000,-22.977000,-4.038000,29.240000
2.360,0.141000,-0.784000,0.524000,13.115000,-19.115000,-1.405000,29.240000
2.373,0.121000,-0.797000,0.504000,10.389000,-15.847000,-1.504000,29.240000
2.380,0.143000,-0.809000,0.479000,7.863000,-11.832000,-3.290000,29.190000
2.393,0.155000,-0.820000,0.461000,7.237000,-6.420000,-7.137000,29.240000
2.400,0.156000,-0.832000,0.478000,12.053000,-6.198000,-7.344000,29.140000
2.412,0.181000,-0.839000,0.483000,15.321000,-4.863000,-7.863000,29.280000
2.419,0.169000,-0.826000,0.477000,15.931000,-9.985000,-7.702000,29.190000
2.434,0.176000,-0.844000,0.494000,18.641000,-9.847000,-6.092000,29.240000
2.439,0.251000,-0.875000,0.497000,16.252000,-4.519000,-5.672000,29.140000
2.451,0.203000,-0.838000,0.478000,16.511000,2.229000,-7.130000,29.190000
2.458,0.201000,-0.861000,0.495000,15.069000,8.420000,-8.565000,29.190000
2.470,0.122000,-0.834000,0.461000,11.519000,11.351000,-10.740000,29.240000
2.483,0.074000,-0.803000,0.439000,8.542000,9.351000,-8.840000,29.240000
2.490,0.050000,-0.799000,0.439000,8.237000,6.015000,-6.611000,29.280000
2.503,0.043000,-0.798000,0.417000,10.191000,5.015000,-5.366000,29.190000
2.510,0.031000,-0.784000,0.410000,12.107000,-0.511000,-7.855000,29.330000
2.522,0.045000,-0.795000,0.441000,18.031000,-10.145000,-9.290000,29.140000
2.529,0.080000,-0.799000,0.464000,20.992000,-13.168000,-8.756000,29.240000
2.542,0.110000,-0.781000,0.480000,23.489000,-12.870000,-9.756000,29.190000
2.549,0.099000,-0.776000,0.501000,23.229000,-8.580000,-11.206000,29.240000
2.561,0.061000,-0.764000,0.470000,19.115000,-3.107000,-11.740000,29.240000
2.568,0.036000,-0.729000,0.472000,14.176000,-8.313000,-12.840000,29.090000
2.580,0.022000,-0.721000,0.469000,13.725000,-18.031000,-14.725000,29.280000
2.594,0.073000,-0.712000,0.500000,13.206000,-21.176000,-14.771000,29.190000
2.600,0.142000,-0.745000,0.518000,13.702000,-14.962000,-20.038000,29.240000
2.611,0.144000,-0.809000,0.495000,14.176000,-13.221000,-17.840000,29.240000
2.618,0.208000,-0.866000,0.499000,15.954000,-10.237000,-12.145000,29.280000
2.634,0.151000,-0.854000,0.453000,13.649000,-3.031000,-6.099000,29.280000
2.639,0.131000,-0.863000,0.424000,12.489000,-7.924000,1.740000,29.240000
2.651,0.094000,-0.873000,0.413000,11.626000,-17.557000,6.565000,29.140000
2.663,0.088000,-0.871000,0.409000,15.275000,-29.107000,11.542000,29.280000
2.670,0.155000,-0.848000,0.427000,18.206000,-31.076000,10.084000,29.190000
2.683,0.185000,-0.819000,0.452000,24.336000,-33.000000,7.260000,29.240000
2.690,0.254000,-0.786000,0.507000,27.672000,-29.191000,3.382000,29.240000
2.702,0.311000,-0.784000,0.556000,29.130000,-10.672000,-4.641000,29.280000
2.709,0.324000,-0.811000,0.556000,30.153000,1.519000,-7.885000,29.380000
2.721,0.285000,-0.820000,0.533000,27.908000,13.802000,-9.023000,29.240000
2.728,0.230000,-0.892000,0.511000,27.328000,18.710000,-7.412000,29.240000
2.742,0.205000,-0.871000,0.481000,25.802000,20.947000,-4.611000,29.190000
2.749,0.122000,-0.850000,0.481000,25.924000,14.855000,1.275000,29.190000
2.760,0.066000,-0.820000,0.474000,25.779000,0.664000,6.916000,29.330000
2.773,0.075000,-0.765000,0.470000,24.664000,-12.511000,9.427000,29.140000
2.780,0.113000,-0.748000,0.505000,29.252000,-31.771000,11.267000,29.190000
2.794,0.197000,-0.727000,0.525000,29.977000,-40.847000,14.115000,29.280000
2.799,0.226000,-0.725000,0.566000,30.580000,-45.382000,14.153000,29.240000
2.811,0.265000,-0.729000,0.568000,29.969000,-45.046000,14.115000,29.240000
2.818,0.277000,-0.693000,0.604000,28.221000,-36.191000,14.130000,29.190000
2.831,0.265000,-0.680000,0.588000,25.443000,-30.786000,11.588000,29.190000
2.838,0.260000,-0.685000,0.584000,24.183000,-29.794000,8.336000,29.140000
2.851,0.234000,-0.657000,0.590000,21.573000,-25.855000,5.679000,29.240000
2.863,0.200000,-0.635000,0.585000,21.122000,-26.389000,4.748000,29.190000
2.870,0.228000,-0.649000,0.638000,22.573000,-24.008000,3.679000,29.190000
2.883,0.239000,-0.701000,0.637000,24.611000,-11.000000,2.290000,29.140000
2.890,0.204000,-0.698000,0.651000,24.260000,-1.496000,1.847000,29.140000
2.902,0.169000,-0.727000,0.613000,22.603000,1.565000,2.824000,29.190000
2.909,0.160000,-0.717000,0.613000,20.969000,-2.656000,2.939000,29.190000
2.922,0.124000,-0.671000,0.617000,19.290000,-5.557000,3.183000,29.240000
2.929,0.108000,-0.637000,0.639000,18.863000,-9.359000,2.351000,29.330000
2.942,0.120000,-0.627000,0.667000,15.122000,-6.504000,0.298000,29.280000
2.949,0.140000,-0.630000,0.635000,11.481000,0.718000,-5.038000,29.190000
2.961,0.153000,-0.685000,0.644000,15.214000,2.244000,-12.618000,29.240000
2.968,0.177000,-0.717000,0.629000,11.275000,13.405000,-16.649000,29.240000
2.980,0.169000,-0.732000,0.621000,15.160000,12.229000,-22.985000,29.190000
2.993,0.168000,-0.744000,0.647000,18.908000,15.214000,-27.221000,29.190000
3.001,0.172000,-0.711000,0.645000,14.107000,22.763000,-30.794000,29.330000
3.012,0.167000,-0.670000,0.638000,13.473000,20.855000,-33.061000,29.240000
3.019,0.258000,-0.677000,0.581000,10.992000,21.374000,-35.519000,29.190000
3.033,0.317000,-0.723000,0.565000,9.145000,21.229000,-34.359000,29.190000
3.039,0.320000,-0.772000,0.577000,13.885000,24.985000,-31.023000,29.240000
3.051,0.278000,-0.776000,0.592000,17.214000,24.893000,-25.534000,29.240000
3.063,0.223000,-0.748000,0.634000,17.664000,23.069000,-19.183000,29.190000
3.070,0.203000,-0.698000,0.676000,15.221000,19.519000,-16.458000,29.280000
3.083,0.157000,-0.641000,0.674000,10.618000,9.198000,-15.099000,29.240000
3.090,0.228000,-0.622000,0.657000,3.916000,7.527000,-15.786000,29.240000
3.102,0.340000,-0.653000,0.645000,1.931000,10.656000,-20.198000,29.280000
3.109,0.362000,-0.681000,0.675000,1.473000,26.221000,-22.794000,29.280000
3.121,0.319000,-0.687000,0.681000,0.260000,40.588000,-24.565000,29.330000
3.129,0.211000,-0.688000,0.653000,-0.275000,44.420000,-24.153000,29.240000
3.141,0.163000,-0.714000,0.600000,-3.771000,42.260000,-22.656000,29.190000
3.148,0.191000,-0.741000,0.544000,-7.802000,39.504000,-23.847000,29.280000
3.160,0.260000,-0.757000,0.535000,-0.611000,23.733000,-26.840000,29.240000
3.173,0.306000,-0.752000,0.545000,4.985000,17.084000,-23.702000,29.240000
3.180,0.323000,-0.747000,0.581000,9.611000,11.977000,-17.557000,29.240000
3.193,0.237000,-0.728000,0.624000,12.229000,8.145000,-8.511000,29.280000
3.200,0.177000,-0.729000,0.632000,9.176000,2.481000,1.687000,29.240000
3.212,0.179000,-0.697000,0.661000,5.466000,-6.214000,7.878000,29.240000
3.219,0.198000,-0.665000,0.654000,2.435000,-10.733000,8.374000,29.190000
3.233,0.259000,-0.661000,0.686000,1.229000,-14.794000,6.504000,29.190000
3.239,0.317000,-0.669000,0.729000,4.458000,-15.076000,2.534000,29.240000
3.252,0.295000,-0.657000,0.742000,1.885000,-6.191000,3.053000,29.240000
3.259,0.269000,-0.669000,0.721000,-1.664000,3.863000,4.725000,29.280000
3.271,0.247000,-0.666000,0.689000,-6.344000,12.824000,5.809000,29.190000
3.279,0.228000,-0.658000,0.658000,-9.344000,13.710000,4.344000,29.330000
3.291,0.231000,-0.676000,0.661000,-8.710000,11.580000,1.305000,29.240000
3.298,0.231000,-0.677000,0.685000,-5.840000,10.664000,-2.260000,29.190000
3.310,0.194000,-0.668000,0.697000,-4.328000,10.252000,-4.313000,29.190000
3.323,0.188000,-0.655000,0.675000,-7.427000,13.031000,-4.344000,29.240000
3.330,0.199000,-0.670000,0.655000,-11.099000,15.076000,-4.656000,29.240000
3.342,0.210000,-0.678000,0.631000,-13.107000,17.382000,-5.191000,29.140000
3.349,0.233000,-0.697000,0.617000,-9.641000,14.733000,-7.000000,29.190000
3.362,0.233000,-0.703000,0.645000,-6.076000,10.947000,-7.725000,29.330000
3.369,0.192000,-0.676000,0.662000,-5.481000,10.542000,-6.099000,29.240000
3.381,0.158000,-0.689000,0.650000,-7.336000,5.344000,-1.511000,29.190000
3.389,0.166000,-0.660000,0.636000,-12.405000,0.092000,1.244000,29.280000
3.402,0.226000,-0.713000,0.573000,-17.939000,-0.107000,0.931000,29.240000
3.408,0.319000,-0.737000,0.548000,-21.481000,1.649000,-0.466000,29.330000
3.420,0.350000,-0.761000,0.548000,-18.092000,11.435000,-3.595000,29.190000
3.434,0.335000,-0.779000,0.533000,-11.626000,16.122000,-2.198000,29.280000
3.440,0.311000,-0.777000,0.537000,-7.656000,16.237000,2.023000,29.240000
3.452,0.216000,-0.729000,0.561000,-6.328000,16.298000,8.344000,29.240000
3.459,0.095000,-0.685000,0.601000,-7.298000,6.015000,17.046000,29.280000
3.472,0.001000,-0.608000,0.627000,-12.817000,-12.137000,25.130000,29.190000
3.478,-0.019000,-0.568000,0.639000,-23.115000,-23.969000,27.145000,29.330000
3.491,-0.008000,-0.549000,0.663000,-32.878000,-34.550000,25.595000,29.240000
3.503,0.087000,-0.586000,0.631000,-35.855000,-47.832000,18.427000,29.140000
3.510,0.232000,-0.652000,0.616000,-36.718000,-46.519000,8.527000,29.280000
3.522,0.376000,-0.697000,0.621000,-30.817000,-25.405000,-6.244000,29.240000
3.529,0.423000,-0.726000,0.632000,-21.863000,4.901000,-20.595000,29.240000
3.541,0.411000,-0.714000,0.635000,-14.885000,31.305000,-32.458000,29.280000
3.549,0.306000,-0.660000,0.653000,-12.298000,46.740000,-39.939000,29.380000
3.561,0.230000,-0.619000,0.672000,-8.977000,48.771000,-44.389000,29.240000
3.573,0.192000,-0.603000,0.724000,-10.115000,44.237000,-42.817000,29.240000
3.580,0.224000,-0.612000,0.696000,-18.153000,42.252000,-40.038000,29.190000
3.592,0.281000,-0.712000,0.618000,-25.786000,38.137000,-37.260000,29.280000
3.600,0.353000,-0.765000,0.587000,-27.954000,40.740000,-35.634000,29.240000
3.611,0.408000,-0.803000,0.598000,-23.015000,50.053000,-33.496000,29.240000
3.618,0.401000,-0.767000,0.606000,-18.397000,49.931000,-26.916000,29.280000
3.630,0.414000,-0.696000,0.637000,-14.153000,51.344000,-22.527000,29.190000
3.644,0.402000,-0.648000,0.677000,-12.885000,51.527000,-16.885000,29.240000
3.651,0.369000,-0.621000,0.702000,-18.588000,52.160000,-8.237000,29.240000
3.662,0.366000,-0.669000,0.662000,-24.031000,57.031000,-1.489000,29.330000
3.669,0.299000,-0.728000,0.642000,-26.496000,62.733000,3.130000,29.190000
3.683,0.214000,-0.741000,0.594000,-29.046000,70.176000,6.733000,29.240000
3.690,0.144000,-0.742000,0.561000,-30.786000,64.695000,10.344000,29.240000
3.702,0.142000,-0.722000,0.544000,-29.573000,63.756000,9.847000,29.280000
3.708,0.141000,-0.661000,0.555000,-26.305000,58.160000,9.718000,29.190000
3.721,0.165000,-0.633000,0.604000,-23.435000,51.305000,9.260000,29.240000
3.734,0.196000,-0.640000,0.636000,-24.832000,55.924000,6.137000,29.330000
3.741,0.198000,-0.668000,0.624000,-28.427000,59.107000,3.908000,29.380000
3.752,0.173000,-0.712000,0.601000,-30.260000,61.511000,1.191000,29.280000
3.759,0.113000,-0.749000,0.569000,-30.832000,66.023000,-0.947000,29.240000
3.775,0.057000,-0.751000,0.540000,-33.947000,67.130000,-1.702000,29.240000
3.779,0.021000,-0.739000,0.523000,-33.939000,60.794000,-0.786000,29.190000
3.791,0.011000,-0.699000,0.521000,-34.588000,50.695000,-0.763000,29.190000
3.798,0.040000,-0.687000,0.533000,-34.168000,44.084000,-2.931000,29.140000
3.810,0.115000,-0.761000,0.540000,-30.107000,39.504000,-8.840000,29.240000
3.823,0.162000,-0.805000,0.549000,-26.191000,43.275000,-14.344000,29.240000
3.829,0.161000,-0.835000,0.531000,-23.053000,55.618000,-16.214000,29.280000
3.843,0.112000,-0.797000,0.527000,-20.099000,63.206000,-15.328000,29.240000
3.849,0.035000,-0.749000,0.510000,-22.015000,67.290000,-9.885000,29.240000
3.861,-0.023000,-0.703000,0.506000,-25.496000,70.084000,-6.641000,29.280000
3.868,-0.064000,-0.695000,0.508000,-31.214000,62.702000,-2.992000,29.280000
3.880,-0.094000,-0.664000,0.513000,-29.748000,46.443000,-2.122000,29.240000
3.893,-0.091000,-0.696000,0.544000,-30.687000,38.214000,-6.618000,29.240000
3.899,-0.085000,-0.745000,0.529000,-31.985000,32.504000,-11.725000,29.280000
3.911,-0.002000,-0.808000,0.494000,-32.710000,35.580000,-16.634000,29.190000
3.918,0.035000,-0.807000,0.477000,-36.573000,52.191000,-21.969000,29.280000
3.930,-0.005000,-0.807000,0.442000,-39.962000,62.244000,-22.840000,29.240000
3.944,-0.052000,-0.776000,0.410000,-36.565000,56.534000,-20.107000,29.240000
3.951,-0.079000,-0.783000,0.419000,-33.725000,47.802000,-18.924000,29.280000
3.962,-0.079000,-0.807000,0.430000,-30.267000,40.122000,-20.092000,29.280000
3.968,-0.077000,-0.851000,0.436000,-27.374000,31.237000,-23.229000,29.240000
3.981,-0.082000,-0.869000,0.442000,-26.443000,25.466000,-24.389000,29.240000
3.994,-0.023000,-0.928000,0.419000,-26.985000,30.145000,-25.450000,29.280000
4.001,0.018000,-0.901000,0.405000,-26.969000,38.878000,-26.634000,29.280000
4.012,0.021000,-0.864000,0.387000,-27.519000,50.137000,-26.244000,29.240000
4.019,-0.010000,-0.877000,0.393000,-25.649000,52.939000,-25.733000,29.330000
4.031,-0.075000,-0.900000,0.381000,-23.435000,49.634000,-24.809000,29.190000
4.039,-0.115000,-0.878000,0.388000,-20.565000,38.046000,-24.496000,29.190000
4.051,-0.121000,-0.832000,0.404000,-19.947000,27.481000,-26.435000,29.240000
4.063,-0.089000,-0.798000,0.418000,-18.473000,15.779000,-28.573000,29.330000
4.069,-0.017000,-0.804000,0.437000,-16.496000,8.702000,-31.160000,29.280000
4.081,0.046000,-0.857000,0.455000,-13.611000,10.084000,-34.275000,29.190000
4.089,0.049000,-0.861000,0.429000,-10.962000,11.756000,-35.191000,29.240000
4.102,0.038000,-0.835000,0.406000,-10.466000,15.740000,-36.634000,29.240000
4.113,0.021000,-0.845000,0.397000,-8.847000,8.786000,-34.908000,29.280000
4.120,0.019000,-0.842000,0.386000,-9.221000,0.893000,-34.023000,29.190000
4.134,0.060000,-0.819000,0.389000,-8.252000,-4.008000,-35.687000,29.240000
4.140,0.122000,-0.802000,0.435000,-6.023000,-7.137000,-37.802000,29.240000
4.152,0.169000,-0.828000,0.481000,-1.603000,-6.947000,-38.366000,29.280000
4.159,0.199000,-0.817000,0.511000,-4.809000,4.389000,-38.878000,29.240000
4.171,0.182000,-0.818000,0.498000,-11.099000,11.313000,-37.969000,29.240000
4.178,0.142000,-0.799000,0.484000,-18.252000,12.099000,-33.672000,29.280000
4.191,0.112000,-0.788000,0.450000,-23.382000,8.931000,-31.183000,29.280000
4.203,0.124000,-0.811000,0.430000,-25.435000,6.305000,-31.634000,29.240000
4.210,0.171000,-0.837000,0.416000,-25.290000,1.397000,-31.450000,29.240000
4.222,0.211000,-0.872000,0.423000,-22.985000,2.626000,-30.290000,29.190000
4.229,0.246000,-0.917000,0.431000,-19.626000,5.092000,-26.244000,29.280000
4.241,0.280000,-0.944000,0.410000,-20.985000,7.336000,-18.229000,29.140000
4.249,0.290000,-0.891000,0.417000,-23.481000,15.634000,-11.214000,29.240000
4.260,0.293000,-0.869000,0.413000,-22.275000,21.374000,-6.191000,29.330000
4.273,0.274000,-0.818000,0.392000,-23.282000,28.496000,0.519000,29.190000
4.280,0.206000,-0.783000,0.384000,-23.427000,33.626000,3.954000,29.280000
4.293,0.127000,-0.768000,0.378000,-22.557000,33.252000,6.290000,29.330000
4.302,0.058000,-0.792000,0.393000,-23.420000,27.557000,6.290000,29.240000
4.312,0.040000,-0.822000,0.369000,-27.359000,16.115000,8.008000,29.190000
4.319,0.009000,-0.866000,0.372000,-29.244000,3.740000,7.916000,29.280000
4.333,0.036000,-0.893000,0.357000,-29.321000,-4.305000,6.794000,29.240000
4.339,0.100000,-0.902000,0.344000,-29.634000,-8.840000,4.008000,29.240000
4.351,0.163000,-0.903000,0.350000,-26.809000,-8.702000,0.817000,29.280000
4.358,0.235000,-0.920000,0.352000,-19.939000,-3.947000,-0.130000,29.280000
4.370,0.255000,-0.923000,0.400000,-14.137000,-0.038000,-4.649000,29.240000
4.383,0.223000,-0.898000,0.434000,-8.031000,5.519000,-5.855000,29.240000
4.391,0.180000,-0.863000,0.433000,-10.137000,12.870000,-8.427000,29.280000
4.403,0.116000,-0.852000,0.434000,-15.924000,19.519000,-12.550000,29.190000
4.409,0.080000,-0.870000,0.390000,-23.901000,21.130000,-16.489000,29.240000
4.421,0.139000,-0.885000,0.363000,-28.069000,15.656000,-17.901000,29.140000
4.428,0.179000,-0.935000,0.373000,-27.351000,12.008000,-15.389000,29.190000
4.441,0.203000,-0.968000,0.363000,-22.962000,10.573000,-12.626000,29.280000
4.453,0.206000,-0.934000,0.388000,-18.328000,7.718000,-8.107000,29.240000
4.460,0.151000,-0.916000,0.393000,-18.229000,8.099000,-4.328000,29.330000
4.473,0.127000,-0.867000,0.393000,-20.527000,4.023000,-2.496000,29.240000
4.479,0.151000,-0.843000,0.389000,-24.420000,4.336000,-4.450000,29.280000
4.492,0.225000,-0.831000,0.370000,-24.466000,3.557000,-8.145000,29.240000
4.500,0.283000,-0.799000,0.373000,-23.832000,9.679000,-10.015000,29.240000
4.511,0.324000,-0.843000,0.418000,-18.939000,19.618000,-11.206000,29.190000
4.518,0.306000,-0.867000,0.453000,-17.076000,29.924000,-11.550000,29.190000
4.530,0.258000,-0.912000,0.427000,-20.160000,39.305000,-10.107000,29.330000
4.543,0.202000,-0.946000,0.385000,-23.191000,38.214000,-6.153000,29.240000
4.552,0.163000,-0.960000,0.337000,-25.840000,34.443000,-4.130000,29.280000
4.562,0.208000,-0.946000,0.306000,-24.809000,32.954000,-4.557000,29.190000
4.569,0.279000,-0.905000,0.298000,-23.702000,33.168000,-2.153000,29.240000
4.584,0.309000,-0.893000,0.323000,-22.374000,31.794000,3.275000,29.240000
4.590,0.313000,-0.896000,0.326000,-22.908000,33.313000,11.534000,29.280000
4.601,0.228000,-0.877000,0.350000,-28.107000,33.313000,18.893000,29.280000
4.613,0.105000,-0.883000,0.338000,-31.198000,27.840000,20.969000,29.140000
4.620,0.033000,-0.917000,0.300000,-39.466000,17.809000,24.145000,29.330000
4.633,0.048000,-0.950000,0.241000,-43.847000,8.916000,25.023000,29.330000
4.640,0.136000,-0.983000,0.205000,-44.084000,4.397000,26.145000,29.190000
4.652,0.199000,-0.988000,0.194000,-39.053000,0.489000,28.931000,29.240000
4.659,0.204000,-1.035000,0.216000,-30.931000,-5.756000,35.336000,29.240000
4.671,0.145000,-1.026000,0.239000,-27.389000,-4.519000,38.718000,29.280000
4.678,0.045000,-1.005000,0.240000,-28.115000,-11.771000,42.412000,29.280000
4.691,0.020000,-0.976000,0.229000,-31.992000,-14.840000,43.489000,29.330000
4.703,-0.001000,-0.977000,0.206000,-34.496000,-8.183000,37.771000,29.240000
4.710,0.008000,-0.975000,0.171000,-31.504000,-7.672000,32.756000,29.280000
4.722,0.030000,-0.997000,0.141000,-22.931000,-5.115000,26.473000,29.280000
4.729,0.029000,-1.056000,0.151000,-10.847000,-6.115000,21.931000,29.240000
4.742,0.038000,-1.043000,0.161000,-0.389000,-2.260000,16.053000,29.330000
4.749,0.010000,-1.062000,0.195000,7.145000,-5.466000,12.870000,29.280000
4.761,0.025000,-1.067000,0.203000,12.160000,-9.931000,11.305000,29.190000
4.768,0.053000,-1.043000,0.211000,15.611000,-7.000000,8.931000,29.240000
4.781,0.072000,-1.019000,0.211000,18.687000,-4.191000,8.466000,29.330000
4.786,0.059000,-0.998000,0.236000,22.076000,-4.718000,11.046000,29.330000
4.802,0.028000,-0.973000,0.265000,24.229000,-5.069000,13.107000,29.280000
4.812,-0.013000,-0.926000,0.318000,23.092000,-6.519000,13.489000,29.190000
4.819,-0.065000,-0.894000,0.351000,17.687000,-8.885000,12.511000,29.330000
4.834,-0.057000,-0.873000,0.345000,10.672000,-11.244000,10.435000,29.330000
4.840,-0.034000,-0.862000,0.338000,4.458000,-13.359000,8.947000,29.280000
4.852,0.017000,-0.858000,0.334000,-0.405000,-15.252000,9.252000,29.280000
4.858,0.031000,-0.875000,0.320000,-3.321000,-15.198000,10.206000,29.240000
4.871,0.031000,-0.926000,0.331000,-3.649000,-16.191000,10.168000,29.240000
4.883,0.022000,-0.964000,0.349000,-3.015000,-14.947000,7.466000,29.190000
4.890,0.006000,-0.990000,0.326000,-4.168000,-13.443000,4.542000,29.280000
4.903,0.010000,-1.008000,0.311000,-3.893000,-15.435000,3.275000,29.240000
4.910,0.046000,-0.995000,0.306000,-2.122000,-16.214000,2.244000,29.330000
4.922,0.080000,-0.962000,0.307000,-0.031000,-11.870000,0.466000,29.380000
4.930,0.095000,-0.951000,0.308000,3.374000,-6.794000,0.084000,29.280000
4.942,0.098000,-0.963000,0.298000,5.931000,-0.267000,-0.718000,29.240000
4.949,0.077000,-0.975000,0.301000,7.534000,2.382000,-1.031000,29.240000
4.962,0.071000,-0.985000,0.301000,6.733000,5.153000,-1.435000,29.280000
4.969,0.048000,-0.971000,0.285000,3.802000,9.840000,-2.901000,29.280000
4.984,0.048000,-0.961000,0.276000,1.084000,8.282000,-2.137000,29.330000
4.989,0.066000,-0.949000,0.260000,0.015000,9.053000,-0.550000,29.240000
5.002,0.109000,-0.956000,0.240000,1.137000,6.237000,3.275000,29.280000
5.009,0.110000,-0.961000,0.238000,4.092000,3.000000,8.099000,29.280000
5.021,0.100000,-0.974000,0.254000,7.924000,2.641000,10.420000,29.330000
5.028,0.093000,-0.980000,0.259000,10.366000,3.542000,11.000000,29.240000
5.041,0.120000,-0.949000,0.264000,10.145000,9.504000,9.786000,29.380000
5.048,0.132000,-0.959000,0.248000,10.672000,17.710000,10.366000,29.190000
5.060,0.153000,-0.945000,0.220000,11.511000,24.702000,14.115000,29.330000
5.073,0.132000,-0.922000,0.167000,13.840000,27.901000,20.679000,29.330000
5.080,-0.011000,-0.957000,0.158000,14.603000,20.771000,26.672000,29.380000
5.092,-0.115000,-0.979000,0.165000,15.298000,4.214000,28.855000,29.190000
5.100,-0.099000,-1.008000,0.213000,15.374000,-14.420000,28.198000,29.330000
5.112,0.000000,-0.985000,0.270000,15.176000,-22.435000,26.840000,29.420000
5.119,0.105000,-0.998000,0.315000,16.626000,-25.931000,29.313000,29.240000
5.134,0.190000,-0.977000,0.350000,16.748000,-12.389000,31.824000,29.280000
5.139,0.153000,-0.962000,0.361000,17.389000,2.511000,36.550000,29.330000
5.151,0.029000,-0.972000,0.334000,15.412000,9.939000,40.870000,29.240000
5.163,-0.117000,-0.971000,0.321000,11.878000,10.550000,39.038000,29.280000
5.170,-0.181000,-1.003000,0.315000,8.137000,1.603000,33.840000,29.280000
5.183,-0.164000,-1.030000,0.322000,6.740000,-9.458000,28.198000,29.240000
5.189,-0.094000,-1.022000,0.353000,10.183000,-20.618000,25.122000,29.330000
5.202,-0.002000,-1.005000,0.384000,13.153000,-20.237000,22.779000,29.280000
5.209,0.033000,-0.988000,0.414000,15.573000,-11.863000,21.137000,29.280000
5.221,0.026000,-0.964000,0.425000,16.618000,-4.374000,22.015000,29.330000
5.228,-0.018000,-0.935000,0.407000,15.397000,4.214000,21.252000,29.330000
5.241,-0.098000,-0.927000,0.393000,10.221000,9.168000,20.053000,29.280000
5.248,-0.169000,-0.928000,0.359000,5.626000,3.229000,19.206000,29.380000
5.260,-0.183000,-0.939000,0.335000,1.672000,-4.496000,17.405000,29.240000
5.273,-0.153000,-0.942000,0.318000,-0.183000,-10.870000,15.794000,29.420000
5.279,-0.115000,-0.931000,0.296000,0.870000,-17.595000,17.779000,29.240000
5.292,-0.073000,-0.905000,0.275000,3.061000,-28.260000,21.817000,29.280000
5.299,-0.057000,-0.887000,0.273000,3.183000,-37.008000,26.160000,29.330000
5.311,-0.051000,-0.862000,0.283000,1.435000,-34.832000,27.061000,29.240000
5.318,-0.066000,-0.857000,0.304000,1.718000,-36.397000,27.168000,29.280000
5.330,-0.064000,-0.866000,0.315000,-1.107000,-37.000000,26.305000,29.380000
5.343,-0.055000,-0.839000,0.337000,-3.763000,-35.473000,21.802000,29.330000
5.350,-0.024000,-0.834000,0.351000,-8.916000,-25.214000,13.779000,29.240000
5.362,-0.004000,-0.856000,0.356000,-11.885000,-11.870000,5.939000,29.280000
5.369,-0.011000,-0.874000,0.334000,-9.504000,-3.725000,2.252000,29.190000
5.381,-0.060000,-0.941000,0.330000,-4.206000,-3.908000,6.092000,29.330000
5.389,-0.083000,-0.942000,0.304000,2.733000,-4.435000,12.679000,29.330000
5.401,-0.161000,-0.928000,0.307000,8.885000,-15.718000,18.008000,29.280000
5.413,-0.145000,-0.898000,0.304000,-3.191000,-12.191000,20.359000,29.190000
5.420,-0.207000,-0.857000,0.356000,-4.023000,-22.092000,16.099000,29.380000
5.433,-0.169000,-0.885000,0.385000,-6.588000,-28.557000,10.992000,29.330000
5.439,-0.076000,-0.922000,0.439000,-11.977000,-24.420000,4.527000,29.330000
5.452,-0.064000,-0.918000,0.459000,-7.580000,-18.756000,-3.969000,29.280000
5.458,-0.027000,-0.929000,0.465000,-2.664000,-13.863000,-12.458000,29.380000
5.471,-0.014000,-0.891000,0.464000,-6.282000,-1.779000,-22.565000,29.330000
5.486,-0.036000,-0.865000,0.444000,-20.511000,20.893000,-30.481000,29.240000
5.491,-0.052000,-0.853000,0.430000,-15.817000,14.397000,-36.832000,29.280000
5.502,-0.070000,-0.831000,0.380000,-23.740000,24.244000,-39.443000,29.280000
5.509,-0.109000,-0.823000,0.355000,-29.153000,29.214000,-40.687000,29.330000
5.520,-0.153000,-0.808000,0.292000,-34.595000,30.733000,-41.000000,29.330000
5.533,-0.190000,-0.830000,0.229000,-36.573000,33.137000,-43.382000,29.280000
5.540,-0.202000,-0.864000,0.238000,-31.099000,27.771000,-48.290000,29.380000
5.552,-0.197000,-0.896000,0.222000,-25.763000,26.145000,-57.412000,29.330000
5.559,-0.134000,-0.954000,0.203000,-22.321000,17.481000,-64.527000,29.330000
5.571,-0.090000,-0.992000,0.192000,-13.061000,1.939000,-63.023000,29.380000
5.583,-0.041000,-1.043000,0.175000,-7.069000,-18.328000,-57.710000,29.280000
5.590,0.021000,-1.055000,0.188000,-4.626000,-35.603000,-52.763000,29.240000
5.603,0.076000,-1.079000,0.214000,0.336000,-44.122000,-47.206000,29.330000
5.609,0.171000,-1.084000,0.251000,3.969000,-33.053000,-46.382000,29.280000
5.621,0.194000,-1.086000,0.305000,10.618000,-23.214000,-45.153000,29.280000
5.628,0.215000,-1.109000,0.330000,19.832000,-13.977000,-45.687000,29.330000
5.641,0.287000,-1.115000,0.356000,28.824000,-5.321000,-45.206000,29.330000
5.648,0.328000,-1.091000,0.393000,34.939000,2.046000,-41.000000,29.380000
5.660,0.355000,-1.060000,0.450000,39.130000,3.695000,-33.397000,29.380000
5.673,0.365000,-1.008000,0.443000,38.527000,6.931000,-24.015000,29.330000
5.680,0.377000,-0.971000,0.463000,32.748000,8.550000,-11.084000,29.330000
5.693,0.356000,-0.921000,0.468000,28.221000,14.359000,0.588000,29.380000
5.700,0.302000,-0.887000,0.468000,20.504000,21.870000,9.962000,29.280000
5.712,0.241000,-0.902000,0.481000,11.160000,24.260000,19.702000,29.330000
5.719,0.185000,-0.906000,0.435000,5.985000,26.275000,25.145000,29.420000
5.734,0.110000,-0.927000,0.407000,1.954000,29.038000,27.015000,29.380000
5.740,0.034000,-0.919000,0.390000,-1.351000,28.137000,27.527000,29.380000
5.753,0.039000,-0.923000,0.366000,-2.824000,27.618000,24.756000,29.240000
5.758,0.000000,-0.913000,0.353000,-2.473000,23.198000,22.931000,29.330000
5.771,-0.036000,-0.880000,0.350000,-3.641000,16.725000,23.710000,29.330000
5.783,-0.052000,-0.860000,0.330000,-5.183000,10.115000,23.496000,29.380000
5.790,-0.025000,-0.857000,0.353000,-6.519000,10.412000,20.649000,29.330000
5.803,0.014000,-0.856000,0.350000,-7.260000,17.550000,15.511000,29.420000
5.809,0.018000,-0.866000,0.344000,-8.305000,24.336000,9.603000,29.280000
5.822,-0.003000,-0.873000,0.339000,-11.099000,28.420000,4.038000,29.380000
5.829,-0.019000,-0.870000,0.306000,-18.611000,26.305000,0.863000,29.330000
5.842,-0.042000,-0.906000,0.272000,-25.679000,17.420000,1.656000,29.330000
5.848,-0.005000,-0.924000,0.272000,-28.092000,10.481000,1.443000,29.280000
5.860,0.048000,-0.947000,0.234000,-28.466000,10.168000,2.840000,29.280000
5.873,0.068000,-1.036000,0.222000,-23.824000,3.725000,8.206000,29.330000
5.880,0.097000,-1.131000,0.207000,-14.618000,1.573000,13.672000,29.330000
5.893,0.102000,-1.171000,0.184000,-6.336000,6.817000,16.779000,29.380000
5.900,0.069000,-1.153000,0.219000,6.374000,16.191000,14.863000,29.380000
5.912,0.070000,-1.098000,0.240000,17.687000,31.557000,8.603000,29.240000
5.919,0.054000,-1.065000,0.258000,25.214000,39.397000,0.992000,29.330000
5.934,0.029000,-1.023000,0.245000,32.427000,42.206000,-6.427000,29.330000
5.940,0.018000,-0.953000,0.253000,34.504000,51.038000,-14.412000,29.380000
5.953,-0.024000,-0.948000,0.253000,34.901000,44.710000,-20.229000,29.330000
5.958,-0.057000,-0.879000,0.268000,27.634000,34.763000,-23.870000,29.240000
5.971,-0.097000,-0.855000,0.234000,16.595000,14.901000,-23.908000,29.380000
5.983,-0.050000,-0.833000,0.270000,3.740000,1.977000,-25.115000,29.380000
5.990,-0.043000,-0.843000,0.306000,-7.290000,-11.076000,-22.023000,29.330000
6.002,0.003000,-0.874000,0.328000,-12.542000,-23.069000,-18.473000,29.240000
6.008,0.087000,-0.883000,0.329000,-14.702000,-16.328000,-17.962000,29.190000
6.021,0.119000,-0.939000,0.341000,-13.321000,-7.107000,-13.397000,29.280000
6.026,0.133000,-0.955000,0.316000,-5.656000,1.420000,-6.916000,29.330000
6.041,0.119000,-0.969000,0.284000,3.664000,7.656000,-0.809000,29.330000
6.053,0.076000,-0.975000,0.263000,8.015000,16.160000,2.015000,29.380000
6.060,-0.005000,-0.994000,0.255000,15.153000,19.626000,0.580000,29.280000
6.072,-0.055000,-0.970000,0.256000,20.122000,22.260000,-4.168000,29.330000
6.079,-0.115000,-0.948000,0.246000,20.420000,20.069000,-8.626000,29.240000
6.092,-0.128000,-0.960000,0.266000,23.244000,9.420000,-13.183000,29.420000
6.099,-0.062000,-0.931000,0.321000,26.809000,2.771000,-17.573000,29.280000
6.111,0.008000,-0.917000,0.349000,30.115000,2.000000,-22.634000,29.330000
6.118,0.042000,-0.919000,0.385000,33.863000,0.702000,-27.084000,29.330000
6.131,0.110000,-0.894000,0.406000,34.656000,6.466000,-31.824000,29.380000
6.144,0.124000,-0.856000,0.437000,32.115000,14.282000,-36.015000,29.380000
6.150,0.105000,-0.829000,0.442000,29.519000,14.565000,-39.733000,29.240000
6.162,0.123000,-0.822000,0.436000,21.939000,17.458000,-41.756000,29.330000
6.169,0.131000,-0.865000,0.444000,16.298000,19.412000,-39.031000,29.280000
6.184,0.122000,-0.918000,0.441000,11.557000,21.252000,-30.260000,29.280000
6.190,0.116000,-0.926000,0.427000,9.748000,16.901000,-15.870000,29.330000
6.202,0.103000,-0.903000,0.401000,10.069000,10.847000,-0.275000,29.330000
6.209,0.061000,-0.883000,0.367000,5.580000,4.802000,14.809000,29.380000
6.221,0.068000,-0.875000,0.328000,7.160000,-2.099000,22.496000,29.280000
6.228,0.050000,-0.891000,0.328000,9.916000,-4.145000,26.023000,29.330000
6.241,0.070000,-0.865000,0.325000,12.389000,3.786000,20.427000,29.420000
6.253,0.072000,-0.894000,0.324000,10.351000,21.794000,8.328000,29.240000
6.260,0.004000,-0.944000,0.325000,14.298000,26.466000,-3.725000,29.280000
6.273,-0.017000,-0.971000,0.337000,17.962000,20.916000,-12.832000,29.330000
6.280,0.002000,-0.987000,0.338000,19.519000,12.061000,-17.252000,29.240000
6.292,0.031000,-0.991000,0.357000,21.015000,4.137000,-16.847000,29.380000
6.299,0.054000,-0.992000,0.391000,24.763000,-6.855000,-10.771000,29.470000
6.311,0.100000,-0.979000,0.432000,25.015000,-14.023000,-5.176000,29.330000
6.318,0.133000,-0.936000,0.475000,23.840000,-17.191000,-1.618000,29.420000
6.330,0.109000,-0.916000,0.491000,20.076000,-22.191000,0.931000,29.380000
6.344,0.108000,-0.896000,0.517000,14.992000,-22.031000,-1.328000,29.380000
6.350,0.124000,-0.882000,0.518000,9.313000,-20.244000,-5.115000,29.420000
6.362,0.130000,-0.908000,0.527000,3.206000,-22.313000,-7.344000,29.420000
6.369,0.188000,-0.940000,0.526000,-0.885000,-15.473000,-10.748000,29.380000
6.384,0.175000,-0.939000,0.531000,-7.198000,-6.244000,-8.931000,29.380000
6.390,0.167000,-0.945000,0.512000,-11.695000,-10.573000,-1.908000,29.330000
6.401,0.147000,-0.949000,0.515000,-14.817000,-9.366000,3.344000,29.330000
6.408,0.137000,-0.953000,0.503000,-15.137000,-5.473000,5.153000,29.330000
6.421,0.149000,-0.954000,0.501000,-11.901000,-4.061000,4.794000,29.380000
6.426,0.184000,-0.940000,0.511000,-6.275000,2.290000,0.603000,29.420000
6.441,0.178000,-0.929000,0.492000,-4.145000,6.107000,-4.664000,29.420000
6.453,0.169000,-0.909000,0.472000,-5.756000,4.145000,-4.771000,29.280000
6.460,0.164000,-0.912000,0.435000,-7.176000,-0.740000,-0.359000,29.380000
6.473,0.177000,-0.897000,0.424000,-9.656000,-1.542000,5.221000,29.330000
6.479,0.145000,-0.878000,0.398000,-10.733000,0.092000,13.389000,29.420000
6.492,0.129000,-0.883000,0.383000,-9.626000,2.557000,19.198000,29.280000
6.500,0.113000,-0.878000,0.375000,-8.389000,9.756000,19.076000,29.380000
6.511,0.081000,-0.891000,0.383000,-4.878000,17.221000,12.366000,29.330000
6.519,0.082000,-0.891000,0.396000,-0.618000,18.290000,3.595000,29.330000
6.531,0.057000,-0.903000,0.379000,1.160000,8.794000,-3.618000,29.380000
6.539,0.069000,-0.876000,0.365000,-1.634000,5.855000,-7.145000,29.380000
6.551,0.113000,-0.888000,0.357000,-3.458000,6.748000,-6.519000,29.420000
6.558,0.162000,-0.865000,0.351000,-4.718000,8.840000,0.840000,29.330000
6.571,0.146000,-0.880000,0.344000,-5.855000,9.985000,12.969000,29.420000
6.576,0.072000,-0.880000,0.343000,-2.229000,10.916000,18.275000,29.380000
6.591,0.034000,-0.904000,0.368000,-1.351000,12.527000,18.389000,29.330000
6.603,-0.020000,-0.915000,0.367000,0.328000,14.496000,11.397000,29.420000
6.610,-0.039000,-0.901000,0.409000,0.809000,13.290000,2.573000,29.380000
6.622,-0.029000,-0.892000,0.427000,2.580000,11.466000,-6.282000,29.380000
6.629,0.032000,-0.856000,0.444000,-1.046000,15.282000,-14.389000,29.240000
6.643,0.088000,-0.832000,0.444000,-5.046000,25.542000,-18.137000,29.330000
6.649,0.078000,-0.819000,0.429000,-8.176000,27.580000,-14.221000,29.280000
6.661,0.078000,-0.878000,0.412000,-7.832000,26.969000,-7.863000,29.380000
6.668,0.074000,-0.927000,0.407000,-3.038000,27.939000,-3.847000,29.330000
6.680,0.072000,-0.957000,0.419000,5.695000,31.099000,-2.969000,29.330000
6.694,0.050000,-0.963000,0.415000,13.947000,35.336000,-6.168000,29.380000
6.701,0.032000,-0.917000,0.423000,18.603000,35.885000,-11.458000,29.470000
6.712,-0.019000,-0.870000,0.408000,15.496000,28.618000,-15.580000,29.330000
6.719,-0.050000,-0.816000,0.371000,6.649000,13.412000,-17.122000,29.330000
6.731,-0.062000,-0.815000,0.313000,-3.962000,-7.450000,-12.740000,29.420000
6.740,0.039000,-0.937000,0.308000,-1.374000,-27.588000,-6.489000,29.280000
6.752,0.157000,-0.951000,0.338000,5.626000,-21.748000,-7.466000,29.420000
6.758,0.204000,-0.985000,0.333000,16.015000,-9.832000,-7.870000,29.330000
6.770,0.241000,-1.004000,0.334000,25.389000,-2.153000,-10.985000,29.380000
6.784,0.155000,-0.947000,0.347000,22.756000,11.649000,-13.374000,29.280000
6.790,0.059000,-0.924000,0.320000,20.954000,5.924000,-11.588000,29.420000
6.802,0.009000,-0.932000,0.322000,19.489000,-10.618000,-7.374000,29.240000
6.809,0.027000,-0.872000,0.345000,16.443000,-16.824000,-4.885000,29.280000
6.821,0.062000,-0.849000,0.328000,13.885000,-18.893000,-4.649000,29.380000
6.828,0.090000,-0.897000,0.334000,12.122000,-26.275000,-1.580000,29.280000
6.841,0.109000,-0.893000,0.322000,15.527000,-26.206000,0.031000,29.420000
6.848,0.125000,-0.921000,0.343000,23.397000,-26.458000,1.947000,29.420000
6.860,0.158000,-0.884000,0.364000,30.656000,-19.779000,0.588000,29.380000
6.873,0.140000,-0.837000,0.369000,32.237000,-15.435000,0.405000,29.280000
6.880,0.098000,-0.792000,0.366000,28.908000,-14.702000,1.824000,29.330000
6.892,0.058000,-0.780000,0.379000,28.061000,-13.992000,2.756000,29.330000
6.900,0.042000,-0.791000,0.388000,27.160000,-10.611000,1.198000,29.380000
6.912,0.011000,-0.828000,0.377000,29.389000,-11.924000,1.931000,29.420000
6.919,-0.002000,-0.845000,0.384000,32.985000,-8.046000,-0.748000,29.420000
6.931,-0.015000,-0.868000,0.413000,40.733000,-4.046000,-10.023000,29.380000
6.939,0.001000,-0.853000,0.467000,49.626000,5.786000,-26.450000,29.280000
6.952,0.081000,-0.858000,0.530000,54.374000,16.214000,-40.519000,29.330000
6.963,0.129000,-0.795000,0.543000,50.786000,23.122000,-51.321000,29.330000
6.970,0.142000,-0.760000,0.585000,43.748000,27.282000,-57.168000,29.380000
6.983,0.143000,-0.744000,0.562000,32.053000,25.649000,-52.748000,29.280000
6.989,0.163000,-0.778000,0.546000,24.427000,13.107000,-42.328000,29.330000
7.002,0.199000,-0.801000,0.545000,19.305000,0.863000,-31.084000,29.330000
7.009,0.259000,-0.824000,0.528000,19.924000,-7.130000,-18.344000,29.380000
7.021,0.262000,-0.834000,0.531000,17.962000,-2.977000,-7.962000,29.280000
7.028,0.227000,-0.849000,0.524000,20.588000,2.092000,-1.840000,29.330000
7.041,0.175000,-0.853000,0.519000,25.076000,6.389000,1.954000,29.330000
7.053,0.116000,-0.838000,0.513000,32.656000,10.420000,-3.504000,29.420000
7.060,0.076000,-0.836000,0.536000,41.344000,11.107000,-15.038000,29.380000
7.073,0.053000,-0.801000,0.539000,48.466000,10.748000,-27.863000,29.420000
7.079,0.067000,-0.790000,0.571000,52.282000,11.939000,-40.885000,29.420000
7.093,0.084000,-0.765000,0.586000,51.046000,8.130000,-47.634000,29.380000
7.100,0.094000,-0.759000,0.583000,46.145000,-1.389000,-47.015000,29.280000
7.111,0.153000,-0.770000,0.583000,41.840000,-15.947000,-39.718000,29.470000
7.118,0.245000,-0.745000,0.601000,34.435000,-15.992000,-30.916000,29.420000
7.130,0.266000,-0.738000,0.616000,29.092000,-10.359000,-21.076000,29.330000
7.143,0.274000,-0.728000,0.625000,24.679000,-5.794000,-15.427000,29.280000
7.150,0.255000,-0.729000,0.636000,22.588000,-3.580000,-15.817000,29.380000
7.162,0.275000,-0.729000,0.631000,23.740000,-4.969000,-20.084000,29.330000
7.169,0.238000,-0.750000,0.631000,22.504000,-2.382000,-23.794000,29.330000
7.182,0.219000,-0.738000,0.626000,18.679000,2.137000,-25.519000,29.280000
7.191,0.232000,-0.749000,0.617000,12.496000,5.008000,-23.855000,29.380000
7.202,0.226000,-0.749000,0.605000,3.641000,8.229000,-18.000000,29.330000
7.208,0.211000,-0.766000,0.592000,-0.122000,8.374000,-11.664000,29.420000
7.220,0.214000,-0.794000,0.570000,-1.672000,11.977000,-7.618000,29.380000
7.233,0.195000,-0.797000,0.564000,0.053000,12.672000,-5.611000,29.280000
7.240,0.177000,-0.777000,0.571000,4.313000,12.550000,-7.160000,29.420000
7.253,0.179000,-0.770000,0.589000,10.855000,10.260000,-12.603000,29.420000
7.259,0.168000,-0.747000,0.598000,14.122000,6.817000,-16.969000,29.380000
7.274,0.161000,-0.723000,0.612000,15.130000,4.695000,-21.565000,29.280000
7.279,0.169000,-0.692000,0.610000,13.313000,3.924000,-24.489000,29.420000
7.292,0.186000,-0.691000,0.641000,9.649000,5.756000,-25.466000,29.280000
7.299,0.203000,-0.680000,0.642000,6.038000,3.397000,-23.786000,29.380000
7.311,0.250000,-0.702000,0.669000,6.618000,-0.099000,-22.702000,29.330000
7.318,0.300000,-0.680000,0.685000,8.000000,-1.710000,-22.099000,29.420000
7.330,0.325000,-0.684000,0.689000,9.214000,-3.718000,-20.374000,29.470000
7.344,0.347000,-0.675000,0.694000,7.611000,-6.305000,-17.305000,29.380000
7.352,0.360000,-0.655000,0.706000,6.260000,-9.099000,-14.267000,29.240000
7.362,0.384000,-0.644000,0.705000,2.786000,-10.229000,-9.985000,29.330000
7.369,0.421000,-0.646000,0.699000,-2.397000,-8.954000,-6.046000,29.420000
7.383,0.417000,-0.654000,0.686000,-8.824000,-2.832000,-0.901000,29.470000
7.390,0.403000,-0.676000,0.646000,-12.137000,-0.351000,4.656000,29.330000
7.403,0.376000,-0.708000,0.593000,-14.397000,-1.992000,10.641000,29.420000
7.409,0.351000,-0.737000,0.545000,-16.275000,-5.015000,14.916000,29.380000
7.421,0.344000,-0.786000,0.497000,-14.061000,-7.641000,17.405000,29.380000
7.426,0.326000,-0.803000,0.482000,-8.939000,-9.443000,18.183000,29.420000
7.440,0.283000,-0.821000,0.479000,-4.702000,-8.756000,18.626000,29.420000
7.453,0.239000,-0.802000,0.486000,-0.084000,-7.809000,17.565000,29.380000
7.460,0.217000,-0.788000,0.496000,1.214000,-5.733000,16.901000,29.470000
7.472,0.177000,-0.797000,0.501000,2.565000,-9.916000,16.939000,29.330000
7.479,0.160000,-0.796000,0.498000,4.450000,-15.389000,15.924000,29.330000
7.493,0.167000,-0.800000,0.523000,5.534000,-15.023000,13.229000,29.380000
7.499,0.180000,-0.821000,0.531000,8.282000,-15.511000,10.473000,29.380000
7.511,0.191000,-0.806000,0.564000,11.626000,-15.756000,7.695000,29.330000
7.518,0.191000,-0.791000,0.602000,13.939000,-13.466000,5.137000,29.420000
7.531,0.168000,-0.781000,0.624000,13.328000,-10.679000,4.130000,29.420000
7.539,0.154000,-0.724000,0.651000,15.206000,-6.794000,2.840000,29.280000
7.552,0.165000,-0.709000,0.680000,12.313000,-0.969000,0.916000,29.420000
7.563,0.194000,-0.673000,0.692000,10.832000,-3.206000,-2.779000,29.420000
7.570,0.186000,-0.641000,0.710000,3.840000,0.641000,-5.282000,29.380000
7.584,0.197000,-0.637000,0.704000,-0.084000,4.603000,-9.237000,29.280000
7.590,0.197000,-0.652000,0.683000,-4.000000,8.611000,-12.420000,29.330000
7.602,0.211000,-0.640000,0.671000,-5.702000,11.206000,-15.985000,29.330000
7.609,0.242000,-0.665000,0.634000,-6.718000,10.542000,-17.237000,29.380000
7.621,0.255000,-0.689000,0.596000,-6.115000,6.924000,-17.305000,29.470000
7.629,0.286000,-0.701000,0.567000,-5.466000,4.832000,-16.977000,29.420000
7.641,0.289000,-0.713000,0.541000,-4.924000,4.015000,-15.435000,29.420000
7.649,0.304000,-0.729000,0.526000,-2.916000,2.550000,-13.588000,29.380000
7.660,0.315000,-0.737000,0.491000,0.137000,-3.985000,-10.710000,29.380000
7.673,0.316000,-0.756000,0.458000,1.626000,-10.939000,-7.099000,29.330000
7.680,0.315000,-0.778000,0.463000,4.031000,-13.031000,-5.183000,29.420000
7.693,0.342000,-0.807000,0.460000,8.832000,-11.321000,-4.863000,29.330000
7.700,0.347000,-0.828000,0.463000,13.115000,-9.450000,-5.450000,29.380000
7.712,0.343000,-0.814000,0.506000,18.733000,-4.008000,-5.573000,29.420000
7.719,0.303000,-0.791000,0.532000,22.718000,0.634000,-5.481000,29.420000
7.733,0.272000,-0.760000,0.566000,25.351000,1.817000,-5.618000,29.380000
7.739,0.246000,-0.741000,0.603000,26.344000,-3.817000,-4.137000,29.380000
7.752,0.222000,-0.723000,0.646000,25.908000,-14.397000,-2.603000,29.330000
7.758,0.229000,-0.678000,0.664000,24.046000,-16.626000,-4.565000,29.330000
7.770,0.241000,-0.672000,0.682000,18.603000,-13.107000,-5.863000,29.470000
7.784,0.240000,-0.684000,0.697000,15.023000,-12.237000,-6.183000,29.380000
7.790,0.240000,-0.686000,0.693000,13.336000,-13.947000,-5.115000,29.420000
7.803,0.260000,-0.687000,0.703000,9.450000,-14.191000,-4.359000,29.330000
7.809,0.270000,-0.685000,0.703000,7.405000,-12.298000,-4.321000,29.380000
7.822,0.309000,-0.679000,0.691000,5.809000,-4.313000,-5.756000,29.380000
7.829,0.288000,-0.691000,0.703000,2.954000,2.824000,-6.710000,29.420000
7.842,0.285000,-0.680000,0.677000,1.870000,9.336000,-8.985000,29.330000
7.850,0.261000,-0.677000,0.666000,2.420000,10.298000,-11.466000,29.330000
7.861,0.267000,-0.670000,0.658000,5.290000,9.229000,-13.771000,29.380000
7.868,0.281000,-0.669000,0.648000,1.878000,3.198000,-14.779000,29.420000
7.881,0.292000,-0.650000,0.641000,3.160000,1.053000,-16.176000,29.520000
7.888,0.309000,-0.642000,0.617000,2.809000,-0.511000,-16.924000,29.380000
7.902,0.317000,-0.649000,0.609000,3.214000,-4.496000,-15.435000,29.280000
7.913,0.334000,-0.658000,0.592000,2.076000,-6.092000,-13.092000,29.420000
7.920,0.346000,-0.658000,0.566000,2.389000,-5.817000,-10.206000,29.420000
7.934,0.389000,-0.698000,0.562000,4.252000,-5.412000,-7.969000,29.380000
7.940,0.402000,-0.697000,0.562000,6.481000,-4.244000,-5.603000,29.380000
7.952,0.402000,-0.705000,0.568000,8.580000,0.336000,-3.267000,29.420000
7.959,0.374000,-0.708000,0.579000,11.130000,3.824000,-1.527000,29.420000
7.972,0.347000,-0.694000,0.592000,11.443000,6.588000,-0.695000,29.470000
7.979,0.312000,-0.701000,0.595000,12.122000,6.473000,-1.130000,29.470000
7.992,0.308000,-0.696000,0.627000,13.076000,6.626000,-2.916000,29.330000
7.999,0.300000,-0.700000,0.636000,11.237000,5.023000,-3.748000,29.330000
8.011,0.301000,-0.691000,0.647000,13.000000,5.344000,-4.435000,29.380000
8.018,0.274000,-0.677000,0.667000,11.977000,1.802000,-1.725000,29.280000
8.030,0.258000,-0.660000,0.667000,10.412000,-3.389000,-0.115000,29.330000
8.036,0.272000,-0.650000,0.673000,6.947000,-3.466000,1.260000,29.420000
8.051,0.272000,-0.653000,0.675000,3.954000,-4.405000,0.893000,29.380000
8.063,0.293000,-0.669000,0.671000,3.221000,-8.687000,0.565000,29.470000
8.070,0.292000,-0.674000,0.667000,3.069000,-11.656000,0.611000,29.420000
8.083,0.307000,-0.667000,0.670000,2.687000,-8.473000,-0.878000,29.420000
8.090,0.318000,-0.661000,0.652000,2.847000,-2.374000,-3.656000,29.380000
8.102,0.324000,-0.665000,0.637000,2.687000,2.771000,-6.649000,29.380000
8.110,0.321000,-0.659000,0.622000,3.038000,5.573000,-8.771000,29.330000
8.122,0.317000,-0.657000,0.620000,3.618000,7.649000,-10.191000,29.420000
8.129,0.327000,-0.670000,0.612000,4.229000,8.153000,-10.496000,29.380000
8.143,0.341000,-0.673000,0.609000,5.656000,3.962000,-9.191000,29.380000
8.150,0.319000,-0.661000,0.605000,4.573000,1.939000,-5.924000,29.520000
8.162,0.297000,-0.662000,0.606000,4.748000,-0.672000,-3.282000,29.420000
8.169,0.304000,-0.664000,0.613000,4.718000,-1.351000,-1.565000,29.420000
8.181,0.315000,-0.662000,0.630000,5.878000,-2.924000,-1.061000,29.380000
8.189,0.330000,-0.662000,0.636000,7.992000,-4.473000,-1.802000,29.520000
8.202,0.327000,-0.641000,0.636000,8.710000,-2.229000,-3.435000,29.420000
8.209,0.316000,-0.643000,0.652000,9.504000,2.611000,-5.748000,29.380000
8.221,0.312000,-0.655000,0.646000,8.817000,5.931000,-7.885000,29.380000
8.228,0.307000,-0.659000,0.646000,7.947000,6.969000,-9.313000,29.420000
8.241,0.294000,-0.672000,0.651000,8.412000,6.573000,-9.924000,29.420000
8.249,0.304000,-0.678000,0.638000,9.244000,6.634000,-9.962000,29.380000
8.261,0.320000,-0.682000,0.646000,11.198000,4.466000,-10.664000,29.380000
8.273,0.311000,-0.668000,0.647000,11.664000,3.595000,-9.626000,29.420000
8.280,0.304000,-0.654000,0.656000,11.053000,5.176000,-9.603000,29.420000
8.293,0.286000,-0.654000,0.650000,9.595000,4.351000,-9.168000,29.470000
8.301,0.291000,-0.644000,0.653000,9.634000,-0.290000,-8.489000,29.470000
8.312,0.303000,-0.636000,0.640000,7.969000,0.160000,-8.275000,29.420000
8.330,0.316000,-0.641000,0.657000,8.076000,1.824000,-9.351000,29.420000
