time_sec,ax,ay,az,gx,gy,gz,temp_c
0.011,-0.240000,0.312000,1.012000,-178.466000,5.420000,2.336000,31.350000
0.018,-0.271000,0.280000,1.001000,-184.092000,-6.565000,4.115000,31.260000
0.025,-0.290000,0.330000,1.028000,-190.626000,-17.496000,8.015000,31.210000
0.037,-0.332000,0.326000,0.992000,-193.718000,-28.328000,10.282000,31.210000
0.043,-0.354000,0.279000,0.967000,-197.466000,-37.641000,12.595000,31.170000
0.056,-0.370000,0.271000,0.921000,-197.069000,-41.534000,13.641000,31.310000
0.068,-0.359000,0.169000,0.877000,-193.084000,-45.924000,12.229000,31.310000
0.074,-0.319000,0.143000,0.862000,-196.840000,-38.954000,8.183000,31.170000
0.088,-0.335000,0.076000,0.831000,-192.809000,-27.076000,5.145000,31.350000
0.097,-0.389000,0.087000,0.891000,-180.832000,-23.366000,6.962000,31.210000
0.106,-0.427000,0.155000,0.933000,-174.947000,-20.969000,9.031000,31.260000
0.119,-0.366000,0.179000,0.909000,-182.756000,-18.076000,3.366000,31.260000
0.125,-0.456000,0.077000,0.851000,-187.405000,-29.084000,1.389000,31.210000
0.137,-0.415000,0.036000,0.781000,-190.977000,-41.916000,-4.626000,31.120000
0.143,-0.370000,-0.039000,0.706000,-198.298000,-56.382000,-7.641000,31.170000
0.155,-0.337000,-0.104000,0.656000,-199.252000,-70.481000,-6.969000,31.210000
0.168,-0.310000,-0.156000,0.631000,-198.084000,-77.634000,-3.809000,31.120000
0.176,-0.308000,-0.186000,0.623000,-193.641000,-84.534000,0.656000,31.210000
0.187,-0.214000,-0.237000,0.620000,-190.954000,-90.786000,6.618000,31.170000
0.198,-0.210000,-0.257000,0.674000,-185.947000,-81.603000,13.168000,31.310000
0.205,-0.168000,-0.240000,0.627000,-184.527000,-80.901000,21.473000,31.310000
0.217,-0.137000,-0.342000,0.608000,-179.466000,-77.092000,26.496000,31.170000
0.224,-0.113000,-0.347000,0.564000,-175.855000,-69.466000,29.489000,31.210000
0.237,-0.156000,-0.408000,0.526000,-174.947000,-60.542000,29.214000,31.210000
0.248,-0.170000,-0.454000,0.496000,-162.725000,-58.328000,30.466000,31.170000
0.254,-0.194000,-0.439000,0.545000,-151.733000,-53.290000,29.969000,31.170000
0.266,-0.144000,-0.455000,0.531000,-146.519000,-48.527000,30.740000,31.120000
0.278,-0.098000,-0.493000,0.517000,-141.802000,-41.221000,33.000000,31.170000
0.286,-0.070000,-0.475000,0.527000,-139.679000,-28.351000,37.099000,31.260000
0.297,-0.065000,-0.507000,0.485000,-140.985000,-18.618000,40.702000,31.210000
0.304,-0.089000,-0.595000,0.457000,-135.229000,-16.489000,46.122000,31.120000
0.316,-0.135000,-0.556000,0.453000,-131.153000,-7.954000,50.481000,31.350000
0.328,-0.192000,-0.590000,0.422000,-126.687000,-6.183000,53.489000,31.210000
0.335,-0.171000,-0.619000,0.395000,-115.168000,-6.046000,59.282000,31.310000
0.347,-0.208000,-0.627000,0.402000,-104.328000,-7.221000,68.038000,31.170000
0.353,-0.168000,-0.683000,0.323000,-96.969000,-12.878000,81.107000,31.120000
0.366,-0.097000,-0.690000,0.331000,-91.725000,-6.756000,92.076000,31.210000
0.378,-0.136000,-0.681000,0.333000,-92.656000,-0.366000,101.634000,31.170000
0.386,-0.208000,-0.809000,0.302000,-84.061000,-21.679000,122.710000,31.170000
0.397,-0.284000,-0.767000,0.294000,-86.550000,-44.718000,129.565000,31.120000
0.408,-0.375000,-0.666000,0.329000,-81.672000,-57.084000,124.802000,31.260000
0.415,-0.379000,-0.678000,0.392000,-85.008000,-61.168000,108.832000,31.170000
0.428,-0.342000,-0.658000,0.446000,-82.519000,-63.931000,93.824000,31.120000
0.434,-0.292000,-0.663000,0.467000,-76.466000,-64.137000,83.542000,31.120000
0.446,-0.260000,-0.694000,0.456000,-61.824000,-62.260000,82.237000,31.260000
0.458,-0.170000,-0.713000,0.434000,-48.763000,-63.069000,83.351000,31.210000
0.465,-0.157000,-0.728000,0.444000,-40.046000,-41.710000,77.809000,31.210000
0.478,-0.159000,-0.689000,0.434000,-31.878000,-17.565000,67.511000,31.170000
0.485,-0.259000,-0.683000,0.463000,-29.557000,1.214000,58.855000,31.260000
0.496,-0.341000,-0.665000,0.430000,-28.336000,0.832000,53.847000,31.310000
0.508,-0.385000,-0.654000,0.408000,-33.687000,13.824000,49.366000,31.170000
0.515,-0.421000,-0.645000,0.397000,-30.634000,15.412000,45.710000,31.260000
0.528,-0.445000,-0.657000,0.393000,-29.389000,12.405000,41.863000,31.120000
0.535,-0.519000,-0.685000,0.366000,-28.695000,2.672000,37.405000,31.210000
0.547,-0.500000,-0.666000,0.335000,-26.511000,-11.458000,36.702000,31.170000
0.558,-0.438000,-0.621000,0.402000,-30.748000,-8.176000,29.298000,31.210000
0.565,-0.422000,-0.615000,0.423000,-35.420000,-3.313000,22.870000,31.210000
0.577,-0.395000,-0.657000,0.465000,-35.817000,-6.710000,16.756000,31.170000
0.586,-0.328000,-0.738000,0.423000,-33.374000,-5.305000,12.145000,31.210000
0.597,-0.279000,-0.766000,0.436000,-26.206000,6.389000,6.679000,31.210000
0.603,-0.328000,-0.759000,0.410000,-24.977000,14.069000,3.947000,31.170000
0.616,-0.453000,-0.721000,0.344000,-31.603000,8.061000,5.260000,31.260000
0.628,-0.505000,-0.755000,0.286000,-41.366000,-13.588000,8.427000,31.210000
0.636,-0.501000,-0.761000,0.302000,-46.672000,-37.443000,12.443000,31.170000
0.647,-0.458000,-0.795000,0.322000,-41.924000,-62.298000,20.641000,31.170000
0.653,-0.285000,-0.823000,0.375000,-38.580000,-66.321000,16.008000,31.210000
0.666,-0.131000,-0.829000,0.481000,-38.840000,-29.939000,2.626000,31.210000
0.678,-0.195000,-0.859000,0.468000,-35.863000,-16.924000,-0.954000,31.170000
0.686,-0.260000,-0.847000,0.447000,-34.573000,-10.458000,-1.122000,31.120000
0.697,-0.338000,-0.853000,0.405000,-34.427000,-15.137000,-0.412000,31.120000
0.702,-0.377000,-0.814000,0.419000,-34.389000,-18.679000,-2.122000,31.260000
0.715,-0.364000,-0.818000,0.407000,-40.290000,-20.427000,-2.176000,31.210000
0.728,-0.349000,-0.852000,0.390000,-49.046000,-27.412000,-2.481000,31.210000
0.736,-0.346000,-0.890000,0.380000,-49.267000,-29.924000,-4.137000,31.260000
0.747,-0.312000,-0.956000,0.352000,-48.023000,-34.939000,-4.031000,31.170000
0.759,-0.297000,-0.971000,0.333000,-44.412000,-34.519000,-5.176000,31.120000
0.765,-0.292000,-0.996000,0.294000,-37.679000,-34.847000,-8.641000,31.070000
0.778,-0.241000,-1.025000,0.291000,-29.084000,-31.733000,-11.595000,31.170000
0.785,-0.235000,-0.984000,0.302000,-20.344000,-24.092000,-14.802000,31.210000
0.796,-0.289000,-0.956000,0.288000,-18.168000,-24.954000,-14.008000,31.170000
0.808,-0.399000,-0.928000,0.228000,-23.763000,-40.786000,-6.595000,31.170000
0.815,-0.462000,-0.928000,0.189000,-28.809000,-60.794000,0.679000,31.120000
0.828,-0.450000,-0.945000,0.216000,-28.450000,-70.962000,1.588000,31.210000
0.836,-0.346000,-0.934000,0.280000,-25.382000,-63.275000,-1.878000,31.260000
0.846,-0.279000,-0.989000,0.312000,-18.817000,-63.908000,-7.290000,31.210000
0.858,-0.252000,-0.983000,0.339000,-10.084000,-59.679000,-12.458000,31.210000
0.864,-0.257000,-0.942000,0.380000,-0.840000,-51.634000,-16.718000,31.260000
0.878,-0.222000,-0.920000,0.410000,1.664000,-44.321000,-22.290000,31.170000
0.885,-0.199000,-0.902000,0.471000,4.626000,-30.183000,-28.664000,31.120000
0.896,-0.203000,-0.861000,0.513000,1.847000,-21.962000,-31.092000,31.170000
0.908,-0.306000,-0.844000,0.506000,-7.687000,-26.481000,-25.053000,31.260000
0.915,-0.317000,-0.806000,0.468000,-21.733000,-40.275000,-17.008000,31.120000
0.927,-0.259000,-0.825000,0.490000,-33.489000,-47.672000,-10.313000,31.170000
0.939,-0.180000,-0.839000,0.482000,-42.366000,-47.450000,-8.076000,31.170000
0.946,-0.137000,-0.906000,0.449000,-46.618000,-45.695000,-5.832000,31.120000
0.957,-0.110000,-0.956000,0.421000,-45.183000,-42.519000,-4.359000,31.120000
0.964,-0.102000,-0.995000,0.400000,-44.427000,-39.656000,-3.214000,31.170000
0.977,-0.057000,-1.010000,0.385000,-49.252000,-30.626000,-3.756000,31.210000
0.989,-0.068000,-1.032000,0.347000,-48.748000,-30.885000,-0.244000,31.120000
0.995,-0.069000,-1.006000,0.314000,-54.031000,-32.527000,4.931000,31.170000
1.007,-0.071000,-1.022000,0.264000,-61.740000,-37.053000,12.229000,31.170000
1.014,-0.102000,-1.042000,0.187000,-68.405000,-46.870000,22.687000,31.210000
1.026,-0.117000,-1.041000,0.138000,-68.855000,-56.550000,33.015000,31.170000
1.039,-0.089000,-0.983000,0.162000,-60.076000,-55.389000,37.458000,31.170000
1.045,-0.119000,-0.892000,0.225000,-47.099000,-45.237000,31.305000,31.210000
1.057,-0.135000,-0.835000,0.290000,-38.221000,-33.099000,20.916000,31.120000
1.064,-0.143000,-0.832000,0.351000,-28.427000,-29.626000,13.702000,31.070000
1.076,-0.110000,-0.820000,0.387000,-20.595000,-27.893000,9.321000,31.210000
1.088,-0.104000,-0.805000,0.402000,-17.954000,-17.985000,4.550000,31.210000
1.095,-0.133000,-0.825000,0.376000,-18.351000,-13.557000,3.824000,31.310000
1.107,-0.166000,-0.881000,0.324000,-22.855000,-16.992000,7.206000,31.170000
1.114,-0.179000,-0.930000,0.269000,-27.626000,-26.756000,13.527000,31.120000
1.126,-0.169000,-0.945000,0.257000,-27.504000,-30.069000,18.206000,31.170000
1.138,-0.177000,-0.959000,0.250000,-27.977000,-27.542000,20.282000,31.170000
1.145,-0.243000,-0.936000,0.255000,-23.489000,-23.817000,18.748000,31.210000
1.157,-0.281000,-0.944000,0.263000,-19.305000,-23.870000,15.542000,31.210000
1.163,-0.305000,-0.954000,0.282000,-16.275000,-23.542000,11.252000,31.260000
1.177,-0.294000,-0.952000,0.321000,-14.366000,-22.298000,6.397000,31.210000
1.188,-0.281000,-0.949000,0.328000,-13.855000,-16.450000,0.115000,31.120000
1.195,-0.274000,-0.967000,0.313000,-13.298000,-13.382000,-4.779000,31.260000
1.207,-0.262000,-0.993000,0.293000,-11.366000,-11.183000,-8.382000,31.310000
1.213,-0.224000,-1.022000,0.305000,-6.779000,-6.267000,-11.634000,31.210000
1.227,-0.204000,-1.034000,0.323000,-1.786000,3.687000,-16.595000,31.310000
1.238,-0.200000,-1.042000,0.322000,2.267000,14.405000,-23.458000,31.170000
1.246,-0.222000,-1.039000,0.306000,5.748000,24.053000,-31.366000,31.210000
1.257,-0.236000,-1.036000,0.296000,8.786000,27.679000,-38.473000,31.170000
1.264,-0.233000,-1.029000,0.272000,9.427000,26.664000,-43.092000,31.260000
1.278,-0.226000,-1.062000,0.266000,10.252000,12.145000,-37.267000,31.210000
1.289,-0.200000,-1.035000,0.256000,6.870000,-1.031000,-31.702000,31.210000
1.296,-0.155000,-1.016000,0.273000,2.832000,-4.206000,-27.649000,31.170000
1.308,-0.134000,-1.015000,0.301000,-0.672000,-6.870000,-21.962000,31.210000
1.314,-0.117000,-1.004000,0.311000,-6.908000,-6.237000,-17.786000,31.210000
1.327,-0.137000,-0.998000,0.296000,-13.298000,-7.122000,-12.664000,31.260000
1.338,-0.135000,-0.999000,0.258000,-19.771000,-14.382000,-7.282000,31.260000
1.345,-0.132000,-1.016000,0.259000,-22.794000,-16.687000,-4.221000,31.210000
1.358,-0.121000,-1.029000,0.224000,-24.901000,-17.863000,-1.695000,31.210000
1.364,-0.127000,-1.030000,0.197000,-26.053000,-21.855000,0.145000,31.260000
1.377,-0.104000,-1.035000,0.180000,-25.313000,-23.641000,1.489000,31.120000
1.388,-0.081000,-1.029000,0.180000,-24.992000,-23.321000,3.206000,31.210000
1.396,-0.045000,-1.024000,0.205000,-22.137000,-20.603000,3.733000,31.260000
1.408,-0.042000,-0.998000,0.203000,-19.641000,-20.725000,6.023000,31.210000
1.414,-0.045000,-0.964000,0.213000,-19.435000,-20.069000,8.130000,31.310000
1.427,-0.053000,-0.941000,0.228000,-18.756000,-16.420000,9.412000,31.260000
1.433,-0.060000,-0.929000,0.206000,-18.481000,-14.779000,10.756000,31.170000
1.446,-0.079000,-0.921000,0.179000,-17.824000,-12.885000,11.710000,31.210000
1.458,-0.069000,-0.947000,0.170000,-15.107000,-16.092000,13.496000,31.260000
1.464,-0.111000,-0.923000,0.210000,-14.313000,-22.618000,15.847000,31.170000
1.478,-0.066000,-0.929000,0.204000,-14.504000,-28.321000,17.321000,31.210000
1.489,-0.029000,-0.920000,0.213000,-17.023000,-30.992000,19.252000,31.210000
1.496,-0.028000,-0.899000,0.232000,-21.565000,-31.710000,23.397000,31.260000
1.507,-0.070000,-0.889000,0.240000,-27.687000,-40.550000,27.198000,31.310000
1.514,-0.062000,-0.896000,0.236000,-29.344000,-41.527000,30.305000,31.210000
1.527,-0.104000,-0.881000,0.226000,-31.718000,-41.008000,30.832000,31.170000
1.538,-0.117000,-0.892000,0.205000,-30.595000,-37.908000,29.618000,31.210000
1.546,-0.133000,-0.899000,0.198000,-28.924000,-38.450000,28.977000,31.210000
1.557,-0.179000,-0.905000,0.173000,-27.733000,-39.565000,27.153000,31.260000
1.564,-0.188000,-0.914000,0.154000,-25.443000,-39.466000,23.809000,31.170000
1.577,-0.169000,-0.920000,0.154000,-21.122000,-38.931000,20.855000,31.210000
1.588,-0.147000,-0.929000,0.153000,-18.244000,-36.641000,17.053000,31.170000
1.595,-0.146000,-0.935000,0.169000,-14.947000,-33.962000,14.893000,31.260000
1.607,-0.141000,-0.942000,0.194000,-12.382000,-30.008000,13.038000,31.210000
1.613,-0.147000,-0.949000,0.179000,-9.954000,-28.969000,12.756000,31.120000
1.626,-0.156000,-0.930000,0.204000,-8.191000,-25.176000,11.473000,31.260000
1.638,-0.184000,-0.924000,0.177000,-8.702000,-21.527000,9.527000,31.260000
1.645,-0.183000,-0.928000,0.166000,-8.145000,-19.351000,8.206000,31.210000
1.657,-0.182000,-0.941000,0.172000,-6.832000,-19.763000,8.206000,31.170000
1.664,-0.182000,-0.947000,0.162000,-6.008000,-21.168000,8.870000,31.260000
1.677,-0.168000,-0.960000,0.161000,-4.916000,-20.985000,9.191000,31.120000
1.689,-0.162000,-0.988000,0.151000,-3.176000,-21.641000,9.481000,31.210000
1.697,-0.158000,-0.987000,0.166000,-1.260000,-19.069000,8.802000,31.170000
1.708,-0.155000,-0.977000,0.183000,-0.061000,-14.779000,7.893000,31.210000
1.715,-0.154000,-0.963000,0.177000,0.198000,-10.695000,7.046000,31.210000
1.728,-0.167000,-0.978000,0.172000,1.519000,-11.374000,8.481000,31.170000
1.735,-0.173000,-0.965000,0.172000,2.573000,-11.008000,9.229000,31.260000
1.747,-0.178000,-0.967000,0.186000,4.282000,-10.771000,9.679000,31.210000
1.753,-0.214000,-0.969000,0.168000,4.603000,-11.275000,9.130000,31.210000
1.766,-0.204000,-0.963000,0.167000,5.916000,-11.099000,7.366000,31.260000
1.778,-0.181000,-0.953000,0.169000,6.466000,-11.557000,6.099000,31.120000
1.786,-0.169000,-0.948000,0.172000,8.069000,-9.969000,4.794000,31.260000
1.798,-0.159000,-0.926000,0.192000,9.015000,-8.084000,3.725000,31.170000
1.805,-0.164000,-0.919000,0.190000,9.046000,-6.954000,2.924000,31.210000
1.817,-0.164000,-0.910000,0.216000,8.679000,-5.336000,2.626000,31.310000
1.826,-0.184000,-0.934000,0.211000,6.504000,-6.443000,4.198000,31.170000
1.837,-0.173000,-0.921000,0.198000,5.588000,-8.145000,5.687000,31.210000
1.844,-0.177000,-0.937000,0.185000,3.809000,-9.252000,5.863000,31.310000
1.856,-0.174000,-0.938000,0.166000,3.779000,-11.008000,5.382000,31.170000
1.868,-0.177000,-0.936000,0.156000,4.443000,-14.672000,5.099000,31.170000
1.877,-0.170000,-0.934000,0.172000,4.809000,-16.229000,4.557000,31.210000
1.888,-0.154000,-0.954000,0.185000,7.321000,-17.061000,4.855000,31.120000
1.896,-0.125000,-0.951000,0.208000,9.840000,-18.389000,6.496000,31.170000
1.907,-0.124000,-0.953000,0.226000,11.206000,-20.237000,8.427000,31.210000
1.914,-0.118000,-0.933000,0.249000,10.321000,-17.198000,8.748000,31.310000
1.927,-0.125000,-0.915000,0.254000,7.916000,-15.756000,9.191000,31.260000
1.939,-0.146000,-0.888000,0.263000,3.969000,-13.176000,8.626000,31.210000
1.946,-0.156000,-0.880000,0.250000,1.160000,-11.580000,7.817000,31.210000
1.958,-0.173000,-0.896000,0.257000,-0.771000,-11.511000,7.389000,31.260000
1.965,-0.175000,-0.924000,0.241000,-1.244000,-13.733000,7.374000,31.170000
1.978,-0.181000,-0.945000,0.224000,-1.756000,-15.427000,6.954000,31.310000
1.984,-0.186000,-0.969000,0.202000,-1.244000,-17.359000,6.252000,31.170000
1.997,-0.181000,-0.971000,0.209000,-0.550000,-18.550000,4.435000,31.260000
2.009,-0.148000,-0.977000,0.220000,0.122000,-15.038000,1.893000,31.210000
2.015,-0.106000,-0.979000,0.243000,0.908000,-10.015000,0.099000,31.210000
2.028,-0.115000,-0.971000,0.255000,2.595000,-12.534000,4.725000,31.260000
2.035,-0.145000,-0.950000,0.252000,1.489000,-14.672000,7.580000,31.120000
2.047,-0.185000,-0.954000,0.236000,0.702000,-17.290000,10.183000,31.210000
2.054,-0.211000,-0.944000,0.212000,-0.817000,-20.924000,10.084000,31.260000
2.066,-0.201000,-0.932000,0.230000,-0.336000,-23.351000,8.366000,31.210000
2.079,-0.184000,-0.919000,0.225000,0.046000,-25.107000,6.023000,31.210000
2.087,-0.178000,-0.917000,0.253000,0.733000,-27.519000,4.214000,31.170000
2.098,-0.143000,-0.928000,0.260000,4.130000,-25.565000,4.359000,31.170000
2.105,-0.136000,-0.937000,0.290000,5.427000,-20.046000,3.550000,31.120000
2.117,-0.160000,-0.951000,0.261000,4.160000,-19.084000,3.084000,31.260000
2.124,-0.188000,-0.957000,0.264000,2.481000,-18.756000,2.000000,31.260000
2.136,-0.192000,-0.954000,0.256000,1.550000,-20.885000,0.634000,31.210000
2.143,-0.156000,-0.957000,0.236000,1.870000,-16.702000,-3.542000,31.310000
2.155,-0.132000,-0.964000,0.211000,4.092000,-13.511000,-4.664000,31.260000
2.168,-0.112000,-0.935000,0.214000,6.954000,-8.939000,-3.351000,31.210000
2.176,-0.163000,-0.959000,0.191000,6.328000,-9.611000,-1.885000,31.210000
2.188,-0.188000,-0.959000,0.188000,6.015000,-20.290000,2.374000,31.170000
2.195,-0.176000,-0.945000,0.198000,4.321000,-26.206000,4.427000,31.120000
2.207,-0.139000,-0.934000,0.192000,2.290000,-27.198000,4.443000,31.210000
2.213,-0.125000,-0.924000,0.208000,0.519000,-26.542000,4.145000,31.260000
2.227,-0.113000,-0.915000,0.204000,-1.084000,-25.550000,4.863000,31.260000
2.238,-0.142000,-0.921000,0.205000,-0.931000,-23.534000,5.962000,31.210000
2.245,-0.134000,-0.918000,0.215000,-0.298000,-18.969000,4.786000,31.260000
2.257,-0.129000,-0.946000,0.200000,1.740000,-16.458000,4.809000,31.260000
2.264,-0.115000,-0.982000,0.189000,5.863000,-14.282000,5.260000,31.210000
2.277,-0.093000,-0.991000,0.190000,10.122000,-12.733000,5.466000,31.310000
2.286,-0.076000,-0.997000,0.185000,13.107000,-10.046000,6.794000,31.170000
2.296,-0.073000,-1.003000,0.198000,15.679000,-6.924000,8.802000,31.210000
2.308,-0.114000,-0.974000,0.199000,16.924000,-5.817000,11.870000,31.310000
2.315,-0.170000,-0.965000,0.185000,14.794000,-8.611000,14.046000,31.170000
2.328,-0.181000,-0.913000,0.188000,13.397000,-8.069000,13.313000,31.120000
2.337,-0.167000,-0.905000,0.183000,12.954000,-13.107000,12.214000,31.120000
2.346,-0.133000,-0.922000,0.207000,14.603000,-13.962000,10.817000,31.260000
2.359,-0.104000,-0.945000,0.223000,16.702000,-12.733000,11.786000,31.170000
2.365,-0.115000,-0.961000,0.224000,17.275000,-12.260000,14.191000,31.120000
2.378,-0.138000,-0.959000,0.217000,16.107000,-13.687000,17.557000,31.170000
2.385,-0.168000,-0.932000,0.209000,15.359000,-16.412000,20.275000,31.260000
2.397,-0.191000,-0.923000,0.197000,14.252000,-20.015000,18.992000,31.210000
2.409,-0.178000,-0.876000,0.224000,14.183000,-21.695000,15.351000,31.210000
2.416,-0.111000,-0.911000,0.251000,16.015000,-18.557000,12.626000,31.170000
2.428,-0.090000,-0.940000,0.271000,17.489000,-13.962000,11.809000,31.210000
2.435,-0.119000,-0.963000,0.270000,18.160000,-13.107000,15.954000,31.210000
2.447,-0.158000,-0.928000,0.255000,17.115000,-18.687000,21.977000,31.260000
2.453,-0.212000,-0.900000,0.234000,14.954000,-25.244000,24.359000,31.310000
2.466,-0.236000,-0.863000,0.228000,12.405000,-32.260000,24.145000,31.210000
2.478,-0.214000,-0.866000,0.244000,11.527000,-38.260000,21.603000,31.170000
2.486,-0.156000,-0.912000,0.277000,11.878000,-41.298000,19.336000,31.210000
2.497,-0.103000,-0.902000,0.324000,12.275000,-35.443000,16.489000,31.210000
2.504,-0.092000,-0.927000,0.312000,12.626000,-29.450000,14.397000,31.170000
2.516,-0.088000,-0.918000,0.316000,13.221000,-25.435000,14.618000,31.260000
2.528,-0.148000,-0.946000,0.309000,15.733000,-24.710000,17.641000,31.210000
2.537,-0.156000,-0.892000,0.302000,15.489000,-22.802000,18.237000,31.210000
2.548,-0.170000,-0.902000,0.303000,15.290000,-24.427000,19.298000,31.260000
2.554,-0.175000,-0.887000,0.280000,15.809000,-25.389000,17.145000,31.120000
2.566,-0.185000,-0.885000,0.303000,16.794000,-26.130000,15.740000,31.170000
2.578,-0.165000,-0.898000,0.302000,18.069000,-29.435000,15.092000,31.170000
2.586,-0.152000,-0.922000,0.288000,18.534000,-29.206000,13.718000,31.310000
2.598,-0.136000,-0.886000,0.316000,20.191000,-22.397000,12.756000,31.260000
2.604,-0.155000,-0.894000,0.321000,20.237000,-19.183000,13.359000,31.170000
2.616,-0.173000,-0.875000,0.306000,18.817000,-18.260000,12.824000,31.210000
2.628,-0.188000,-0.857000,0.305000,19.298000,-19.069000,12.466000,31.210000
2.635,-0.175000,-0.822000,0.322000,21.336000,-18.191000,11.214000,31.170000
2.647,-0.157000,-0.829000,0.343000,23.847000,-14.679000,8.779000,31.210000
2.654,-0.138000,-0.827000,0.376000,25.504000,-10.473000,7.870000,31.210000
2.666,-0.141000,-0.844000,0.389000,25.359000,-8.267000,6.603000,31.170000
2.678,-0.158000,-0.858000,0.390000,26.046000,-3.519000,5.840000,31.210000
2.687,-0.187000,-0.861000,0.380000,25.855000,2.221000,3.779000,31.210000
2.699,-0.186000,-0.858000,0.393000,25.290000,4.901000,2.191000,31.260000
2.706,-0.200000,-0.830000,0.382000,23.305000,5.130000,-0.855000,31.170000
2.718,-0.209000,-0.826000,0.392000,23.046000,1.710000,-1.832000,31.210000
2.728,-0.189000,-0.828000,0.404000,23.649000,-3.107000,-1.954000,31.260000
2.738,-0.199000,-0.823000,0.423000,21.275000,-5.328000,-1.221000,31.170000
2.745,-0.197000,-0.831000,0.434000,18.847000,-8.977000,0.672000,31.210000
2.756,-0.211000,-0.845000,0.434000,14.969000,-10.046000,2.595000,31.170000
2.769,-0.219000,-0.823000,0.417000,8.344000,-9.420000,4.374000,31.170000
2.776,-0.245000,-0.823000,0.380000,2.359000,-13.374000,6.183000,31.310000
2.788,-0.281000,-0.795000,0.376000,-2.275000,-16.954000,6.359000,31.120000
2.795,-0.286000,-0.787000,0.370000,-5.298000,-24.282000,4.878000,31.260000
2.807,-0.263000,-0.781000,0.394000,-8.618000,-27.641000,-0.328000,31.120000
2.814,-0.235000,-0.800000,0.404000,-8.130000,-35.992000,-3.679000,31.210000
2.827,-0.209000,-0.808000,0.411000,-7.237000,-42.511000,-6.977000,31.170000
2.838,-0.197000,-0.795000,0.426000,-8.298000,-38.786000,-12.359000,31.210000
2.845,-0.138000,-0.848000,0.434000,-5.618000,-39.595000,-10.740000,31.210000
2.857,-0.074000,-0.827000,0.453000,-5.443000,-30.366000,-15.160000,31.170000
2.863,-0.063000,-0.867000,0.502000,-4.504000,-21.382000,-16.809000,31.170000
2.877,-0.027000,-0.905000,0.496000,-4.160000,-17.397000,-14.206000,31.210000
2.888,-0.046000,-0.919000,0.509000,-4.496000,-8.076000,-11.695000,31.260000
2.896,-0.027000,-0.936000,0.484000,-6.641000,0.985000,-8.718000,31.260000
2.907,-0.020000,-0.917000,0.448000,-8.534000,9.519000,-5.160000,31.120000
2.914,-0.033000,-0.919000,0.415000,-8.023000,16.183000,0.382000,31.210000
2.927,-0.065000,-0.940000,0.387000,-6.840000,23.053000,7.069000,31.260000
2.934,-0.133000,-0.906000,0.355000,-6.275000,23.832000,13.534000,31.210000
2.946,-0.220000,-0.911000,0.321000,-7.710000,17.870000,17.771000,31.210000
2.958,-0.219000,-0.939000,0.303000,-4.733000,7.115000,18.466000,31.170000
2.965,-0.133000,-0.983000,0.307000,-0.794000,-3.031000,18.374000,31.210000
2.978,-0.087000,-0.960000,0.318000,2.168000,-6.061000,14.664000,31.310000
2.985,-0.117000,-0.953000,0.318000,4.313000,-6.550000,15.664000,31.170000
2.998,-0.137000,-0.943000,0.320000,7.252000,-12.107000,21.038000,31.170000
3.003,-0.164000,-0.913000,0.337000,7.588000,-19.603000,26.076000,31.210000
3.016,-0.179000,-0.870000,0.351000,7.031000,-27.122000,29.977000,31.350000
3.028,-0.181000,-0.854000,0.376000,5.992000,-32.229000,29.916000,31.170000
3.037,-0.140000,-0.836000,0.438000,7.244000,-34.427000,27.565000,31.310000
3.047,-0.137000,-0.806000,0.466000,5.832000,-35.687000,28.084000,31.210000
3.054,-0.150000,-0.813000,0.493000,5.069000,-39.511000,31.382000,31.260000
3.066,-0.157000,-0.791000,0.464000,1.374000,-45.809000,34.427000,31.210000
3.079,-0.214000,-0.771000,0.448000,-2.046000,-52.023000,37.794000,31.120000
3.086,-0.257000,-0.750000,0.441000,-6.496000,-66.542000,38.641000,31.170000
3.098,-0.191000,-0.739000,0.464000,-7.420000,-81.481000,38.695000,31.170000
3.104,-0.142000,-0.774000,0.478000,-10.458000,-86.038000,36.504000,31.210000
3.116,-0.055000,-0.804000,0.491000,-15.397000,-88.435000,30.313000,31.210000
3.128,-0.022000,-0.836000,0.509000,-18.130000,-78.611000,25.679000,31.170000
3.137,-0.001000,-0.876000,0.473000,-18.443000,-69.313000,25.351000,31.210000
3.148,0.024000,-0.873000,0.479000,-18.481000,-51.763000,25.618000,31.210000
3.154,-0.033000,-0.868000,0.439000,-17.061000,-40.130000,29.763000,31.070000
3.166,-0.070000,-0.865000,0.409000,-16.298000,-36.275000,32.954000,31.310000
3.178,-0.090000,-0.895000,0.335000,-15.084000,-32.031000,33.595000,31.120000
3.186,-0.109000,-0.914000,0.310000,-11.649000,-31.786000,32.229000,31.210000
3.198,-0.101000,-0.920000,0.342000,-9.924000,-29.992000,30.122000,31.260000
3.204,-0.072000,-0.905000,0.356000,-5.023000,-25.947000,30.076000,31.210000
3.216,-0.056000,-0.876000,0.403000,3.053000,-17.206000,29.511000,31.070000
3.229,-0.092000,-0.865000,0.425000,8.290000,-7.847000,27.656000,31.260000
3.236,-0.107000,-0.854000,0.410000,14.107000,-0.336000,26.359000,31.120000
3.248,-0.127000,-0.843000,0.419000,19.084000,5.656000,24.962000,31.210000
3.255,-0.176000,-0.848000,0.396000,22.282000,-0.168000,25.351000,31.170000
3.267,-0.215000,-0.797000,0.380000,21.038000,1.733000,22.489000,31.210000
3.278,-0.236000,-0.793000,0.368000,19.992000,4.290000,17.695000,31.210000
3.286,-0.234000,-0.790000,0.359000,17.542000,7.153000,13.206000,31.170000
3.294,-0.208000,-0.826000,0.355000,18.450000,7.756000,11.718000,31.120000
3.306,-0.195000,-0.844000,0.369000,18.450000,6.489000,12.962000,31.210000
3.318,-0.219000,-0.857000,0.359000,17.366000,-2.046000,17.985000,31.210000
3.329,-0.219000,-0.789000,0.371000,15.008000,-0.168000,22.313000,31.170000
3.337,-0.271000,-0.746000,0.394000,13.855000,1.427000,26.344000,31.120000
3.344,-0.323000,-0.739000,0.396000,9.947000,1.634000,27.779000,31.260000
3.357,-0.346000,-0.699000,0.392000,5.473000,-0.542000,24.458000,31.170000
3.364,-0.338000,-0.733000,0.389000,2.573000,0.740000,16.817000,31.310000
3.377,-0.337000,-0.762000,0.395000,2.344000,5.275000,8.893000,31.310000
3.382,-0.365000,-0.801000,0.381000,4.313000,5.786000,1.519000,31.260000
3.397,-0.332000,-0.858000,0.384000,8.969000,-0.015000,-3.145000,31.120000
3.408,-0.318000,-0.862000,0.384000,13.099000,-3.252000,-7.687000,31.120000
3.415,-0.285000,-0.860000,0.401000,15.183000,-3.176000,-10.763000,31.260000
3.428,-0.254000,-0.848000,0.426000,17.000000,-0.649000,-14.405000,31.210000
3.434,-0.214000,-0.808000,0.450000,15.817000,6.504000,-17.939000,31.210000
3.446,-0.176000,-0.808000,0.440000,14.191000,7.710000,-16.649000,31.210000
3.458,-0.153000,-0.830000,0.439000,12.214000,4.550000,-12.916000,31.170000
3.465,-0.168000,-0.855000,0.456000,10.893000,-1.252000,-8.107000,31.210000
3.478,-0.156000,-0.865000,0.447000,10.450000,-9.916000,-2.519000,31.170000
3.486,-0.186000,-0.835000,0.469000,6.725000,-13.893000,0.038000,31.070000
3.498,-0.208000,-0.822000,0.466000,3.885000,-16.420000,-0.336000,31.210000
3.504,-0.176000,-0.813000,0.520000,1.267000,-12.053000,-4.115000,31.260000
3.516,-0.164000,-0.817000,0.546000,1.779000,-6.038000,-5.824000,31.170000
3.529,-0.129000,-0.822000,0.561000,3.710000,2.115000,-5.947000,31.210000
3.536,-0.096000,-0.805000,0.533000,3.122000,13.427000,-6.908000,31.120000
3.548,-0.136000,-0.813000,0.527000,3.389000,19.076000,-5.985000,31.170000
3.555,-0.211000,-0.839000,0.475000,4.336000,11.985000,-2.534000,31.210000
3.567,-0.241000,-0.839000,0.453000,4.267000,5.359000,-4.069000,31.120000
3.577,-0.213000,-0.842000,0.456000,4.191000,2.618000,-6.405000,31.210000
3.587,-0.162000,-0.829000,0.471000,5.252000,3.649000,-8.534000,31.260000
3.594,-0.137000,-0.807000,0.473000,6.000000,4.282000,-7.740000,31.210000
3.606,-0.121000,-0.811000,0.467000,3.939000,7.443000,-5.481000,31.170000
3.619,-0.124000,-0.821000,0.458000,-0.435000,12.679000,-4.733000,31.260000
3.627,-0.177000,-0.830000,0.438000,-3.939000,15.710000,-3.397000,31.210000
3.638,-0.214000,-0.850000,0.431000,-5.115000,12.809000,-3.710000,31.210000
3.645,-0.211000,-0.854000,0.429000,-5.275000,11.672000,-5.595000,31.170000
3.657,-0.217000,-0.838000,0.429000,-4.565000,10.885000,-6.969000,31.310000
3.664,-0.176000,-0.831000,0.445000,-2.786000,10.847000,-6.557000,31.210000
3.678,-0.140000,-0.823000,0.431000,-2.863000,11.183000,-5.832000,31.260000
3.689,-0.124000,-0.831000,0.426000,-1.954000,15.786000,-5.855000,31.170000
3.695,-0.121000,-0.832000,0.410000,-0.313000,23.137000,-7.870000,31.310000
3.707,-0.132000,-0.844000,0.412000,1.023000,34.214000,-12.817000,31.210000
3.714,-0.169000,-0.842000,0.352000,1.733000,37.351000,-15.573000,31.070000
3.727,-0.183000,-0.871000,0.341000,4.229000,36.985000,-15.504000,31.210000
3.734,-0.199000,-0.861000,0.338000,6.145000,38.008000,-13.771000,31.170000
3.746,-0.233000,-0.838000,0.359000,6.588000,37.954000,-9.191000,31.170000
3.758,-0.199000,-0.808000,0.406000,1.786000,40.824000,-7.832000,31.210000
3.765,-0.238000,-0.771000,0.474000,-4.229000,46.244000,-7.885000,31.210000
3.778,-0.279000,-0.768000,0.515000,-10.595000,43.786000,-7.137000,31.170000
3.785,-0.260000,-0.760000,0.539000,-18.641000,44.603000,-9.557000,31.120000
3.798,-0.252000,-0.763000,0.543000,-24.221000,40.420000,-9.756000,31.210000
3.808,-0.199000,-0.724000,0.547000,-29.275000,40.282000,-10.855000,31.170000
3.815,-0.174000,-0.731000,0.535000,-32.481000,38.779000,-10.092000,31.170000
3.827,-0.165000,-0.761000,0.520000,-35.221000,38.511000,-9.344000,31.120000
3.836,-0.184000,-0.763000,0.500000,-31.977000,36.260000,-10.588000,31.120000
3.846,-0.214000,-0.803000,0.448000,-41.176000,40.733000,-13.885000,31.170000
3.858,-0.308000,-0.833000,0.385000,-40.107000,33.191000,-17.160000,31.210000
3.865,-0.301000,-0.829000,0.361000,-32.183000,25.435000,-22.427000,31.120000
3.877,-0.249000,-0.844000,0.362000,-25.702000,20.084000,-27.282000,31.170000
3.885,-0.182000,-0.873000,0.398000,-16.817000,19.458000,-28.550000,31.210000
3.896,-0.125000,-0.903000,0.394000,-8.015000,21.977000,-26.221000,31.120000
3.908,-0.111000,-0.912000,0.382000,0.702000,23.382000,-20.420000,31.260000
3.915,-0.061000,-0.914000,0.387000,7.427000,30.046000,-22.053000,31.170000
3.928,-0.057000,-0.927000,0.391000,10.023000,37.977000,-23.763000,31.210000
3.934,-0.015000,-0.870000,0.420000,9.779000,52.183000,-37.427000,31.120000
3.947,-0.054000,-0.877000,0.417000,7.076000,61.588000,-39.473000,31.170000
3.959,-0.060000,-0.890000,0.431000,9.939000,64.435000,-34.565000,31.120000
3.965,-0.056000,-0.896000,0.436000,11.588000,72.046000,-31.145000,31.210000
3.977,-0.060000,-0.892000,0.424000,14.832000,75.542000,-27.122000,31.210000
3.986,-0.049000,-0.908000,0.461000,21.504000,76.260000,-22.115000,31.260000
3.997,-0.020000,-0.936000,0.470000,26.466000,68.985000,-14.771000,31.210000
4.004,-0.027000,-0.850000,0.461000,22.473000,70.580000,-15.122000,31.170000
4.016,-0.153000,-0.819000,0.437000,19.191000,69.015000,-11.137000,31.170000
4.028,-0.246000,-0.827000,0.391000,10.725000,62.931000,-7.496000,31.210000
4.036,-0.265000,-0.823000,0.386000,3.901000,60.511000,-10.260000,31.120000
4.048,-0.275000,-0.844000,0.381000,-0.214000,58.115000,-12.145000,31.260000
4.054,-0.252000,-0.860000,0.382000,-0.344000,53.679000,-15.435000,31.120000
4.066,-0.212000,-0.870000,0.399000,1.168000,54.267000,-17.802000,31.210000
4.078,-0.159000,-0.866000,0.424000,4.076000,57.969000,-20.542000,31.170000
4.087,-0.143000,-0.851000,0.439000,8.351000,57.031000,-20.916000,31.260000
4.098,-0.112000,-0.804000,0.439000,7.954000,59.702000,-20.145000,31.210000
4.106,-0.174000,-0.834000,0.477000,5.427000,66.359000,-17.565000,31.210000
4.117,-0.210000,-0.815000,0.436000,0.382000,72.122000,-19.084000,31.170000
4.124,-0.267000,-0.799000,0.409000,-6.260000,75.214000,-20.794000,31.120000
4.137,-0.289000,-0.822000,0.374000,-8.893000,67.405000,-20.519000,31.210000
4.148,-0.256000,-0.831000,0.354000,-10.466000,61.924000,-19.092000,31.170000
4.154,-0.246000,-0.815000,0.325000,-12.588000,55.496000,-18.687000,31.210000
4.167,-0.254000,-0.774000,0.306000,-14.771000,52.252000,-18.298000,31.210000
4.179,-0.245000,-0.716000,0.301000,-16.756000,45.954000,-17.321000,31.170000
4.186,-0.228000,-0.745000,0.321000,-17.603000,45.351000,-18.427000,31.170000
4.198,-0.195000,-0.762000,0.324000,-18.473000,52.656000,-20.779000,31.210000
4.204,-0.176000,-0.750000,0.296000,-17.481000,63.573000,-23.397000,31.170000
4.216,-0.143000,-0.758000,0.276000,-15.282000,77.000000,-25.511000,31.070000
4.228,-0.155000,-0.763000,0.243000,-13.588000,91.771000,-25.954000,31.210000
4.235,-0.189000,-0.740000,0.165000,-15.359000,101.557000,-26.176000,31.210000
4.248,-0.309000,-0.782000,0.099000,-15.321000,90.802000,-23.137000,31.170000
4.254,-0.388000,-0.807000,0.083000,-13.244000,79.389000,-22.221000,31.210000
4.266,-0.395000,-0.867000,0.071000,-11.473000,65.267000,-22.504000,31.210000
4.278,-0.347000,-0.854000,0.089000,-6.290000,58.267000,-27.237000,31.170000
4.286,-0.323000,-0.863000,0.149000,1.870000,52.939000,-28.450000,31.210000
4.298,-0.315000,-0.912000,0.147000,4.107000,49.466000,-27.023000,31.210000
4.305,-0.257000,-0.923000,0.167000,1.496000,53.687000,-33.290000,31.170000
4.316,-0.277000,-0.895000,0.151000,-3.351000,56.321000,-35.252000,31.070000
4.329,-0.358000,-0.912000,0.154000,-6.710000,48.481000,-30.198000,31.210000
4.336,-0.364000,-0.935000,0.142000,-11.710000,43.076000,-32.015000,31.210000
4.348,-0.370000,-0.923000,0.120000,-13.542000,37.542000,-34.336000,31.170000
4.354,-0.332000,-0.884000,0.160000,-11.939000,38.267000,-40.176000,31.120000
4.368,-0.228000,-0.991000,0.189000,-0.603000,29.450000,-37.046000,31.210000
4.379,-0.158000,-1.005000,0.221000,6.527000,30.130000,-32.740000,31.260000
4.387,-0.138000,-1.014000,0.209000,8.557000,35.802000,-28.389000,31.020000
4.398,-0.215000,-0.956000,0.196000,9.916000,41.328000,-27.023000,31.210000
4.404,-0.294000,-0.935000,0.191000,7.924000,39.237000,-25.397000,31.170000
4.417,-0.310000,-0.976000,0.180000,6.748000,30.053000,-26.817000,31.260000
4.428,-0.236000,-0.958000,0.194000,7.252000,27.221000,-31.466000,31.210000
4.436,-0.180000,-0.993000,0.237000,12.000000,23.382000,-32.824000,31.210000
4.448,-0.170000,-0.974000,0.268000,18.687000,17.496000,-30.183000,31.260000
4.455,-0.139000,-0.959000,0.276000,14.595000,29.809000,-28.511000,31.120000
4.467,-0.203000,-0.930000,0.261000,12.183000,34.084000,-27.504000,31.210000
4.476,-0.240000,-0.917000,0.271000,11.595000,30.763000,-26.802000,31.170000
4.487,-0.233000,-0.937000,0.293000,12.038000,27.107000,-29.008000,31.210000
4.498,-0.217000,-0.915000,0.314000,14.191000,16.237000,-28.122000,31.210000
4.507,-0.162000,-0.936000,0.386000,15.794000,15.733000,-29.977000,31.120000
4.517,-0.138000,-0.977000,0.380000,13.374000,16.618000,-28.649000,31.170000
4.524,-0.197000,-0.995000,0.342000,10.038000,14.053000,-24.672000,31.120000
4.537,-0.231000,-0.976000,0.291000,7.435000,7.840000,-22.038000,31.070000
4.544,-0.261000,-0.976000,0.253000,9.733000,-5.107000,-20.290000,31.170000
4.556,-0.183000,-0.985000,0.287000,10.153000,-5.107000,-21.687000,31.210000
4.568,-0.102000,-0.968000,0.332000,11.725000,11.229000,-31.046000,31.120000
4.576,-0.152000,-0.959000,0.383000,15.794000,19.954000,-32.382000,31.170000
4.587,-0.201000,-0.907000,0.385000,13.992000,24.824000,-31.252000,31.120000
4.595,-0.284000,-0.843000,0.393000,13.473000,22.069000,-30.550000,31.120000
4.606,-0.270000,-0.791000,0.384000,10.611000,16.969000,-31.893000,31.170000
4.618,-0.241000,-0.789000,0.370000,5.313000,10.794000,-37.420000,31.170000
4.627,-0.171000,-0.782000,0.396000,6.160000,9.832000,-44.351000,31.210000
4.637,-0.137000,-0.789000,0.423000,8.588000,9.298000,-47.321000,31.210000
4.645,-0.104000,-0.814000,0.414000,9.206000,11.878000,-49.313000,31.170000
4.656,-0.110000,-0.846000,0.400000,7.634000,11.122000,-48.656000,31.210000
4.669,-0.020000,-0.869000,0.397000,-0.427000,24.901000,-54.519000,31.170000
4.677,-0.009000,-0.932000,0.354000,-4.145000,30.267000,-56.420000,31.170000
4.689,0.008000,-0.938000,0.326000,-8.321000,29.420000,-55.321000,31.210000
4.695,0.019000,-0.919000,0.292000,-11.504000,25.870000,-52.802000,31.120000
4.707,0.025000,-0.906000,0.271000,-13.878000,23.527000,-47.863000,31.170000
4.713,0.030000,-0.916000,0.284000,-14.878000,19.038000,-41.542000,31.210000
4.729,0.028000,-0.935000,0.307000,-17.313000,15.282000,-35.908000,31.210000
4.738,0.062000,-1.007000,0.277000,-18.405000,10.557000,-32.435000,31.170000
4.745,0.094000,-1.046000,0.276000,-17.847000,14.412000,-32.336000,31.210000
4.757,0.102000,-1.048000,0.250000,-17.282000,20.565000,-31.405000,31.020000
4.764,0.116000,-1.008000,0.217000,-16.046000,29.191000,-31.405000,31.120000
4.776,0.080000,-0.942000,0.209000,-14.298000,31.878000,-28.244000,31.170000
4.789,0.058000,-0.885000,0.197000,-13.947000,32.992000,-28.656000,31.210000
4.795,0.018000,-0.879000,0.197000,-14.695000,35.000000,-35.008000,31.170000
4.807,0.005000,-0.934000,0.200000,-16.863000,30.267000,-36.389000,31.070000
4.814,0.056000,-0.977000,0.195000,-15.198000,24.618000,-34.321000,31.120000
4.828,0.079000,-0.954000,0.217000,-14.061000,25.969000,-32.962000,31.210000
4.839,0.123000,-0.955000,0.203000,-15.611000,27.588000,-27.962000,31.170000
4.846,0.145000,-0.914000,0.201000,-16.321000,32.718000,-24.870000,31.120000
4.857,0.133000,-0.859000,0.156000,-16.214000,35.542000,-21.481000,31.210000
4.864,0.117000,-0.796000,0.144000,-16.282000,39.733000,-19.298000,31.170000
4.877,0.096000,-0.785000,0.138000,-16.389000,40.267000,-19.145000,31.120000
4.888,0.087000,-0.851000,0.110000,-13.397000,40.053000,-17.718000,31.210000
4.895,0.043000,-0.906000,0.122000,-9.916000,37.221000,-17.382000,31.210000
4.908,-0.005000,-0.918000,0.115000,-6.901000,37.649000,-17.443000,31.170000
4.914,-0.009000,-0.934000,0.114000,-5.962000,37.649000,-18.870000,31.210000
4.928,0.011000,-0.962000,0.111000,-3.588000,35.160000,-20.237000,31.170000
4.934,0.040000,-0.968000,0.123000,-2.565000,36.695000,-21.527000,31.260000
4.946,0.073000,-0.993000,0.117000,-1.191000,35.122000,-19.824000,31.120000
4.960,0.112000,-1.023000,0.136000,-0.282000,35.397000,-16.733000,31.210000
4.965,0.064000,-1.032000,0.147000,1.412000,32.969000,-10.756000,31.170000
4.978,-0.009000,-1.012000,0.159000,1.260000,28.931000,-5.824000,31.210000
4.984,-0.014000,-1.018000,0.165000,-0.511000,27.214000,-6.359000,31.120000
4.997,-0.003000,-1.014000,0.190000,-1.847000,29.565000,-9.779000,31.260000
5.002,0.021000,-1.015000,0.199000,-1.389000,28.427000,-10.366000,31.210000
5.016,0.073000,-1.021000,0.217000,-0.466000,27.366000,-8.366000,31.210000
5.028,0.069000,-1.011000,0.222000,0.405000,26.618000,-4.481000,31.120000
5.037,0.001000,-0.972000,0.227000,-0.511000,27.695000,-2.290000,31.260000
5.049,0.005000,-0.899000,0.221000,-4.985000,35.214000,-8.206000,31.120000
5.054,-0.045000,-0.890000,0.220000,-7.802000,35.863000,-14.160000,31.170000
5.066,-0.049000,-0.977000,0.170000,-10.084000,29.908000,-17.496000,31.170000
5.079,-0.012000,-1.044000,0.155000,-9.779000,23.198000,-17.000000,31.210000
5.087,0.022000,-1.091000,0.132000,-6.565000,14.435000,-13.229000,31.120000
5.099,0.073000,-1.121000,0.137000,-2.908000,10.092000,-8.153000,31.260000
5.105,0.050000,-1.103000,0.163000,3.466000,5.542000,-3.076000,31.120000
5.118,0.025000,-1.095000,0.184000,7.038000,3.260000,0.489000,31.210000
5.129,0.055000,-1.089000,0.192000,11.252000,5.420000,-1.229000,31.070000
5.138,0.084000,-1.079000,0.222000,16.710000,10.702000,-5.336000,31.210000
5.146,0.114000,-1.059000,0.228000,20.649000,18.893000,-9.023000,31.120000
5.156,0.138000,-1.050000,0.205000,25.450000,25.450000,-11.664000,31.120000
5.169,0.139000,-1.046000,0.224000,31.122000,30.275000,-10.634000,31.070000
5.177,0.124000,-1.052000,0.228000,35.366000,33.053000,-6.992000,31.210000
5.188,0.060000,-1.037000,0.218000,37.840000,32.412000,-3.290000,31.070000
5.195,0.004000,-1.014000,0.236000,38.267000,26.382000,-0.473000,31.170000
5.207,-0.012000,-0.976000,0.224000,36.198000,23.664000,-0.336000,31.210000
5.214,0.006000,-0.952000,0.229000,35.092000,21.588000,-1.725000,31.170000
5.227,0.067000,-0.933000,0.247000,35.214000,21.771000,-1.366000,31.170000
5.234,0.110000,-0.955000,0.285000,37.344000,23.641000,0.847000,31.210000
5.246,0.113000,-0.938000,0.310000,39.809000,26.405000,2.565000,31.210000
5.258,0.104000,-0.963000,0.346000,42.885000,29.321000,1.397000,31.170000
5.265,0.112000,-0.907000,0.371000,43.786000,39.916000,-5.870000,31.210000
5.278,0.081000,-0.879000,0.382000,44.458000,52.092000,-16.947000,31.210000
5.287,0.038000,-0.831000,0.394000,42.733000,61.229000,-28.931000,31.210000
5.297,0.012000,-0.802000,0.394000,41.756000,67.771000,-37.198000,31.260000
5.303,-0.006000,-0.810000,0.420000,40.595000,68.611000,-38.443000,31.210000
5.316,-0.009000,-0.813000,0.416000,38.969000,72.725000,-39.122000,31.170000
5.328,-0.005000,-0.842000,0.423000,38.656000,71.519000,-32.847000,31.070000
5.336,-0.029000,-0.844000,0.412000,34.511000,63.481000,-22.595000,31.120000
5.347,-0.019000,-0.843000,0.417000,28.244000,54.336000,-9.672000,31.210000
5.354,0.030000,-0.833000,0.430000,19.168000,47.931000,0.718000,31.170000
5.366,0.017000,-0.853000,0.477000,8.992000,45.031000,8.481000,31.120000
5.373,-0.030000,-0.873000,0.461000,-2.557000,42.710000,13.107000,31.210000
5.387,-0.092000,-0.885000,0.416000,-11.611000,39.679000,15.405000,31.070000
5.399,-0.131000,-0.872000,0.351000,-18.931000,36.176000,15.069000,31.170000
5.404,-0.146000,-0.902000,0.303000,-22.153000,30.359000,12.267000,31.120000
5.417,-0.152000,-0.931000,0.281000,-21.305000,20.321000,10.336000,31.120000
5.424,-0.139000,-1.014000,0.278000,-14.672000,8.366000,11.603000,31.070000
5.436,-0.101000,-1.047000,0.308000,-10.267000,5.237000,11.511000,31.120000
5.448,-0.117000,-1.057000,0.315000,-4.908000,3.252000,10.802000,31.210000
5.455,-0.104000,-1.030000,0.339000,-1.718000,0.672000,8.977000,31.070000
5.468,-0.090000,-1.004000,0.358000,-0.718000,-0.420000,6.863000,31.170000
5.476,-0.059000,-0.997000,0.362000,-0.656000,-3.954000,6.351000,31.120000
5.487,-0.016000,-0.955000,0.349000,-1.962000,-7.313000,6.473000,31.070000
5.495,0.017000,-0.926000,0.366000,-1.748000,-4.260000,6.855000,31.170000
5.507,0.018000,-0.957000,0.360000,-0.290000,-1.084000,8.275000,31.210000
5.514,-0.004000,-0.932000,0.335000,1.137000,2.008000,10.115000,31.210000
5.528,-0.064000,-0.930000,0.329000,1.298000,2.687000,12.145000,31.070000
5.538,-0.095000,-0.919000,0.302000,-0.748000,-1.634000,12.687000,31.120000
5.546,-0.119000,-0.898000,0.292000,-3.870000,-6.366000,11.252000,31.210000
5.557,-0.094000,-0.877000,0.278000,-6.176000,-12.427000,11.481000,31.120000
5.564,-0.069000,-0.843000,0.294000,-9.687000,-19.076000,14.099000,31.170000
5.577,-0.063000,-0.845000,0.294000,-13.641000,-24.206000,18.191000,31.210000
5.589,-0.077000,-0.882000,0.297000,-17.359000,-28.870000,22.084000,31.170000
5.595,-0.100000,-0.897000,0.300000,-20.527000,-25.458000,22.153000,31.170000
5.607,-0.140000,-0.914000,0.284000,-23.992000,-26.672000,21.534000,31.120000
5.614,-0.161000,-0.936000,0.254000,-26.618000,-32.244000,21.130000,31.210000
5.627,-0.143000,-0.945000,0.249000,-27.511000,-33.252000,18.107000,31.170000
5.638,-0.127000,-0.931000,0.228000,-25.916000,-36.244000,15.107000,31.210000
5.645,-0.109000,-0.957000,0.225000,-23.061000,-38.359000,11.878000,31.210000
5.657,-0.099000,-0.989000,0.223000,-18.908000,-38.618000,9.160000,31.260000
5.664,-0.081000,-0.992000,0.246000,-14.718000,-35.359000,6.092000,31.260000
5.677,-0.069000,-0.970000,0.264000,-12.389000,-31.695000,3.618000,31.210000
5.689,-0.044000,-0.956000,0.289000,-11.992000,-27.122000,1.267000,31.210000
5.695,0.004000,-0.947000,0.302000,-13.107000,-19.954000,-2.725000,31.170000
5.707,-0.002000,-0.938000,0.295000,-12.786000,-16.092000,-0.809000,31.120000
5.714,0.024000,-0.944000,0.283000,-9.771000,-12.450000,-1.366000,31.210000
5.728,0.015000,-0.963000,0.289000,-5.176000,-11.656000,-0.756000,31.260000
5.738,0.011000,-0.981000,0.302000,0.435000,-13.656000,-0.076000,31.210000
5.745,0.024000,-0.982000,0.317000,3.527000,-13.603000,-1.160000,31.210000
5.758,0.039000,-0.962000,0.315000,5.061000,-11.679000,-1.298000,31.170000
5.765,0.018000,-0.934000,0.314000,4.496000,-11.641000,0.084000,31.170000
5.778,0.038000,-0.906000,0.303000,3.092000,-8.107000,2.389000,31.210000
5.785,0.046000,-0.918000,0.281000,2.206000,-8.008000,6.153000,31.170000
5.797,0.062000,-0.930000,0.264000,4.023000,-7.542000,9.076000,31.170000
5.804,0.055000,-0.974000,0.254000,7.122000,-8.733000,12.221000,31.210000
5.817,0.030000,-1.000000,0.271000,10.718000,-11.794000,14.405000,31.210000
5.824,0.000000,-1.026000,0.280000,14.450000,-13.122000,16.527000,31.170000
5.839,-0.043000,-1.023000,0.294000,16.527000,-15.183000,17.878000,31.210000
5.848,-0.077000,-0.987000,0.289000,16.931000,-19.351000,18.832000,31.210000
5.854,-0.099000,-0.950000,0.298000,14.130000,-18.634000,16.496000,31.170000
5.867,-0.087000,-0.920000,0.305000,8.458000,-12.305000,9.038000,31.170000
5.874,-0.119000,-0.915000,0.309000,3.519000,-9.160000,0.214000,31.120000
5.887,-0.100000,-0.919000,0.320000,0.420000,-8.656000,-5.206000,31.170000
5.899,-0.079000,-0.923000,0.308000,-2.115000,-13.015000,-6.893000,31.260000
5.905,-0.067000,-0.912000,0.316000,-3.947000,-16.168000,-11.771000,31.120000
5.917,-0.022000,-0.948000,0.317000,-6.939000,-18.595000,-14.504000,31.210000
5.927,0.052000,-0.994000,0.331000,-5.069000,-17.237000,-12.824000,31.260000
5.937,0.121000,-1.034000,0.335000,1.489000,-10.939000,-7.534000,31.120000
5.945,0.231000,-1.010000,0.371000,-0.176000,6.740000,-2.954000,31.210000
5.956,0.193000,-0.998000,0.355000,-3.992000,16.779000,3.290000,31.260000
5.968,0.104000,-0.998000,0.324000,-7.618000,12.412000,14.023000,31.210000
5.978,0.067000,-0.988000,0.306000,-10.275000,6.939000,20.321000,31.210000
5.988,0.022000,-0.987000,0.284000,-11.817000,-3.504000,24.229000,31.170000
5.996,0.005000,-0.968000,0.264000,-17.985000,-10.779000,24.328000,31.260000
6.006,0.006000,-0.937000,0.241000,-19.939000,-12.588000,21.130000,31.120000
6.013,0.113000,-0.910000,0.262000,-23.145000,1.443000,11.122000,31.170000
6.027,0.088000,-0.920000,0.300000,-25.023000,17.756000,4.038000,31.170000
6.039,0.054000,-0.896000,0.288000,-28.542000,18.710000,5.466000,31.210000
6.045,-0.041000,-0.931000,0.253000,-31.947000,11.000000,15.221000,31.170000
6.057,-0.151000,-0.950000,0.154000,-40.023000,-6.733000,29.786000,31.070000
6.064,-0.278000,-0.910000,0.108000,-49.206000,-22.939000,37.504000,31.210000
6.076,-0.303000,-0.929000,0.120000,-50.992000,-29.588000,34.580000,31.210000
6.089,-0.316000,-0.964000,0.137000,-48.664000,-31.313000,25.221000,31.170000
6.096,-0.267000,-0.989000,0.177000,-40.145000,-36.893000,12.885000,31.210000
6.107,-0.181000,-1.005000,0.209000,-28.695000,-36.427000,-0.183000,31.210000
6.114,-0.138000,-1.014000,0.236000,-13.794000,-31.908000,-12.481000,31.260000
6.128,-0.106000,-1.000000,0.255000,-3.420000,-23.710000,-24.008000,31.310000
6.139,-0.027000,-0.937000,0.297000,1.374000,-9.924000,-34.473000,31.120000
6.145,0.024000,-0.904000,0.327000,1.519000,5.771000,-42.092000,31.260000
6.157,-0.003000,-0.928000,0.332000,2.626000,12.168000,-44.450000,31.210000
6.164,0.024000,-0.943000,0.313000,6.099000,11.893000,-41.550000,31.210000
6.178,0.049000,-0.970000,0.319000,9.198000,9.443000,-36.649000,31.260000
6.184,0.049000,-0.990000,0.309000,11.527000,3.511000,-29.595000,31.170000
6.197,0.081000,-0.989000,0.306000,12.504000,-8.092000,-21.740000,31.210000
6.209,0.086000,-0.976000,0.304000,10.183000,-21.191000,-12.679000,31.210000
6.215,0.135000,-0.948000,0.309000,4.817000,-26.702000,-6.748000,31.260000
6.228,0.153000,-0.937000,0.307000,0.275000,-27.916000,-1.580000,31.210000
6.237,0.193000,-0.925000,0.306000,-7.084000,-22.786000,-0.489000,31.170000
6.247,0.202000,-0.926000,0.299000,-14.740000,-15.160000,0.450000,31.170000
6.253,0.180000,-0.930000,0.296000,-21.779000,-15.679000,2.466000,31.120000
6.266,0.173000,-0.938000,0.280000,-28.855000,-20.603000,4.427000,31.210000
6.278,0.177000,-0.948000,0.256000,-32.260000,-28.443000,6.794000,31.070000
6.287,0.188000,-0.961000,0.239000,-36.969000,-35.397000,10.046000,31.210000
6.297,0.155000,-0.954000,0.230000,-43.649000,-32.168000,8.916000,31.210000
6.304,0.128000,-0.983000,0.220000,-44.985000,-29.206000,10.702000,31.170000
6.316,0.096000,-1.006000,0.214000,-40.885000,-27.863000,14.611000,31.210000
6.328,0.100000,-1.004000,0.203000,-38.519000,-22.359000,18.924000,31.210000
6.337,0.124000,-1.010000,0.198000,-33.977000,-11.733000,20.580000,31.170000
6.352,0.077000,-1.014000,0.192000,-27.557000,1.924000,24.802000,31.210000
6.355,0.034000,-1.028000,0.177000,-16.588000,7.168000,28.092000,31.120000
6.367,0.006000,-1.027000,0.177000,-8.603000,12.115000,31.115000,31.170000
6.374,-0.044000,-1.031000,0.156000,-1.550000,13.229000,32.771000,31.260000
6.386,-0.075000,-1.034000,0.142000,6.763000,14.641000,33.359000,31.210000
6.398,-0.103000,-1.011000,0.153000,15.412000,14.664000,32.260000,31.170000
6.405,-0.076000,-0.979000,0.147000,20.527000,20.519000,29.840000,31.170000
6.418,-0.105000,-0.955000,0.175000,23.931000,26.420000,26.107000,31.120000
6.429,-0.108000,-0.961000,0.178000,27.802000,26.740000,23.840000,31.170000
6.438,-0.102000,-0.959000,0.178000,26.458000,28.145000,20.962000,31.260000
6.444,-0.146000,-0.966000,0.161000,27.939000,21.763000,20.672000,31.120000
6.456,-0.171000,-0.971000,0.152000,29.656000,13.802000,18.435000,31.210000
6.468,-0.196000,-0.958000,0.159000,32.542000,6.542000,15.023000,31.170000
6.477,-0.215000,-0.948000,0.179000,35.015000,-0.809000,10.359000,31.310000
6.488,-0.184000,-0.940000,0.207000,38.565000,-5.863000,4.740000,31.210000
6.496,-0.134000,-0.929000,0.240000,41.107000,-5.351000,-1.305000,31.170000
6.506,-0.089000,-0.928000,0.291000,42.466000,-0.817000,-5.931000,31.210000
6.513,-0.033000,-0.896000,0.321000,39.420000,6.588000,-8.763000,31.210000
6.528,-0.016000,-0.900000,0.333000,32.687000,10.260000,-6.290000,31.170000
6.538,-0.011000,-0.896000,0.322000,25.855000,14.947000,-1.313000,31.210000
6.545,-0.027000,-0.894000,0.310000,20.534000,18.611000,3.107000,31.210000
6.558,-0.086000,-0.929000,0.305000,15.496000,19.420000,7.977000,31.170000
6.564,-0.114000,-0.950000,0.276000,14.427000,16.931000,10.771000,31.120000
6.577,-0.128000,-0.979000,0.285000,16.901000,13.076000,11.679000,31.210000
6.584,-0.137000,-1.044000,0.308000,27.863000,9.382000,11.229000,31.310000
6.596,-0.069000,-1.065000,0.347000,38.489000,11.328000,7.626000,31.350000
6.608,-0.017000,-1.021000,0.376000,45.252000,21.443000,1.969000,31.210000
6.615,0.036000,-0.936000,0.435000,44.641000,38.389000,-4.672000,31.170000
6.628,-0.001000,-0.909000,0.437000,40.206000,45.565000,-3.321000,31.070000
6.636,-0.025000,-0.905000,0.436000,31.298000,51.641000,-1.229000,31.210000
6.647,-0.077000,-0.898000,0.419000,22.802000,54.656000,3.695000,31.170000
6.654,-0.092000,-0.922000,0.409000,15.718000,54.099000,8.603000,31.170000
6.666,-0.094000,-0.931000,0.392000,10.481000,53.099000,11.305000,31.120000
6.679,-0.127000,-0.929000,0.360000,4.069000,48.099000,14.344000,31.170000
6.686,-0.147000,-0.926000,0.305000,-4.550000,34.366000,18.588000,31.260000
6.699,-0.179000,-0.958000,0.239000,-9.061000,14.374000,24.359000,31.210000
6.705,-0.161000,-1.022000,0.208000,-15.916000,6.641000,25.183000,31.210000
6.717,-0.136000,-1.073000,0.202000,-17.733000,3.634000,24.473000,31.170000
6.723,-0.090000,-1.082000,0.234000,-13.756000,10.359000,20.015000,31.210000
6.737,-0.102000,-1.090000,0.225000,-7.382000,18.023000,14.557000,31.310000
6.749,-0.143000,-1.102000,0.239000,3.595000,21.023000,7.626000,31.260000
6.755,-0.163000,-1.107000,0.257000,14.656000,25.542000,-2.321000,31.210000
6.767,-0.149000,-1.093000,0.288000,24.473000,29.649000,-11.397000,31.210000
6.774,-0.124000,-1.021000,0.348000,28.580000,32.397000,-17.267000,31.170000
6.787,-0.139000,-0.935000,0.357000,26.412000,32.427000,-20.244000,31.170000
6.799,-0.167000,-0.866000,0.368000,17.221000,24.679000,-18.153000,31.120000
6.805,-0.198000,-0.811000,0.355000,4.275000,8.420000,-11.359000,31.260000
6.818,-0.208000,-0.788000,0.326000,-10.840000,-7.626000,-4.328000,31.260000
6.828,-0.193000,-0.800000,0.306000,-21.366000,-21.359000,0.634000,31.210000
6.838,-0.128000,-0.835000,0.305000,-25.496000,-25.977000,2.206000,31.210000
6.844,-0.064000,-0.888000,0.301000,-23.573000,-21.374000,0.763000,31.260000
6.855,-0.024000,-0.918000,0.290000,-18.359000,-12.122000,-1.107000,31.210000
6.868,-0.004000,-0.932000,0.260000,-14.229000,-3.947000,-3.122000,31.210000
6.878,0.008000,-0.935000,0.227000,-10.779000,4.824000,-4.954000,31.170000
6.887,-0.035000,-0.945000,0.201000,-8.649000,10.855000,-5.237000,31.170000
6.895,-0.080000,-0.967000,0.171000,-5.550000,12.466000,-4.458000,31.310000
6.907,-0.109000,-0.960000,0.140000,-0.519000,8.137000,-2.664000,31.260000
6.919,-0.117000,-0.993000,0.147000,3.679000,5.366000,-1.053000,31.260000
6.929,-0.116000,-1.031000,0.171000,11.710000,5.969000,-2.168000,31.210000
6.938,-0.094000,-1.011000,0.194000,19.595000,6.702000,-4.244000,31.210000
6.946,-0.078000,-1.007000,0.229000,25.031000,7.679000,-6.504000,31.170000
6.957,-0.046000,-1.003000,0.262000,27.695000,12.473000,-9.038000,31.210000
6.964,-0.055000,-0.965000,0.302000,28.145000,20.359000,-8.969000,31.210000
6.978,-0.084000,-0.952000,0.295000,27.000000,23.053000,-6.160000,31.170000
6.989,-0.112000,-0.920000,0.321000,26.069000,23.634000,-3.092000,31.210000
6.996,-0.146000,-0.884000,0.329000,23.534000,21.053000,-0.672000,31.120000
7.008,-0.184000,-0.883000,0.344000,21.580000,14.649000,0.427000,31.170000
7.015,-0.174000,-0.870000,0.351000,22.427000,8.885000,-0.580000,31.260000
7.028,-0.148000,-0.865000,0.370000,21.282000,9.573000,-3.542000,31.210000
7.037,-0.137000,-0.867000,0.373000,20.061000,9.473000,-5.626000,31.260000
7.047,-0.119000,-0.861000,0.353000,18.863000,8.366000,-6.885000,31.170000
7.053,-0.110000,-0.875000,0.332000,16.664000,9.092000,-6.267000,31.120000
7.066,-0.126000,-0.885000,0.321000,16.344000,8.000000,-5.015000,31.170000
7.078,-0.120000,-0.877000,0.295000,15.565000,9.305000,-5.122000,31.170000
7.087,-0.130000,-0.880000,0.279000,15.527000,8.267000,-4.481000,31.210000
7.098,-0.134000,-0.896000,0.260000,16.756000,7.099000,-4.137000,31.210000
7.104,-0.110000,-0.912000,0.247000,19.351000,7.153000,-2.878000,31.170000
7.117,-0.076000,-0.904000,0.263000,21.527000,14.908000,-4.382000,31.210000
7.124,-0.087000,-0.908000,0.262000,26.015000,23.458000,-2.137000,31.210000
7.137,-0.116000,-0.900000,0.265000,30.275000,27.679000,-1.130000,31.170000
7.149,-0.177000,-0.926000,0.248000,36.809000,26.351000,-4.901000,31.210000
7.155,-0.185000,-0.913000,0.279000,42.550000,19.916000,-11.099000,31.210000
7.167,-0.198000,-0.926000,0.328000,47.168000,11.351000,-16.076000,31.260000
7.178,-0.142000,-0.927000,0.364000,53.206000,7.977000,-21.405000,31.170000
7.187,-0.085000,-0.888000,0.413000,55.664000,4.672000,-23.466000,31.210000
7.199,-0.040000,-0.849000,0.436000,56.221000,3.275000,-18.481000,31.260000
7.206,-0.003000,-0.825000,0.468000,46.985000,11.939000,-24.794000,31.170000
7.218,-0.032000,-0.832000,0.478000,39.031000,12.580000,-23.779000,31.120000
7.228,-0.111000,-0.866000,0.474000,34.420000,4.145000,-23.725000,31.310000
7.237,-0.109000,-0.912000,0.505000,33.618000,-8.153000,-25.031000,31.170000
7.246,-0.087000,-0.913000,0.556000,34.840000,-18.313000,-26.061000,31.210000
7.255,-0.021000,-0.890000,0.590000,34.725000,-20.389000,-32.389000,31.210000
7.268,0.020000,-0.897000,0.600000,35.153000,-25.710000,-35.000000,31.260000
7.276,0.035000,-0.898000,0.597000,35.809000,-31.664000,-31.695000,31.210000
7.287,0.047000,-0.899000,0.586000,37.893000,-39.458000,-25.282000,31.210000
7.296,0.040000,-0.893000,0.559000,40.450000,-47.260000,-17.733000,31.170000
7.306,0.041000,-0.860000,0.528000,40.702000,-49.756000,-14.733000,31.310000
7.318,0.083000,-0.809000,0.541000,31.771000,-29.290000,-14.626000,31.310000
7.328,0.040000,-0.821000,0.512000,29.504000,-19.183000,-13.221000,31.170000
7.338,0.051000,-0.806000,0.515000,27.740000,-11.672000,-9.252000,31.260000
7.346,0.060000,-0.791000,0.518000,25.031000,-3.405000,-7.779000,31.210000
7.356,0.060000,-0.778000,0.511000,18.359000,1.618000,-1.962000,31.310000
7.364,0.041000,-0.785000,0.498000,14.000000,1.511000,4.389000,31.070000
7.376,0.016000,-0.808000,0.474000,12.214000,1.725000,10.702000,31.210000
7.389,-0.004000,-0.818000,0.453000,13.298000,1.656000,14.275000,31.260000
7.397,-0.004000,-0.806000,0.438000,12.061000,8.397000,15.893000,31.170000
7.408,-0.028000,-0.826000,0.435000,12.198000,13.939000,16.237000,31.120000
7.414,-0.047000,-0.849000,0.429000,12.733000,18.015000,12.695000,31.210000
7.428,-0.074000,-0.878000,0.441000,15.374000,15.588000,13.802000,31.170000
7.434,-0.082000,-0.914000,0.442000,19.496000,8.695000,17.588000,31.210000
7.446,-0.039000,-0.932000,0.427000,23.382000,9.244000,22.023000,31.210000
7.458,-0.011000,-0.927000,0.438000,26.695000,13.115000,32.397000,31.170000
7.465,0.015000,-0.928000,0.441000,27.817000,16.023000,47.969000,31.210000
7.478,-0.012000,-0.949000,0.423000,25.977000,19.550000,61.473000,31.120000
7.486,-0.063000,-0.940000,0.383000,28.145000,12.573000,71.588000,31.210000
7.497,-0.162000,-0.941000,0.380000,29.603000,-8.534000,77.198000,31.260000
7.503,-0.144000,-0.919000,0.413000,33.229000,-24.351000,73.061000,31.210000
7.516,-0.082000,-0.914000,0.433000,40.947000,-30.817000,63.183000,31.170000
7.528,-0.037000,-0.866000,0.473000,50.519000,-28.221000,50.267000,31.170000
7.536,-0.019000,-0.801000,0.521000,55.313000,-15.802000,40.061000,31.120000
7.547,-0.066000,-0.747000,0.544000,59.176000,-4.069000,38.870000,31.170000
7.554,-0.090000,-0.688000,0.544000,61.015000,10.130000,37.321000,31.260000
7.566,-0.151000,-0.633000,0.547000,52.718000,34.832000,29.924000,31.120000
7.578,-0.257000,-0.610000,0.520000,49.107000,40.672000,28.473000,31.210000
7.588,-0.324000,-0.592000,0.502000,48.939000,37.725000,29.573000,31.170000
7.598,-0.340000,-0.544000,0.490000,43.786000,43.595000,23.305000,31.120000
7.604,-0.351000,-0.534000,0.475000,40.595000,54.321000,14.702000,31.120000
7.617,-0.381000,-0.511000,0.451000,42.992000,53.908000,10.420000,31.170000
7.624,-0.378000,-0.488000,0.455000,46.802000,57.153000,3.290000,31.210000
7.638,-0.388000,-0.507000,0.452000,46.527000,55.023000,-4.840000,31.210000
7.648,-0.359000,-0.559000,0.423000,47.519000,54.389000,-16.809000,31.260000
7.655,-0.342000,-0.621000,0.428000,53.046000,58.107000,-27.366000,31.260000
7.667,-0.336000,-0.703000,0.422000,62.427000,44.901000,-29.466000,31.210000
7.674,-0.274000,-0.748000,0.439000,71.870000,37.145000,-32.901000,31.170000
7.687,-0.213000,-0.777000,0.463000,80.435000,35.237000,-33.695000,31.170000
7.699,-0.162000,-0.754000,0.501000,88.122000,34.191000,-29.664000,31.120000
7.705,-0.052000,-0.660000,0.584000,88.656000,45.641000,-28.206000,31.170000
7.717,-0.010000,-0.627000,0.633000,80.947000,69.916000,-25.557000,31.260000
7.724,-0.144000,-0.598000,0.686000,73.748000,65.466000,-16.557000,31.210000
7.737,-0.193000,-0.669000,0.666000,71.748000,67.489000,-20.115000,31.120000
7.750,-0.156000,-0.721000,0.668000,71.672000,69.947000,-26.855000,31.260000
7.755,-0.160000,-0.733000,0.704000,75.389000,67.885000,-31.298000,31.210000
7.768,-0.181000,-0.698000,0.739000,83.008000,63.214000,-30.740000,31.210000
7.777,-0.124000,-0.664000,0.770000,82.282000,64.878000,-29.229000,31.170000
7.787,-0.098000,-0.627000,0.760000,78.015000,64.870000,-25.290000,31.120000
7.799,-0.111000,-0.594000,0.733000,67.405000,67.756000,-20.198000,31.210000
7.805,-0.200000,-0.583000,0.713000,59.015000,67.924000,-13.176000,31.260000
7.818,-0.306000,-0.566000,0.720000,52.924000,70.893000,-12.733000,31.170000
7.829,-0.376000,-0.559000,0.722000,49.489000,65.038000,-12.076000,31.210000
7.837,-0.387000,-0.544000,0.738000,45.725000,53.695000,-13.885000,31.170000
7.844,-0.364000,-0.499000,0.761000,41.160000,39.382000,-18.473000,31.170000
7.855,-0.281000,-0.467000,0.789000,37.954000,28.504000,-22.000000,31.120000
7.868,-0.260000,-0.498000,0.827000,34.443000,16.962000,-19.916000,31.210000
7.877,-0.268000,-0.438000,0.792000,31.542000,10.183000,-16.504000,31.170000
7.889,-0.306000,-0.446000,0.807000,27.740000,9.863000,-17.069000,31.210000
7.895,-0.356000,-0.439000,0.796000,25.794000,4.519000,-17.008000,31.210000
7.906,-0.406000,-0.464000,0.805000,23.198000,-11.977000,-19.466000,31.170000
7.918,-0.369000,-0.448000,0.834000,16.573000,-21.298000,-26.336000,31.210000
7.925,-0.292000,-0.451000,0.868000,7.947000,-30.954000,-30.168000,31.210000
7.940,-0.219000,-0.478000,0.902000,-1.733000,-38.687000,-27.061000,31.260000
7.944,-0.071000,-0.470000,0.921000,-10.687000,-35.794000,-21.313000,31.260000
7.955,-0.025000,-0.458000,0.951000,-19.237000,-17.916000,-20.779000,31.310000
7.968,0.034000,-0.501000,0.922000,-31.336000,-8.198000,-10.695000,31.070000
7.978,0.083000,-0.515000,0.901000,-51.771000,22.634000,-9.824000,31.170000
7.989,-0.075000,-0.611000,0.850000,-59.550000,25.740000,0.786000,31.310000
7.994,-0.130000,-0.672000,0.810000,-53.221000,12.191000,5.092000,31.210000
8.006,-0.196000,-0.698000,0.806000,-47.687000,1.542000,10.420000,31.170000
8.018,-0.205000,-0.696000,0.776000,-40.878000,-7.679000,10.450000,31.210000
8.027,-0.211000,-0.657000,0.788000,-38.076000,-17.000000,9.687000,31.310000
8.038,-0.173000,-0.659000,0.783000,-36.053000,-18.176000,5.702000,31.170000
8.044,-0.166000,-0.699000,0.778000,-29.298000,-17.550000,6.641000,31.120000
8.056,-0.148000,-0.711000,0.807000,-20.481000,-9.802000,8.084000,31.210000
8.069,-0.146000,-0.694000,0.808000,-11.168000,2.420000,9.931000,31.170000
8.078,-0.174000,-0.691000,0.792000,-3.260000,12.435000,12.863000,31.170000
8.089,-0.198000,-0.669000,0.768000,0.588000,21.649000,14.885000,31.210000
8.095,-0.240000,-0.669000,0.739000,3.534000,26.771000,16.809000,31.260000
8.107,-0.293000,-0.673000,0.696000,7.557000,26.130000,20.366000,31.170000
8.114,-0.339000,-0.669000,0.690000,15.756000,22.824000,24.351000,31.210000
8.127,-0.317000,-0.614000,0.688000,22.664000,16.931000,23.802000,31.120000
8.139,-0.259000,-0.555000,0.745000,22.832000,32.748000,11.847000,31.170000
8.146,-0.308000,-0.535000,0.745000,23.733000,36.023000,6.290000,31.210000
8.158,-0.351000,-0.517000,0.725000,22.969000,29.641000,9.481000,31.310000
8.165,-0.380000,-0.500000,0.706000,23.557000,23.084000,8.107000,31.170000
8.177,-0.409000,-0.504000,0.695000,21.168000,18.458000,1.412000,31.170000
8.186,-0.443000,-0.511000,0.695000,20.588000,5.939000,-0.214000,31.120000
8.197,-0.464000,-0.525000,0.687000,18.252000,-7.252000,-10.260000,31.170000
8.209,-0.415000,-0.531000,0.712000,14.954000,-25.008000,-9.420000,31.260000
8.215,-0.315000,-0.528000,0.720000,11.260000,-36.626000,-8.962000,31.210000
8.228,-0.222000,-0.517000,0.795000,7.588000,-30.015000,-20.382000,31.120000
8.237,-0.214000,-0.525000,0.813000,2.901000,-27.550000,-22.168000,31.260000
8.247,-0.208000,-0.549000,0.805000,-1.557000,-30.580000,-18.481000,31.310000
8.259,-0.199000,-0.569000,0.809000,-4.977000,-29.710000,-14.977000,31.210000
8.265,-0.222000,-0.594000,0.803000,-6.031000,-27.260000,-11.221000,31.170000
8.278,-0.229000,-0.610000,0.782000,-5.443000,-27.168000,-9.000000,31.120000
8.284,-0.236000,-0.614000,0.783000,-3.473000,-25.534000,-9.420000,31.120000
8.297,-0.246000,-0.621000,0.756000,-1.802000,-26.687000,-9.473000,31.260000
8.302,-0.219000,-0.625000,0.769000,1.450000,-24.573000,-11.473000,31.170000
8.316,-0.215000,-0.634000,0.766000,3.267000,-20.855000,-12.450000,31.120000
8.328,-0.214000,-0.624000,0.765000,7.107000,-19.023000,-11.183000,31.170000
8.336,-0.171000,-0.611000,0.774000,9.481000,-12.901000,-10.427000,31.260000
8.347,-0.133000,-0.589000,0.780000,10.038000,-0.321000,-13.183000,31.310000
8.353,-0.151000,-0.587000,0.779000,10.015000,6.916000,-11.756000,31.210000
8.366,-0.173000,-0.573000,0.754000,8.504000,7.336000,-7.107000,31.070000
8.379,-0.190000,-0.558000,0.742000,5.725000,8.611000,-3.756000,31.210000
8.387,-0.209000,-0.556000,0.726000,2.550000,9.313000,-2.481000,31.210000
8.398,-0.231000,-0.552000,0.728000,1.214000,7.145000,-3.290000,31.210000
8.405,-0.243000,-0.565000,0.744000,-0.405000,3.496000,-5.107000,31.170000
8.417,-0.244000,-0.572000,0.746000,-2.336000,-0.550000,-6.786000,31.210000
8.427,-0.216000,-0.580000,0.750000,-5.061000,-3.076000,-9.992000,31.170000
8.438,-0.217000,-0.573000,0.749000,-8.725000,-6.061000,-10.916000,31.170000
8.448,-0.207000,-0.580000,0.748000,-10.611000,-11.214000,-8.656000,31.210000
8.455,-0.179000,-0.585000,0.747000,-11.878000,-13.756000,-6.779000,31.120000
8.467,-0.160000,-0.597000,0.737000,-12.557000,-13.489000,-4.702000,31.170000
8.474,-0.160000,-0.620000,0.719000,-11.290000,-13.588000,-1.740000,31.210000
8.487,-0.166000,-0.632000,0.706000,-8.504000,-13.908000,0.427000,31.210000
8.500,-0.177000,-0.643000,0.695000,-4.885000,-13.527000,2.962000,31.260000
8.505,-0.157000,-0.628000,0.704000,-0.641000,-10.893000,4.244000,31.170000
8.518,-0.114000,-0.600000,0.734000,1.328000,1.626000,-0.611000,31.310000
8.527,-0.153000,-0.597000,0.729000,4.527000,8.084000,-1.840000,31.120000
8.538,-0.180000,-0.583000,0.720000,5.267000,7.443000,-0.214000,31.260000
8.546,-0.196000,-0.575000,0.707000,4.718000,8.137000,0.198000,31.120000
8.557,-0.218000,-0.570000,0.688000,4.183000,6.435000,0.687000,31.210000
8.564,-0.223000,-0.563000,0.695000,4.122000,3.137000,1.031000,31.260000
8.577,-0.213000,-0.568000,0.683000,3.718000,1.809000,1.351000,31.210000
8.587,-0.225000,-0.578000,0.671000,2.924000,-4.191000,2.687000,31.120000
8.596,-0.210000,-0.583000,0.679000,4.260000,-8.053000,2.672000,31.170000
8.609,-0.170000,-0.565000,0.712000,3.824000,1.107000,-3.443000,31.120000
8.615,-0.184000,-0.583000,0.724000,5.397000,4.168000,-5.359000,31.210000
8.628,-0.181000,-0.593000,0.704000,5.588000,2.008000,-5.443000,31.170000
8.637,-0.192000,-0.595000,0.707000,5.779000,0.985000,-4.198000,31.260000
8.647,-0.190000,-0.596000,0.714000,6.267000,-2.214000,-2.542000,31.310000
8.655,-0.184000,-0.596000,0.715000,6.908000,-3.855000,-2.366000,31.210000
8.667,-0.161000,-0.591000,0.730000,8.107000,-4.069000,-3.450000,31.260000
8.678,-0.179000,-0.588000,0.739000,9.046000,-5.405000,-2.565000,31.210000
8.687,-0.180000,-0.594000,0.751000,10.137000,-6.809000,-0.985000,31.210000
8.699,-0.185000,-0.589000,0.759000,10.702000,-7.221000,-0.023000,31.170000
8.705,-0.174000,-0.580000,0.745000,10.160000,-5.397000,-1.145000,31.350000
8.718,-0.160000,-0.581000,0.745000,9.237000,-1.893000,-3.977000,31.210000
8.727,-0.183000,-0.585000,0.728000,8.832000,-3.069000,-4.137000,31.260000
8.738,-0.195000,-0.585000,0.717000,9.145000,-4.611000,-4.145000,31.170000
8.744,-0.182000,-0.577000,0.729000,9.038000,-3.504000,-6.710000,31.120000
8.756,-0.181000,-0.571000,0.721000,9.282000,-4.397000,-6.832000,31.210000
