time_sec,ax,ay,az,gx,gy,gz,temp_c
0.014,0.073000,-0.872000,0.598000,-104.931000,-22.023000,64.382000,28.910000
0.019,-0.008000,-0.823000,0.596000,-100.168000,-15.229000,66.053000,28.910000
0.031,-0.026000,-0.781000,0.627000,-99.214000,-6.595000,59.924000,29.050000
0.038,-0.026000,-0.724000,0.667000,-99.802000,8.420000,50.489000,29.050000
0.050,-0.069000,-0.688000,0.675000,-96.435000,11.870000,53.511000,28.950000
0.057,-0.073000,-0.645000,0.644000,-92.290000,16.519000,58.344000,29.000000
0.069,-0.075000,-0.595000,0.606000,-92.931000,18.725000,72.466000,28.950000
0.081,-0.143000,-0.577000,0.521000,-96.145000,20.603000,87.427000,29.050000
0.088,-0.256000,-0.599000,0.488000,-91.176000,9.565000,106.458000,29.000000
0.101,-0.303000,-0.522000,0.415000,-91.084000,6.092000,109.244000,29.000000
0.108,-0.265000,-0.375000,0.411000,-98.611000,23.672000,98.244000,29.000000
0.119,-0.374000,-0.354000,0.401000,-115.573000,44.496000,77.847000,29.050000
0.127,-0.474000,-0.444000,0.291000,-121.382000,34.107000,67.779000,28.950000
0.139,-0.485000,-0.498000,0.157000,-120.649000,22.366000,57.183000,29.000000
0.151,-0.528000,-0.505000,0.097000,-113.992000,7.336000,49.664000,29.000000
0.158,-0.523000,-0.479000,0.014000,-111.924000,-1.321000,39.458000,29.050000
0.170,-0.508000,-0.528000,-0.093000,-110.282000,-11.695000,31.107000,28.950000
0.176,-0.583000,-0.575000,-0.178000,-106.153000,-32.725000,29.794000,29.090000
0.189,-0.532000,-0.613000,-0.229000,-94.344000,-44.588000,27.107000,29.000000
0.201,-0.513000,-0.581000,-0.248000,-88.214000,-56.580000,25.092000,29.000000
0.207,-0.481000,-0.544000,-0.322000,-89.481000,-59.031000,18.038000,28.950000
0.219,-0.446000,-0.559000,-0.338000,-93.099000,-47.198000,4.412000,29.050000
0.227,-0.472000,-0.657000,-0.397000,-88.481000,-42.962000,-3.221000,28.950000
0.239,-0.425000,-0.744000,-0.455000,-79.702000,-35.641000,-9.427000,29.000000
0.251,-0.375000,-0.836000,-0.467000,-65.534000,-26.802000,-10.046000,29.050000
0.257,-0.337000,-0.882000,-0.482000,-45.366000,-16.901000,-6.565000,29.050000
0.269,-0.392000,-0.892000,-0.490000,-32.733000,-18.313000,4.107000,28.910000
0.282,-0.400000,-0.927000,-0.513000,-19.153000,-32.603000,19.802000,29.000000
0.289,-0.393000,-0.894000,-0.500000,-6.511000,-26.695000,20.344000,29.090000
0.300,-0.412000,-0.881000,-0.457000,2.206000,-19.832000,14.473000,28.950000
0.307,-0.454000,-0.879000,-0.435000,10.023000,-2.779000,3.672000,29.050000
0.320,-0.439000,-0.922000,-0.420000,17.916000,5.107000,-8.435000,29.090000
0.327,-0.434000,-0.972000,-0.410000,28.275000,6.305000,-16.855000,28.910000
0.339,-0.409000,-0.996000,-0.384000,36.038000,2.496000,-25.771000,29.050000
0.351,-0.389000,-1.007000,-0.352000,37.458000,-2.267000,-32.824000,29.050000
0.358,-0.386000,-0.997000,-0.334000,33.962000,-19.351000,-32.023000,29.000000
0.370,-0.270000,-1.007000,-0.282000,28.313000,-23.267000,-33.153000,29.000000
0.377,-0.192000,-1.041000,-0.216000,25.328000,-18.893000,-29.420000,29.090000
0.389,-0.145000,-1.083000,-0.148000,27.099000,-22.771000,-16.244000,29.050000
0.401,-0.135000,-1.125000,-0.102000,31.649000,-22.565000,-2.511000,28.950000
0.408,-0.141000,-1.146000,-0.077000,38.359000,-12.511000,3.519000,29.050000
0.422,-0.199000,-1.133000,-0.029000,45.397000,-3.603000,8.389000,29.000000
0.427,-0.256000,-1.067000,-0.020000,48.176000,-0.542000,11.924000,28.950000
0.440,-0.322000,-0.997000,0.013000,45.305000,-1.000000,13.924000,29.050000
0.446,-0.311000,-0.938000,0.064000,39.611000,-0.435000,13.977000,28.950000
0.459,-0.338000,-0.947000,0.104000,33.794000,2.427000,13.931000,29.000000
0.472,-0.349000,-0.940000,0.129000,27.931000,5.412000,14.122000,28.910000
0.479,-0.375000,-0.897000,0.125000,18.191000,8.542000,12.130000,29.050000
0.491,-0.429000,-0.907000,0.101000,9.786000,1.580000,12.641000,29.050000
0.498,-0.468000,-0.902000,0.071000,1.427000,-3.763000,10.847000,29.090000
0.510,-0.438000,-0.948000,0.056000,-1.641000,-9.870000,10.366000,29.090000
0.517,-0.417000,-0.979000,0.023000,-3.435000,-18.542000,10.969000,28.950000
0.530,-0.378000,-1.037000,0.002000,-2.695000,-22.748000,9.664000,29.050000
0.537,-0.342000,-1.057000,-0.006000,-1.725000,-19.969000,7.901000,29.000000
0.549,-0.346000,-1.060000,-0.010000,1.847000,-12.817000,4.733000,29.000000
0.561,-0.342000,-1.034000,-0.012000,5.779000,-5.214000,1.809000,29.050000
0.568,-0.370000,-0.999000,0.002000,7.084000,-1.053000,-0.733000,28.950000
0.581,-0.419000,-0.967000,-0.004000,3.221000,-0.527000,-2.733000,28.950000
0.588,-0.438000,-1.021000,0.014000,4.031000,-7.824000,-2.122000,29.050000
0.600,-0.396000,-1.004000,0.022000,3.489000,-8.198000,-8.794000,29.090000
0.607,-0.374000,-1.034000,0.062000,5.786000,-2.550000,-14.305000,28.950000
0.619,-0.335000,-1.046000,0.083000,8.588000,-0.641000,-15.718000,29.050000
0.627,-0.321000,-1.020000,0.085000,10.534000,3.168000,-14.847000,29.090000
0.640,-0.365000,-1.021000,0.060000,8.824000,-3.779000,-8.260000,29.000000
0.651,-0.410000,-0.998000,0.028000,4.939000,-11.336000,-2.985000,28.950000
0.658,-0.443000,-1.039000,0.025000,2.977000,-23.382000,1.023000,28.950000
0.672,-0.407000,-1.025000,0.017000,-0.382000,-31.122000,-0.168000,29.090000
0.677,-0.366000,-1.012000,0.059000,-1.244000,-30.748000,-7.115000,28.910000
0.690,-0.286000,-0.987000,0.096000,-3.466000,-18.557000,-14.389000,29.000000
0.696,-0.265000,-1.013000,0.128000,-3.061000,-5.756000,-16.176000,29.050000
0.709,-0.271000,-1.077000,0.106000,-1.603000,0.160000,-12.214000,28.950000
0.722,-0.287000,-1.071000,0.070000,0.466000,9.092000,-8.710000,29.000000
0.729,-0.343000,-1.053000,0.006000,-2.351000,13.748000,-4.611000,29.090000
0.741,-0.396000,-1.037000,-0.026000,-6.626000,14.878000,-3.267000,29.050000
0.747,-0.444000,-1.045000,-0.077000,-11.641000,8.092000,-3.168000,29.050000
0.759,-0.453000,-1.103000,-0.104000,-12.282000,-7.855000,-2.130000,29.140000
0.766,-0.392000,-1.157000,-0.107000,-6.855000,-23.992000,-0.718000,29.090000
0.779,-0.348000,-1.190000,-0.079000,4.115000,-33.443000,1.084000,28.950000
0.791,-0.317000,-1.212000,-0.080000,18.145000,-40.969000,3.221000,29.050000
0.798,-0.246000,-1.157000,-0.065000,28.481000,-40.191000,4.809000,28.950000
0.810,-0.196000,-1.042000,0.004000,28.389000,-18.740000,2.840000,29.000000
0.817,-0.305000,-1.011000,0.017000,28.466000,-12.611000,3.656000,29.000000
0.831,-0.398000,-0.974000,0.079000,28.298000,-17.725000,2.000000,29.050000
0.837,-0.429000,-0.947000,0.141000,23.412000,-30.557000,2.702000,28.950000
0.849,-0.452000,-0.944000,0.150000,14.618000,-57.847000,7.893000,29.000000
0.861,-0.424000,-0.982000,0.167000,4.237000,-84.359000,13.809000,29.090000
0.868,-0.333000,-0.990000,0.154000,-7.046000,-102.992000,25.122000,29.140000
0.881,-0.183000,-1.065000,0.109000,-22.977000,-96.924000,24.748000,29.050000
0.888,0.108000,-1.028000,0.221000,-25.023000,-41.023000,9.031000,29.000000
0.900,0.001000,-1.107000,0.169000,-22.084000,0.351000,8.649000,29.000000
0.907,-0.094000,-1.144000,0.085000,-17.618000,24.710000,8.580000,28.950000
0.919,-0.253000,-1.130000,0.033000,-12.885000,33.351000,10.397000,29.050000
0.932,-0.362000,-1.121000,-0.044000,-8.786000,34.229000,7.321000,29.050000
0.939,-0.497000,-1.114000,-0.025000,-6.687000,12.069000,7.107000,29.090000
0.951,-0.500000,-1.118000,-0.055000,1.214000,-9.840000,6.450000,29.090000
0.958,-0.431000,-1.092000,-0.040000,3.305000,-23.840000,5.740000,29.050000
0.970,-0.376000,-1.108000,-0.022000,3.237000,-37.099000,5.542000,29.050000
0.977,-0.209000,-1.068000,0.042000,-5.191000,-16.244000,-0.145000,29.000000
0.990,-0.221000,-1.110000,0.042000,-2.359000,0.802000,-1.550000,29.090000
0.996,-0.218000,-1.113000,0.021000,3.351000,14.595000,-1.374000,28.950000
1.009,-0.245000,-1.048000,0.005000,5.290000,21.634000,1.863000,29.050000
1.015,-0.340000,-1.059000,-0.013000,2.168000,15.588000,7.947000,29.090000
1.029,-0.395000,-1.073000,-0.078000,2.298000,4.580000,10.542000,29.090000
1.041,-0.429000,-1.082000,-0.082000,3.802000,-10.176000,12.305000,28.950000
1.048,-0.433000,-1.076000,-0.087000,7.985000,-22.710000,11.374000,29.140000
1.060,-0.374000,-1.066000,-0.101000,14.290000,-28.092000,8.580000,29.000000
1.067,-0.281000,-1.007000,-0.058000,20.221000,-18.679000,4.321000,29.090000
1.079,-0.262000,-0.961000,0.009000,26.519000,-3.969000,0.313000,29.000000
1.086,-0.271000,-0.940000,0.061000,31.382000,3.847000,-2.595000,29.050000
1.099,-0.294000,-0.919000,0.093000,35.015000,10.122000,-6.756000,29.050000
1.111,-0.336000,-0.874000,0.108000,35.840000,16.756000,-11.634000,29.050000
1.118,-0.363000,-0.827000,0.139000,32.221000,16.473000,-15.015000,29.000000
1.132,-0.362000,-0.811000,0.136000,25.023000,4.550000,-13.679000,29.050000
1.137,-0.328000,-0.786000,0.169000,22.252000,-2.298000,-11.504000,29.050000
1.149,-0.294000,-0.815000,0.190000,18.786000,-5.840000,-6.435000,29.000000
1.156,-0.257000,-0.820000,0.199000,11.328000,-8.282000,-2.023000,29.000000
1.169,-0.287000,-0.844000,0.228000,3.557000,-7.237000,1.321000,29.140000
1.181,-0.326000,-0.846000,0.226000,-2.931000,-9.000000,2.328000,29.050000
1.189,-0.322000,-0.853000,0.225000,-7.344000,-7.420000,0.145000,29.050000
1.201,-0.284000,-0.877000,0.200000,-8.191000,-4.168000,-3.344000,29.090000
1.208,-0.236000,-0.897000,0.181000,-3.710000,1.542000,-6.000000,29.090000
1.222,-0.216000,-0.958000,0.171000,3.908000,6.458000,-5.779000,29.050000
1.228,-0.239000,-0.971000,0.155000,10.115000,6.954000,-3.046000,29.050000
1.240,-0.325000,-0.910000,0.139000,8.466000,-0.802000,0.641000,29.090000
1.247,-0.410000,-0.879000,0.126000,-0.023000,-17.763000,5.000000,29.090000
1.259,-0.381000,-0.856000,0.143000,-13.527000,-30.527000,7.802000,29.050000
1.265,-0.322000,-0.882000,0.146000,-19.191000,-36.534000,9.000000,29.140000
1.282,-0.235000,-0.906000,0.185000,-18.511000,-35.336000,10.733000,29.050000
1.291,-0.193000,-0.922000,0.197000,-15.496000,-31.641000,13.603000,29.000000
1.298,-0.228000,-0.930000,0.204000,-12.053000,-21.267000,12.702000,29.050000
1.309,-0.284000,-0.949000,0.171000,-8.496000,-12.672000,10.427000,29.050000
1.316,-0.343000,-0.960000,0.141000,-4.397000,-7.366000,6.107000,29.000000
1.329,-0.409000,-0.919000,0.113000,-5.580000,-7.840000,1.992000,29.090000
1.341,-0.399000,-0.905000,0.076000,-10.771000,-15.344000,-0.160000,29.000000
1.348,-0.382000,-0.935000,0.082000,-14.985000,-27.542000,2.557000,29.050000
1.360,-0.321000,-0.953000,0.098000,-16.908000,-36.939000,7.595000,29.050000
1.367,-0.290000,-0.969000,0.127000,-17.527000,-40.359000,11.992000,29.090000
1.379,-0.255000,-0.999000,0.202000,-13.252000,-35.580000,11.046000,29.000000
1.386,-0.291000,-0.987000,0.181000,-12.969000,-35.351000,14.626000,29.050000
1.398,-0.269000,-0.972000,0.173000,-12.534000,-29.046000,14.656000,29.050000
1.410,-0.264000,-0.959000,0.172000,-10.855000,-23.649000,13.176000,29.090000
1.417,-0.251000,-0.953000,0.130000,-7.977000,-15.771000,10.969000,29.090000
1.431,-0.291000,-0.961000,0.121000,-5.366000,-13.504000,11.618000,29.050000
1.438,-0.316000,-0.990000,0.085000,-3.107000,-10.473000,10.786000,28.950000
1.449,-0.336000,-0.989000,0.088000,1.573000,-11.046000,10.290000,29.050000
1.461,-0.355000,-1.019000,0.083000,5.069000,-11.672000,9.992000,29.000000
1.468,-0.323000,-0.996000,0.077000,6.031000,-10.450000,9.275000,28.910000
1.482,-0.297000,-1.000000,0.096000,6.924000,-7.321000,10.725000,29.050000
1.489,-0.295000,-0.987000,0.076000,9.870000,-2.557000,12.336000,28.950000
1.500,-0.326000,-0.960000,0.079000,12.160000,1.206000,14.794000,29.090000
1.507,-0.387000,-0.970000,0.069000,13.771000,-1.473000,17.534000,29.000000
1.520,-0.438000,-0.975000,0.076000,14.794000,-1.901000,17.305000,29.050000
1.527,-0.468000,-0.982000,0.073000,17.092000,-3.382000,18.374000,29.050000
1.540,-0.494000,-1.008000,0.067000,22.183000,-6.412000,20.069000,29.000000
1.551,-0.513000,-0.979000,0.044000,28.252000,-2.595000,19.641000,29.000000
1.558,-0.559000,-0.928000,0.034000,32.649000,-3.298000,18.389000,29.050000
1.572,-0.613000,-0.907000,0.036000,36.794000,-9.382000,15.824000,28.950000
1.578,-0.600000,-0.879000,0.035000,36.649000,-14.282000,8.466000,29.090000
1.590,-0.569000,-0.847000,0.074000,36.275000,-19.855000,0.702000,29.090000
1.597,-0.535000,-0.819000,0.102000,37.092000,-24.427000,-5.641000,29.090000
1.609,-0.479000,-0.791000,0.138000,37.649000,-30.504000,-8.008000,29.050000
1.622,-0.450000,-0.776000,0.155000,35.748000,-35.611000,-10.275000,29.140000
1.629,-0.412000,-0.771000,0.193000,33.244000,-36.672000,-12.573000,29.050000
1.640,-0.429000,-0.761000,0.222000,29.290000,-43.733000,-10.916000,29.090000
1.647,-0.418000,-0.752000,0.208000,22.969000,-51.214000,-12.725000,29.050000
1.659,-0.364000,-0.770000,0.207000,13.359000,-60.260000,-12.733000,29.050000
1.666,-0.326000,-0.749000,0.224000,5.954000,-66.962000,-13.443000,29.000000
1.679,-0.330000,-0.799000,0.227000,4.160000,-73.733000,-12.924000,29.000000
1.691,-0.262000,-0.806000,0.213000,2.359000,-79.519000,-10.649000,29.050000
1.698,-0.262000,-0.793000,0.229000,2.115000,-83.405000,-10.412000,29.140000
1.710,-0.236000,-0.794000,0.269000,0.496000,-83.565000,-11.748000,29.050000
1.717,-0.254000,-0.771000,0.314000,-4.137000,-95.046000,-8.092000,29.000000
1.729,-0.241000,-0.756000,0.300000,-8.504000,-92.878000,-13.191000,29.090000
1.742,-0.131000,-0.816000,0.274000,-5.802000,-86.939000,-18.290000,29.050000
1.748,-0.088000,-0.845000,0.215000,-7.260000,-81.718000,-18.840000,29.140000
1.760,-0.014000,-0.891000,0.242000,-3.420000,-73.527000,-18.763000,29.000000
1.767,-0.022000,-0.951000,0.229000,-2.603000,-74.198000,-10.962000,29.000000
1.779,-0.061000,-0.939000,0.198000,-3.611000,-73.733000,-8.489000,29.050000
1.785,-0.084000,-0.873000,0.189000,-2.191000,-69.382000,-10.702000,29.140000
1.798,-0.140000,-0.766000,0.220000,-3.748000,-56.053000,-19.405000,29.050000
1.811,-0.226000,-0.730000,0.211000,-9.229000,-61.466000,-34.664000,29.090000
1.817,-0.210000,-0.745000,0.266000,-8.206000,-65.489000,-48.328000,29.090000
1.829,-0.160000,-0.807000,0.244000,-10.527000,-64.038000,-57.840000,29.050000
1.837,-0.093000,-0.806000,0.238000,-8.985000,-60.321000,-67.588000,29.050000
1.848,-0.035000,-0.836000,0.243000,2.641000,-51.382000,-70.702000,29.090000
1.861,0.079000,-0.882000,0.248000,12.786000,-33.939000,-71.931000,29.000000
1.867,0.141000,-0.864000,0.240000,20.473000,-14.198000,-74.954000,29.050000
1.882,0.124000,-0.891000,0.296000,29.031000,-9.458000,-69.779000,29.050000
1.887,0.119000,-0.895000,0.270000,29.031000,-0.939000,-65.901000,29.090000
1.899,0.100000,-0.883000,0.276000,25.221000,6.634000,-64.748000,29.090000
1.906,0.041000,-0.896000,0.240000,22.122000,11.061000,-62.321000,29.090000
1.919,-0.004000,-0.878000,0.214000,18.359000,19.305000,-63.244000,29.050000
1.932,-0.051000,-0.836000,0.211000,13.527000,18.931000,-71.695000,29.050000
1.938,-0.028000,-0.850000,0.232000,10.244000,21.115000,-79.137000,29.090000
1.950,-0.006000,-0.888000,0.211000,12.649000,16.160000,-78.305000,29.000000
1.957,0.101000,-0.977000,0.199000,30.168000,13.511000,-69.580000,29.140000
1.969,0.235000,-1.086000,0.167000,48.267000,18.901000,-53.015000,28.950000
1.977,0.266000,-1.128000,0.149000,67.511000,39.313000,-35.550000,29.050000
1.989,0.293000,-1.032000,0.239000,84.863000,62.588000,-24.115000,29.000000
2.001,0.176000,-0.938000,0.264000,89.763000,67.954000,-13.496000,29.140000
2.008,0.025000,-0.839000,0.294000,83.809000,61.183000,-4.748000,29.140000
2.022,-0.063000,-0.733000,0.294000,78.908000,48.313000,-3.023000,29.050000
2.028,-0.162000,-0.734000,0.326000,70.656000,30.023000,-5.458000,29.090000
2.040,-0.111000,-0.707000,0.305000,60.099000,21.794000,-14.183000,29.090000
2.046,-0.063000,-0.696000,0.326000,51.427000,22.351000,-25.588000,29.050000
2.059,-0.068000,-0.798000,0.313000,52.267000,20.985000,-32.092000,29.140000
2.072,0.083000,-0.896000,0.275000,55.328000,22.443000,-33.122000,29.090000
2.079,0.175000,-0.940000,0.289000,61.435000,32.450000,-33.947000,29.190000
2.091,0.122000,-0.936000,0.243000,67.221000,39.588000,-23.962000,29.140000
2.097,0.147000,-0.877000,0.279000,70.763000,49.779000,-19.053000,29.050000
2.110,0.003000,-0.761000,0.328000,64.275000,51.641000,-9.969000,29.050000
2.117,-0.083000,-0.654000,0.384000,61.328000,36.527000,-6.305000,29.000000
2.129,-0.151000,-0.598000,0.456000,60.977000,18.122000,-4.305000,29.090000
2.137,-0.095000,-0.603000,0.545000,52.290000,7.244000,-2.153000,29.140000
2.149,-0.022000,-0.692000,0.569000,42.473000,-10.962000,2.511000,29.050000
2.161,0.021000,-0.751000,0.576000,27.992000,-22.305000,7.183000,29.050000
2.168,-0.016000,-0.828000,0.552000,17.183000,-21.672000,15.252000,29.090000
2.181,0.041000,-0.850000,0.514000,20.137000,-16.321000,22.824000,29.050000
2.188,0.036000,-0.819000,0.551000,21.863000,6.603000,24.344000,29.050000
2.200,0.010000,-0.779000,0.560000,19.885000,16.542000,26.504000,29.090000
2.207,0.034000,-0.751000,0.581000,20.458000,28.855000,24.466000,29.090000
2.219,-0.023000,-0.725000,0.564000,11.130000,38.183000,19.863000,29.050000
2.227,-0.098000,-0.740000,0.532000,3.656000,39.313000,13.901000,29.050000
2.239,-0.149000,-0.778000,0.498000,-1.756000,40.160000,6.695000,29.050000
2.251,-0.139000,-0.818000,0.435000,-4.664000,35.359000,-0.153000,29.000000
2.258,-0.094000,-0.881000,0.422000,-0.855000,23.977000,-2.855000,29.090000
2.272,0.015000,-0.866000,0.414000,1.695000,25.893000,-3.450000,29.050000
2.278,0.035000,-0.851000,0.429000,2.145000,33.321000,-0.305000,29.050000
2.291,0.018000,-0.872000,0.460000,7.580000,39.985000,4.977000,29.090000
2.297,-0.057000,-0.869000,0.482000,4.046000,41.191000,11.832000,29.000000
2.310,-0.142000,-0.823000,0.483000,-4.000000,36.153000,15.985000,29.050000
2.317,-0.193000,-0.808000,0.451000,-13.168000,26.939000,14.656000,29.050000
2.330,-0.204000,-0.851000,0.446000,-15.924000,8.855000,12.397000,29.050000
2.337,-0.150000,-0.831000,0.458000,-12.718000,4.038000,9.534000,29.000000
2.349,-0.071000,-0.869000,0.448000,-7.252000,8.573000,7.397000,29.000000
2.361,-0.075000,-0.838000,0.466000,-3.504000,15.122000,8.855000,29.140000
2.368,-0.125000,-0.841000,0.475000,-1.763000,21.847000,12.198000,29.050000
2.381,-0.208000,-0.821000,0.476000,-3.687000,24.817000,13.176000,29.090000
2.389,-0.295000,-0.797000,0.492000,-5.321000,15.962000,11.374000,29.090000
2.400,-0.312000,-0.762000,0.526000,-8.847000,4.603000,6.763000,29.050000
2.407,-0.244000,-0.763000,0.518000,-14.198000,-10.832000,1.863000,29.050000
2.419,-0.135000,-0.781000,0.529000,-17.733000,-17.733000,0.359000,29.090000
2.432,-0.042000,-0.819000,0.552000,-17.710000,-10.863000,1.985000,29.190000
2.440,0.033000,-0.840000,0.574000,-18.740000,4.947000,7.916000,29.090000
2.451,0.046000,-0.815000,0.548000,-23.137000,27.832000,13.321000,29.140000
2.458,-0.021000,-0.777000,0.547000,-30.618000,46.733000,16.069000,29.050000
2.470,-0.122000,-0.773000,0.509000,-32.924000,45.496000,20.611000,29.000000
2.477,-0.170000,-0.750000,0.489000,-32.489000,47.298000,16.130000,29.090000
2.489,-0.200000,-0.752000,0.484000,-36.282000,47.618000,10.344000,29.140000
2.496,-0.210000,-0.769000,0.445000,-34.725000,44.603000,3.557000,28.950000
2.508,-0.191000,-0.820000,0.412000,-29.588000,44.000000,-0.305000,29.050000
2.522,-0.186000,-0.860000,0.376000,-26.206000,44.687000,-2.000000,29.090000
2.528,-0.204000,-0.867000,0.360000,-25.496000,42.176000,-2.061000,29.090000
2.540,-0.200000,-0.834000,0.345000,-25.885000,44.832000,-5.840000,29.050000
2.547,-0.223000,-0.820000,0.377000,-24.626000,42.298000,-7.954000,29.050000
2.559,-0.171000,-0.777000,0.396000,-26.122000,36.824000,-7.221000,29.000000
2.572,-0.109000,-0.759000,0.416000,-29.023000,26.267000,-3.603000,29.090000
2.580,-0.033000,-0.721000,0.450000,-32.771000,26.176000,-1.450000,29.050000
2.591,-0.037000,-0.771000,0.442000,-40.481000,27.573000,3.779000,29.140000
2.597,-0.098000,-0.808000,0.409000,-45.725000,27.031000,6.794000,29.000000
2.610,-0.145000,-0.847000,0.373000,-41.550000,23.550000,9.275000,29.090000
2.617,-0.125000,-0.850000,0.351000,-39.221000,25.908000,9.282000,29.140000
2.629,-0.080000,-0.790000,0.387000,-36.908000,37.305000,4.634000,29.050000
2.636,-0.068000,-0.769000,0.401000,-34.649000,47.817000,0.359000,28.950000
2.648,-0.051000,-0.774000,0.403000,-36.511000,56.145000,-1.672000,29.090000
2.661,-0.084000,-0.805000,0.392000,-40.450000,59.008000,1.115000,29.000000
2.668,-0.163000,-0.805000,0.335000,-44.015000,51.664000,4.885000,29.050000
2.682,-0.229000,-0.797000,0.291000,-46.023000,41.802000,4.466000,29.140000
2.687,-0.235000,-0.812000,0.283000,-42.870000,27.542000,0.427000,29.050000
2.699,-0.168000,-0.806000,0.329000,-41.069000,19.511000,-3.275000,29.000000
2.706,-0.024000,-0.804000,0.389000,-33.489000,28.771000,-8.939000,29.050000
2.719,0.066000,-0.766000,0.403000,-29.840000,44.580000,-10.802000,29.050000
2.732,0.094000,-0.772000,0.402000,-27.710000,60.557000,-6.099000,28.950000
2.739,0.010000,-0.811000,0.372000,-29.634000,72.321000,0.748000,29.090000
2.750,-0.151000,-0.803000,0.303000,-32.511000,75.718000,5.618000,29.090000
2.757,-0.260000,-0.761000,0.234000,-31.557000,67.397000,7.641000,29.140000
2.770,-0.305000,-0.661000,0.225000,-34.420000,55.305000,3.336000,29.050000
2.777,-0.288000,-0.666000,0.257000,-38.344000,51.069000,-5.053000,29.090000
2.790,-0.194000,-0.701000,0.294000,-42.382000,45.076000,-14.168000,29.090000
2.801,-0.169000,-0.727000,0.310000,-45.336000,46.244000,-17.252000,29.140000
2.808,-0.168000,-0.814000,0.293000,-51.992000,39.809000,-17.885000,29.140000
2.822,-0.118000,-0.811000,0.288000,-59.214000,39.626000,-19.099000,29.140000
2.827,-0.089000,-0.868000,0.230000,-65.687000,41.718000,-15.954000,29.090000
2.840,-0.050000,-0.942000,0.168000,-67.344000,44.710000,-10.611000,29.090000
2.851,-0.016000,-1.016000,0.135000,-60.366000,48.046000,-1.458000,29.050000
2.858,-0.054000,-1.061000,0.083000,-51.466000,54.397000,7.779000,29.050000
2.872,-0.127000,-1.062000,0.081000,-37.634000,60.275000,12.092000,29.140000
2.877,-0.244000,-1.068000,0.080000,-24.779000,59.550000,11.809000,29.090000
2.890,-0.322000,-1.008000,0.057000,-21.473000,60.473000,5.740000,29.050000
2.896,-0.394000,-0.950000,0.038000,-23.137000,56.618000,-5.450000,29.140000
2.909,-0.335000,-0.905000,0.022000,-26.794000,47.718000,-17.046000,29.090000
2.922,-0.282000,-0.934000,0.019000,-26.870000,40.412000,-25.244000,29.190000
2.928,-0.137000,-0.927000,0.051000,-17.710000,39.733000,-27.763000,29.090000
2.940,-0.068000,-0.989000,0.133000,-7.000000,39.672000,-19.885000,29.140000
2.947,-0.070000,-1.002000,0.188000,-4.779000,42.618000,-9.015000,29.050000
2.959,-0.119000,-0.965000,0.173000,-8.832000,42.687000,-1.565000,29.090000
2.966,-0.171000,-0.934000,0.128000,-16.023000,39.359000,1.038000,29.090000
2.979,-0.166000,-0.831000,0.097000,-19.702000,39.802000,-3.924000,29.050000
2.991,-0.060000,-0.773000,0.121000,-23.634000,58.275000,-14.191000,29.050000
2.997,-0.061000,-0.817000,0.131000,-15.595000,65.328000,-18.710000,29.050000
3.010,-0.077000,-0.894000,0.134000,-11.786000,69.847000,-16.969000,29.000000
3.016,-0.119000,-0.985000,0.090000,-11.145000,73.176000,-11.290000,29.090000
3.029,-0.214000,-1.005000,-0.022000,-12.664000,70.527000,-5.626000,28.950000
3.041,-0.305000,-1.012000,-0.114000,-11.084000,59.931000,-2.458000,29.050000
3.048,-0.347000,-0.968000,-0.160000,-13.779000,45.328000,-2.298000,29.050000
3.060,-0.320000,-0.934000,-0.168000,-12.725000,26.779000,-4.969000,29.000000
3.067,-0.250000,-0.883000,-0.107000,-11.176000,17.878000,-7.374000,29.050000
3.079,-0.220000,-0.891000,-0.025000,-15.107000,14.489000,-3.550000,29.140000
3.091,-0.278000,-0.921000,0.014000,-19.221000,10.305000,1.168000,29.050000
3.098,-0.381000,-0.916000,0.000000,-23.489000,13.427000,0.710000,29.000000
3.110,-0.447000,-0.871000,-0.024000,-23.634000,18.618000,-7.740000,29.090000
3.117,-0.495000,-0.839000,-0.012000,-25.618000,11.626000,-19.489000,29.050000
3.130,-0.418000,-0.808000,-0.019000,-25.214000,3.916000,-30.580000,29.050000
3.136,-0.329000,-0.834000,0.006000,-26.916000,-9.420000,-36.389000,29.090000
3.148,-0.224000,-0.878000,0.064000,-27.786000,-18.084000,-34.893000,29.000000
3.160,-0.176000,-1.003000,0.098000,-26.702000,-21.656000,-28.504000,29.050000
3.167,-0.215000,-1.051000,0.082000,-28.794000,-22.275000,-22.771000,29.050000
3.179,-0.229000,-1.040000,0.056000,-30.702000,-19.427000,-21.893000,29.000000
3.191,-0.232000,-0.979000,0.062000,-31.084000,-14.458000,-25.473000,29.190000
3.198,-0.205000,-0.933000,0.049000,-32.649000,-13.122000,-30.656000,29.190000
3.210,-0.128000,-0.916000,0.074000,-33.824000,-9.695000,-35.573000,29.140000
3.217,-0.084000,-0.976000,0.122000,-32.664000,-9.458000,-34.977000,29.140000
3.229,-0.024000,-1.009000,0.125000,-31.832000,-2.008000,-32.802000,29.050000
3.241,-0.060000,-1.056000,0.127000,-30.893000,6.427000,-27.382000,29.000000
3.248,-0.083000,-1.066000,0.066000,-32.122000,10.061000,-23.878000,29.140000
3.260,-0.085000,-1.027000,0.043000,-34.794000,9.695000,-22.954000,29.050000
3.267,-0.067000,-1.005000,0.006000,-37.107000,9.061000,-23.901000,29.140000
3.280,-0.000000,-1.043000,-0.039000,-39.221000,2.405000,-22.160000,29.090000
3.286,0.108000,-1.048000,-0.039000,-39.198000,-0.809000,-15.916000,29.090000
3.299,0.142000,-1.097000,-0.008000,-35.214000,2.473000,-4.076000,29.050000
3.311,0.100000,-1.133000,-0.010000,-33.069000,8.244000,6.748000,29.050000
3.318,0.020000,-1.099000,-0.030000,-30.519000,14.962000,11.885000,29.090000
3.331,-0.022000,-1.052000,-0.055000,-34.153000,27.305000,9.542000,29.000000
3.338,-0.068000,-1.028000,-0.089000,-38.107000,33.214000,5.588000,29.050000
3.350,-0.108000,-1.004000,-0.126000,-38.626000,30.099000,4.908000,29.050000
3.356,-0.085000,-1.021000,-0.164000,-37.916000,27.672000,6.137000,29.090000
3.369,-0.074000,-1.053000,-0.169000,-31.885000,26.206000,8.206000,29.190000
3.381,-0.114000,-1.096000,-0.162000,-21.748000,24.092000,13.290000,29.090000
3.389,-0.141000,-1.137000,-0.184000,-12.107000,25.145000,14.511000,29.240000
3.400,-0.182000,-1.057000,-0.154000,-4.817000,24.962000,12.626000,29.050000
3.407,-0.230000,-0.981000,-0.162000,-4.237000,22.160000,5.863000,29.140000
3.419,-0.216000,-0.941000,-0.183000,-6.061000,17.153000,-3.145000,29.090000
3.432,-0.187000,-0.935000,-0.224000,-5.901000,14.565000,-9.214000,29.050000
3.438,-0.125000,-0.929000,-0.249000,-3.817000,9.229000,-11.634000,29.140000
3.450,-0.072000,-0.934000,-0.254000,-0.947000,5.031000,-8.939000,29.050000
3.457,-0.044000,-0.962000,-0.256000,1.656000,-1.931000,-2.374000,29.090000
3.470,-0.025000,-0.998000,-0.241000,7.305000,-9.710000,6.282000,29.090000
3.477,-0.062000,-1.017000,-0.212000,13.031000,-10.969000,11.763000,29.050000
3.490,-0.139000,-1.013000,-0.180000,17.008000,-10.542000,12.618000,29.140000
3.501,-0.188000,-1.024000,-0.173000,17.267000,-11.321000,8.321000,29.090000
3.508,-0.176000,-1.046000,-0.148000,18.176000,-12.840000,2.244000,29.090000
3.522,-0.154000,-1.071000,-0.118000,20.198000,-19.527000,3.000000,29.090000
3.528,-0.101000,-1.067000,-0.086000,20.511000,-20.405000,5.397000,29.050000
3.541,-0.054000,-1.011000,-0.039000,19.656000,-9.534000,5.511000,28.950000
3.547,-0.060000,-1.034000,-0.028000,16.679000,-2.962000,8.840000,29.090000
3.559,-0.067000,-1.052000,-0.021000,12.061000,-3.466000,13.779000,29.190000
3.572,-0.085000,-1.042000,-0.022000,8.763000,-4.626000,19.382000,29.050000
3.578,-0.095000,-1.039000,-0.040000,3.626000,-9.863000,24.382000,29.140000
3.591,-0.091000,-1.022000,-0.049000,3.985000,-18.382000,30.237000,29.140000
3.598,-0.069000,-0.991000,-0.044000,7.000000,-17.130000,33.595000,29.190000
3.610,-0.060000,-0.982000,-0.039000,11.962000,-16.924000,36.870000,29.000000
3.616,-0.086000,-0.966000,-0.002000,18.954000,-7.802000,37.405000,29.140000
3.629,-0.121000,-1.007000,-0.011000,23.351000,-0.092000,36.282000,28.950000
3.642,-0.192000,-0.980000,0.017000,27.221000,1.534000,35.924000,29.090000
3.648,-0.239000,-0.952000,0.027000,27.229000,7.107000,33.160000,29.090000
3.661,-0.294000,-0.940000,0.039000,24.481000,4.649000,30.542000,29.140000
3.668,-0.281000,-0.894000,0.047000,21.374000,1.527000,28.458000,29.050000
3.681,-0.257000,-0.882000,0.042000,15.893000,-1.122000,27.740000,29.050000
3.687,-0.247000,-0.896000,0.036000,15.282000,-6.405000,30.573000,29.000000
3.699,-0.267000,-0.899000,0.015000,15.489000,-4.298000,30.802000,29.000000
3.706,-0.274000,-0.955000,-0.010000,14.221000,0.107000,31.733000,29.050000
3.719,-0.409000,-0.968000,-0.039000,10.450000,-10.481000,34.267000,29.140000
3.731,-0.443000,-0.998000,-0.052000,10.893000,-12.656000,29.748000,29.090000
3.738,-0.405000,-1.062000,-0.052000,12.649000,-18.786000,22.038000,29.090000
3.750,-0.417000,-1.017000,-0.034000,11.061000,-26.656000,17.115000,29.050000
3.756,-0.381000,-1.044000,-0.035000,10.252000,-36.382000,12.664000,29.050000
3.769,-0.315000,-1.045000,-0.029000,11.893000,-40.519000,9.710000,29.050000
3.782,-0.226000,-1.062000,0.000000,13.290000,-36.550000,8.656000,29.190000
3.788,-0.164000,-1.105000,-0.009000,12.466000,-35.664000,11.275000,29.190000
3.800,-0.142000,-1.139000,-0.023000,11.336000,-34.740000,16.450000,29.140000
3.807,-0.190000,-1.145000,-0.041000,10.198000,-33.939000,21.878000,29.140000
3.819,-0.281000,-1.115000,-0.073000,1.046000,-38.450000,26.427000,29.190000
3.826,-0.395000,-1.069000,-0.113000,-8.863000,-57.214000,28.672000,29.090000
3.839,-0.387000,-1.067000,-0.128000,-18.107000,-74.672000,28.679000,29.140000
3.850,-0.270000,-1.167000,-0.130000,-22.183000,-82.641000,25.344000,29.140000
3.857,-0.112000,-1.228000,-0.122000,-13.786000,-76.702000,21.076000,29.140000
3.869,-0.006000,-1.256000,-0.077000,1.687000,-47.908000,13.626000,29.090000
3.876,-0.033000,-1.259000,-0.038000,20.160000,-13.908000,4.069000,29.090000
3.889,-0.129000,-1.250000,-0.031000,35.084000,16.519000,-7.382000,29.050000
3.901,-0.240000,-1.252000,-0.021000,47.008000,36.504000,-15.985000,29.050000
3.907,-0.347000,-1.242000,0.001000,57.191000,38.573000,-15.947000,29.090000
3.920,-0.400000,-1.132000,-0.021000,57.786000,20.916000,-7.168000,29.090000
3.928,-0.445000,-1.001000,-0.015000,40.489000,-6.031000,4.802000,29.140000
3.939,-0.388000,-0.992000,0.023000,26.603000,-32.122000,10.718000,29.050000
3.952,-0.280000,-1.031000,0.107000,15.137000,-40.290000,13.267000,29.140000
3.958,-0.181000,-1.091000,0.129000,11.183000,-34.313000,12.267000,29.090000
3.972,-0.162000,-1.097000,0.161000,8.763000,-20.756000,7.496000,29.090000
3.979,-0.234000,-1.113000,0.139000,8.038000,-13.214000,3.840000,29.050000
3.991,-0.280000,-1.094000,0.126000,11.893000,-6.824000,-3.679000,29.140000
3.997,-0.304000,-1.031000,0.147000,17.298000,0.634000,-15.397000,29.000000
4.009,-0.303000,-0.947000,0.198000,17.214000,6.641000,-23.000000,29.090000
4.016,-0.338000,-0.924000,0.196000,8.947000,0.076000,-16.809000,29.050000
4.029,-0.432000,-0.950000,0.131000,-5.870000,-27.519000,-3.954000,29.050000
4.041,-0.438000,-0.897000,0.070000,-30.130000,-64.855000,10.527000,29.090000
4.048,-0.367000,-0.963000,0.040000,-46.298000,-92.656000,19.908000,29.000000
4.060,-0.202000,-1.081000,0.038000,-48.847000,-103.779000,24.977000,29.140000
4.066,-0.043000,-1.190000,0.058000,-35.824000,-93.489000,27.695000,29.050000
4.079,0.031000,-1.181000,0.086000,-23.748000,-71.534000,27.649000,29.140000
4.092,0.028000,-1.123000,0.139000,-14.206000,-45.802000,25.641000,29.090000
4.098,-0.075000,-1.021000,0.137000,-13.779000,-25.916000,23.977000,29.090000
4.110,-0.239000,-0.923000,0.125000,-18.626000,-19.649000,24.237000,29.240000
4.117,-0.360000,-0.876000,0.090000,-29.038000,-25.824000,24.924000,29.140000
4.130,-0.378000,-0.877000,0.064000,-36.695000,-32.809000,23.908000,29.140000
4.142,-0.332000,-0.938000,0.045000,-39.252000,-33.985000,21.183000,29.190000
4.148,-0.283000,-1.021000,0.023000,-32.534000,-27.985000,18.000000,29.090000
4.160,-0.250000,-1.044000,-0.004000,-22.099000,-16.634000,15.267000,29.140000
4.167,-0.230000,-1.061000,0.003000,-11.351000,-6.237000,11.588000,29.050000
4.180,-0.266000,-1.015000,0.016000,-5.405000,4.214000,8.504000,29.090000
4.188,-0.266000,-0.938000,0.032000,-1.962000,13.198000,4.779000,29.190000
4.199,-0.318000,-0.873000,0.024000,-7.832000,20.084000,3.580000,29.240000
4.205,-0.381000,-0.877000,0.005000,-13.290000,14.389000,4.817000,29.050000
4.219,-0.384000,-0.901000,-0.022000,-17.809000,10.473000,5.038000,29.190000
4.231,-0.382000,-0.964000,-0.036000,-16.489000,6.168000,4.550000,29.090000
4.239,-0.348000,-1.004000,-0.067000,-12.351000,2.115000,2.969000,29.140000
4.250,-0.308000,-1.040000,-0.051000,-4.557000,0.725000,-0.267000,29.140000
4.257,-0.287000,-1.063000,-0.039000,6.672000,-0.366000,-3.298000,29.140000
4.269,-0.248000,-1.031000,-0.015000,15.344000,2.450000,-5.740000,29.090000
4.278,-0.233000,-0.994000,-0.027000,16.855000,3.160000,-4.863000,29.000000
4.290,-0.224000,-0.974000,-0.040000,15.504000,0.931000,-1.145000,29.140000
4.301,-0.197000,-0.965000,-0.064000,14.298000,3.107000,2.985000,29.140000
4.308,-0.202000,-0.993000,-0.078000,15.405000,6.550000,6.863000,29.240000
4.323,-0.244000,-0.997000,-0.083000,21.412000,10.954000,8.260000,29.190000
4.329,-0.279000,-0.957000,-0.069000,28.481000,14.305000,6.947000,29.090000
4.340,-0.314000,-0.937000,-0.059000,32.534000,17.443000,3.336000,29.140000
4.347,-0.345000,-0.919000,-0.026000,36.832000,19.466000,-2.496000,29.140000
4.359,-0.357000,-0.875000,-0.001000,36.908000,21.191000,-8.641000,29.090000
4.372,-0.380000,-0.853000,0.002000,33.901000,18.542000,-14.962000,29.090000
4.379,-0.402000,-0.852000,-0.003000,29.542000,11.580000,-20.153000,29.140000
4.391,-0.387000,-0.916000,0.013000,28.305000,4.702000,-21.519000,29.140000
4.398,-0.354000,-0.928000,0.036000,34.405000,2.458000,-20.061000,29.050000
4.411,-0.303000,-0.912000,0.069000,40.092000,6.687000,-18.885000,29.190000
4.417,-0.265000,-0.903000,0.088000,39.672000,9.603000,-16.672000,29.190000
4.429,-0.217000,-0.917000,0.097000,38.550000,13.466000,-15.985000,29.140000
4.441,-0.167000,-0.940000,0.085000,39.076000,19.634000,-16.435000,29.140000
4.448,-0.111000,-1.005000,0.085000,41.611000,24.832000,-16.542000,29.090000
4.461,-0.067000,-1.039000,0.075000,46.664000,30.168000,-15.771000,29.190000
4.467,-0.056000,-1.000000,0.080000,49.412000,33.191000,-12.137000,29.140000
4.480,-0.159000,-0.939000,0.052000,40.191000,17.534000,-0.298000,29.140000
4.488,-0.253000,-0.907000,0.018000,30.496000,-2.458000,8.832000,29.240000
4.499,-0.229000,-0.901000,0.034000,24.244000,-12.977000,12.397000,29.090000
4.511,-0.169000,-0.841000,0.100000,18.168000,-7.649000,11.725000,29.090000
4.518,-0.164000,-0.841000,0.111000,12.901000,-4.031000,11.664000,29.140000
4.531,-0.144000,-0.882000,0.112000,11.527000,2.198000,9.580000,29.140000
4.538,-0.127000,-0.907000,0.115000,13.435000,14.359000,6.588000,29.190000
4.550,-0.121000,-0.958000,0.105000,19.366000,29.565000,2.374000,29.000000
4.557,-0.054000,-0.966000,0.117000,28.626000,51.290000,-6.076000,29.140000
4.569,-0.065000,-0.817000,0.153000,23.374000,73.496000,-11.656000,29.140000
4.578,-0.246000,-0.802000,0.085000,11.267000,65.061000,-7.779000,29.140000
4.590,-0.334000,-0.801000,0.029000,-3.550000,41.061000,-2.733000,29.090000
4.601,-0.336000,-0.805000,0.032000,-15.229000,26.214000,1.275000,29.190000
4.608,-0.307000,-0.774000,0.006000,-32.038000,17.298000,2.878000,29.140000
4.622,-0.344000,-0.840000,0.089000,-18.206000,2.046000,5.191000,29.140000
4.629,-0.306000,-0.888000,0.073000,-17.664000,5.267000,7.939000,29.190000
4.641,-0.286000,-0.913000,0.146000,-12.847000,6.290000,11.641000,29.190000
4.647,-0.215000,-0.983000,0.146000,-2.366000,16.802000,13.496000,29.140000
4.659,-0.213000,-1.006000,0.177000,6.725000,25.038000,15.763000,29.140000
4.667,-0.227000,-0.957000,0.207000,14.672000,35.710000,17.305000,29.140000
4.679,-0.279000,-0.875000,0.217000,15.313000,47.130000,17.000000,29.190000
4.691,-0.403000,-0.863000,0.215000,13.542000,46.183000,16.397000,29.090000
4.698,-0.466000,-0.894000,0.216000,14.573000,34.595000,14.588000,29.140000
4.711,-0.462000,-0.902000,0.237000,11.420000,23.115000,13.107000,29.140000
4.718,-0.451000,-0.924000,0.239000,5.580000,13.725000,12.489000,29.190000
4.731,-0.404000,-0.944000,0.258000,5.305000,6.305000,12.802000,29.090000
4.739,-0.352000,-0.941000,0.267000,6.664000,5.053000,12.305000,29.140000
4.750,-0.314000,-0.948000,0.270000,6.137000,6.962000,12.351000,29.140000
4.757,-0.252000,-0.910000,0.257000,3.244000,18.076000,6.649000,29.090000
4.770,-0.297000,-0.906000,0.258000,0.153000,23.290000,4.786000,29.190000
4.777,-0.357000,-0.989000,0.226000,-2.603000,16.573000,5.489000,29.090000
4.790,-0.376000,-1.088000,0.200000,0.260000,5.000000,6.244000,29.140000
4.796,-0.413000,-1.168000,0.175000,-2.267000,-2.962000,3.282000,29.240000
4.808,-0.440000,-1.210000,0.188000,1.802000,-7.458000,-0.916000,29.000000
4.822,-0.421000,-1.217000,0.153000,7.015000,-9.260000,-6.649000,29.190000
4.829,-0.416000,-1.204000,0.200000,12.061000,-10.634000,-10.656000,29.140000
4.840,-0.341000,-1.133000,0.207000,11.191000,-6.992000,-15.565000,29.240000
4.848,-0.335000,-1.074000,0.220000,8.710000,-4.725000,-16.878000,29.240000
4.859,-0.314000,-1.035000,0.197000,5.817000,-5.260000,-15.321000,29.090000
4.866,-0.296000,-1.025000,0.177000,3.267000,-7.511000,-11.985000,29.190000
4.879,-0.279000,-1.006000,0.163000,1.466000,-10.260000,-10.038000,29.240000
4.891,-0.267000,-0.949000,0.156000,-2.267000,-11.275000,-11.702000,29.140000
4.898,-0.288000,-0.913000,0.147000,-5.092000,-13.954000,-11.069000,29.190000
4.910,-0.276000,-0.905000,0.138000,-5.748000,-18.008000,-8.817000,29.190000
4.917,-0.238000,-0.909000,0.126000,-5.489000,-21.588000,-4.290000,29.140000
4.929,-0.198000,-0.910000,0.112000,-4.954000,-22.664000,2.962000,29.140000
4.936,-0.133000,-0.866000,0.131000,-4.611000,-8.397000,2.542000,29.190000
4.949,-0.148000,-0.864000,0.127000,-4.733000,6.962000,5.656000,29.190000
4.961,-0.189000,-0.861000,0.114000,-4.702000,15.443000,10.534000,29.190000
4.968,-0.228000,-0.875000,0.104000,-3.618000,19.939000,13.718000,29.240000
4.981,-0.268000,-0.894000,0.101000,-1.748000,21.931000,15.099000,29.240000
4.988,-0.286000,-0.921000,0.101000,2.206000,22.031000,14.893000,29.090000
5.000,-0.281000,-0.946000,0.090000,7.214000,22.107000,13.924000,29.190000
5.007,-0.282000,-0.950000,0.100000,10.947000,23.130000,12.779000,29.240000
5.019,-0.314000,-0.972000,0.081000,15.519000,22.565000,13.061000,29.240000
5.028,-0.345000,-0.971000,0.074000,17.878000,18.412000,13.878000,29.140000
5.039,-0.371000,-0.978000,0.055000,17.427000,9.092000,14.038000,29.280000
5.051,-0.397000,-0.948000,0.092000,13.557000,-0.015000,12.634000,29.190000
5.058,-0.410000,-0.935000,0.097000,11.176000,-6.069000,8.939000,29.240000
5.072,-0.383000,-0.946000,0.101000,8.718000,-9.344000,4.351000,29.240000
5.079,-0.341000,-0.941000,0.123000,8.275000,-9.649000,0.595000,29.190000
5.091,-0.301000,-0.974000,0.138000,8.687000,-8.328000,-2.321000,29.090000
5.098,-0.290000,-0.964000,0.165000,10.198000,-3.237000,-5.756000,29.240000
5.109,-0.271000,-0.947000,0.168000,11.702000,5.527000,-9.695000,29.240000
5.116,-0.270000,-0.936000,0.171000,11.260000,10.298000,-11.137000,29.190000
5.129,-0.264000,-0.916000,0.178000,10.496000,13.702000,-13.008000,29.090000
5.141,-0.245000,-0.898000,0.178000,6.618000,19.069000,-14.924000,29.190000
5.148,-0.275000,-0.901000,0.187000,2.947000,20.718000,-13.771000,29.140000
5.161,-0.304000,-0.911000,0.169000,1.008000,14.847000,-9.481000,29.240000
5.167,-0.296000,-0.914000,0.175000,0.122000,11.481000,-6.137000,29.190000
5.180,-0.285000,-0.946000,0.167000,0.420000,7.221000,-2.595000,29.190000
5.188,-0.286000,-0.983000,0.156000,2.855000,-2.450000,3.748000,29.140000
5.200,-0.268000,-0.958000,0.145000,5.191000,-3.679000,5.748000,29.140000
5.207,-0.281000,-0.947000,0.137000,6.588000,0.580000,5.947000,29.140000
5.219,-0.293000,-0.956000,0.130000,7.939000,4.718000,4.550000,29.190000
5.228,-0.316000,-0.950000,0.128000,9.008000,5.618000,3.275000,29.190000
5.240,-0.358000,-0.917000,0.133000,8.489000,3.038000,1.603000,29.140000
5.247,-0.378000,-0.899000,0.146000,5.366000,-2.519000,-0.466000,29.240000
5.259,-0.381000,-0.878000,0.167000,0.427000,-9.206000,-3.099000,29.090000
5.272,-0.366000,-0.894000,0.187000,-3.328000,-17.504000,-6.160000,29.090000
5.278,-0.321000,-0.899000,0.205000,-6.748000,-23.420000,-8.733000,29.140000
5.291,-0.284000,-0.917000,0.247000,-8.847000,-23.053000,-11.527000,29.240000
5.297,-0.231000,-0.919000,0.264000,-11.382000,-21.214000,-12.550000,29.140000
5.309,-0.206000,-0.902000,0.273000,-15.740000,-14.397000,-12.641000,29.280000
5.322,-0.221000,-0.922000,0.266000,-18.626000,-11.412000,-11.084000,29.190000
5.329,-0.195000,-0.924000,0.240000,-21.176000,-7.198000,-9.603000,29.240000
5.341,-0.211000,-0.948000,0.234000,-22.321000,-3.603000,-7.321000,29.240000
5.348,-0.233000,-0.975000,0.198000,-21.458000,-2.565000,-5.901000,29.190000
5.359,-0.239000,-0.986000,0.178000,-18.985000,-2.313000,-4.779000,29.190000
5.366,-0.250000,-1.020000,0.150000,-14.328000,-7.580000,-2.504000,29.190000
5.379,-0.245000,-1.004000,0.127000,-12.840000,-12.206000,1.992000,29.240000
5.391,-0.254000,-1.018000,0.103000,-8.550000,-15.443000,5.687000,29.140000
5.398,-0.201000,-1.002000,0.078000,-6.527000,-11.641000,5.573000,29.140000
5.411,-0.200000,-0.958000,0.099000,-7.008000,-3.145000,5.695000,29.190000
5.417,-0.240000,-0.960000,0.085000,-5.359000,-1.031000,6.969000,29.140000
5.430,-0.255000,-0.966000,0.074000,-3.450000,0.198000,8.580000,29.140000
5.438,-0.282000,-0.950000,0.084000,-1.427000,1.534000,8.870000,29.090000
5.450,-0.314000,-0.958000,0.076000,-0.122000,-2.244000,9.527000,29.090000
5.457,-0.326000,-0.949000,0.073000,1.252000,-6.664000,8.534000,29.090000
5.469,-0.322000,-0.926000,0.084000,2.916000,-5.298000,5.008000,29.140000
5.478,-0.312000,-0.934000,0.079000,4.511000,-5.244000,1.809000,29.140000
5.489,-0.292000,-0.945000,0.099000,7.115000,-4.878000,-0.916000,29.280000
5.501,-0.261000,-0.949000,0.113000,9.031000,-3.366000,-3.481000,29.190000
5.508,-0.248000,-0.922000,0.146000,8.107000,1.107000,-4.626000,29.140000
5.522,-0.270000,-0.917000,0.145000,7.771000,2.893000,-3.908000,29.140000
5.529,-0.269000,-0.911000,0.150000,6.496000,3.366000,-3.611000,29.140000
5.541,-0.286000,-0.937000,0.167000,6.038000,1.511000,-2.954000,29.190000
5.548,-0.273000,-0.958000,0.174000,6.649000,-1.962000,-2.282000,29.190000
5.560,-0.259000,-0.954000,0.165000,6.962000,-1.740000,-2.176000,29.240000
5.567,-0.269000,-0.946000,0.178000,7.366000,-1.023000,-2.168000,29.240000
5.580,-0.261000,-0.933000,0.181000,5.260000,-0.015000,-3.214000,29.240000
5.588,-0.251000,-0.915000,0.185000,0.496000,2.931000,-4.931000,29.090000
5.599,-0.267000,-0.934000,0.172000,-2.634000,2.076000,-5.076000,29.240000
5.606,-0.258000,-0.970000,0.164000,-4.008000,-1.298000,-4.489000,29.140000
5.619,-0.248000,-0.973000,0.145000,-4.084000,-4.718000,-3.748000,29.140000
5.631,-0.229000,-0.994000,0.153000,-2.931000,-6.153000,-2.511000,29.190000
5.638,-0.212000,-1.005000,0.143000,-0.191000,-5.649000,-0.947000,29.190000
5.650,-0.201000,-0.982000,0.144000,2.405000,-2.336000,0.695000,29.140000
5.658,-0.217000,-0.962000,0.159000,3.580000,0.603000,3.198000,29.140000
5.670,-0.247000,-0.966000,0.164000,4.710000,-0.336000,5.885000,29.280000
5.678,-0.258000,-0.948000,0.164000,4.863000,-0.878000,5.656000,29.090000
5.690,-0.267000,-0.926000,0.161000,3.084000,-2.878000,5.603000,29.090000
5.697,-0.282000,-0.928000,0.180000,2.145000,-4.405000,5.183000,29.140000
5.709,-0.264000,-0.930000,0.174000,1.740000,-2.565000,2.718000,29.140000
5.716,-0.253000,-0.924000,0.185000,-0.053000,-0.794000,1.145000,29.190000
5.729,-0.255000,-0.928000,0.188000,-0.817000,1.466000,0.802000,29.190000
5.737,-0.248000,-0.941000,0.174000,-0.550000,2.733000,1.649000,29.240000
5.749,-0.263000,-0.954000,0.152000,-0.305000,2.420000,2.641000,29.240000
5.761,-0.284000,-0.962000,0.140000,0.611000,-1.076000,4.733000,29.330000
5.768,-0.296000,-0.950000,0.122000,0.550000,-4.664000,5.344000,29.190000
5.781,-0.280000,-0.941000,0.118000,-0.450000,-4.916000,3.206000,29.190000
5.788,-0.275000,-0.941000,0.135000,-0.840000,-2.450000,-0.122000,29.240000
5.800,-0.261000,-0.931000,0.129000,-1.313000,-3.221000,-1.779000,29.240000
5.807,-0.249000,-0.944000,0.131000,-0.137000,-2.802000,-2.191000,29.280000
5.822,-0.237000,-0.953000,0.124000,1.489000,-1.351000,-1.649000,29.190000
5.828,-0.226000,-0.953000,0.119000,2.947000,0.023000,-0.573000,29.050000
5.840,-0.232000,-0.960000,0.112000,4.107000,0.000000,1.527000,29.140000
5.847,-0.249000,-0.965000,0.093000,5.779000,-1.962000,3.519000,29.280000
5.859,-0.267000,-0.964000,0.101000,8.282000,-3.962000,4.359000,29.090000
5.872,-0.277000,-0.964000,0.113000,10.611000,-6.397000,4.611000,29.190000
5.879,-0.237000,-0.931000,0.127000,10.084000,-3.275000,2.328000,29.240000
5.891,-0.247000,-0.938000,0.151000,10.313000,-0.954000,1.725000,29.240000
5.898,-0.248000,-0.941000,0.157000,11.099000,1.397000,2.092000,29.190000
5.910,-0.239000,-0.934000,0.171000,9.962000,6.069000,1.405000,29.190000
5.918,-0.267000,-0.928000,0.167000,8.313000,6.542000,1.901000,29.140000
5.931,-0.275000,-0.933000,0.159000,7.634000,7.107000,0.985000,29.240000
5.938,-0.276000,-0.948000,0.166000,7.756000,8.076000,-0.313000,29.240000
5.950,-0.292000,-0.972000,0.176000,9.893000,3.076000,0.321000,29.280000
5.957,-0.282000,-0.941000,0.171000,10.412000,-1.969000,1.214000,29.190000
5.970,-0.263000,-0.939000,0.189000,10.733000,-1.008000,0.733000,29.240000
5.978,-0.265000,-0.932000,0.198000,10.641000,0.183000,0.290000,29.140000
5.990,-0.250000,-0.929000,0.202000,9.511000,-0.382000,0.214000,29.190000
5.997,-0.255000,-0.922000,0.205000,7.641000,2.809000,-0.962000,29.280000
6.009,-0.263000,-0.942000,0.194000,6.740000,5.168000,-2.176000,29.140000
6.016,-0.257000,-0.948000,0.195000,6.878000,5.939000,-3.168000,29.140000
6.029,-0.253000,-0.941000,0.202000,6.656000,7.160000,-4.359000,29.190000
6.042,-0.249000,-0.944000,0.194000,6.321000,4.420000,-3.069000,29.090000
6.048,-0.246000,-0.940000,0.191000,6.298000,-0.489000,-0.412000,29.190000
6.061,-0.235000,-0.935000,0.186000,5.496000,-0.679000,1.183000,29.330000
6.068,-0.249000,-0.937000,0.178000,4.855000,-1.122000,2.969000,29.240000
6.082,-0.261000,-0.953000,0.177000,5.214000,-3.565000,4.061000,29.190000
6.088,-0.248000,-0.948000,0.172000,5.557000,-2.412000,2.908000,29.190000
6.100,-0.240000,-0.947000,0.200000,6.015000,2.313000,0.908000,29.240000
6.107,-0.246000,-0.942000,0.198000,5.954000,6.000000,-0.023000,29.240000
6.120,-0.254000,-0.941000,0.208000,5.740000,7.763000,-0.282000,29.240000
6.128,-0.260000,-0.921000,0.204000,5.053000,7.573000,0.504000,29.190000
6.141,-0.265000,-0.921000,0.205000,2.855000,6.687000,1.305000,29.280000
6.147,-0.272000,-0.932000,0.176000,1.382000,4.527000,2.519000,29.140000
6.159,-0.281000,-0.940000,0.162000,1.389000,0.405000,3.702000,29.240000
6.167,-0.271000,-0.944000,0.163000,2.382000,-1.893000,3.176000,29.190000
6.180,-0.267000,-0.952000,0.165000,4.344000,-0.725000,1.947000,29.280000
6.187,-0.254000,-0.955000,0.167000,6.580000,2.328000,-0.023000,29.240000
6.199,-0.240000,-0.947000,0.189000,8.863000,5.725000,-1.344000,29.240000
6.211,-0.259000,-0.925000,0.205000,8.939000,7.000000,-0.924000,29.190000
6.219,-0.273000,-0.908000,0.206000,7.473000,8.466000,-0.405000,29.280000
6.231,-0.275000,-0.895000,0.194000,5.237000,9.687000,-0.656000,29.240000
6.239,-0.277000,-0.904000,0.196000,2.977000,9.977000,-0.420000,29.140000
6.251,-0.277000,-0.927000,0.172000,2.748000,6.710000,0.076000,29.240000
6.270,-0.284000,-0.956000,0.153000,4.298000,2.565000,0.298000,29.190000
6.270,-0.270000,-0.961000,0.139000,6.550000,1.534000,-0.473000,29.090000
