time_sec,ax,ay,az,gx,gy,gz,temp_c
0.012,-0.300000,-0.771000,0.233000,-72.595000,-19.802000,10.427000,28.290000
0.018,-0.292000,-0.788000,0.225000,-68.344000,-21.901000,5.817000,28.290000
0.030,-0.263000,-0.776000,0.225000,-63.221000,-17.542000,2.771000,28.440000
0.037,-0.244000,-0.782000,0.212000,-59.244000,-14.023000,3.153000,28.250000
0.049,-0.217000,-0.775000,0.210000,-54.992000,-7.084000,4.939000,28.390000
0.056,-0.237000,-0.769000,0.198000,-51.748000,-1.855000,8.008000,28.290000
0.068,-0.275000,-0.784000,0.152000,-49.084000,-3.015000,11.702000,28.390000
0.081,-0.318000,-0.811000,0.124000,-45.420000,-6.931000,11.947000,28.290000
0.088,-0.319000,-0.820000,0.120000,-42.496000,-7.420000,7.252000,28.340000
0.100,-0.287000,-0.847000,0.148000,-38.710000,-5.580000,0.595000,28.390000
0.106,-0.250000,-0.839000,0.171000,-36.351000,-3.267000,-2.641000,28.390000
0.119,-0.216000,-0.857000,0.157000,-34.885000,-2.237000,-0.069000,28.340000
0.125,-0.185000,-0.866000,0.149000,-33.435000,-4.511000,7.748000,28.340000
0.138,-0.201000,-0.912000,0.126000,-28.588000,-3.504000,15.924000,28.440000
0.150,-0.211000,-0.918000,0.122000,-23.977000,2.496000,21.519000,28.390000
0.157,-0.241000,-0.909000,0.117000,-19.687000,6.489000,23.130000,28.390000
0.169,-0.266000,-0.891000,0.102000,-17.260000,8.992000,21.397000,28.340000
0.176,-0.284000,-0.938000,0.102000,-14.542000,8.519000,18.595000,28.440000
0.188,-0.258000,-1.003000,0.105000,-6.626000,17.679000,16.389000,28.340000
0.201,-0.200000,-1.036000,0.116000,2.710000,24.244000,18.992000,28.290000
0.207,-0.167000,-1.032000,0.125000,12.763000,33.634000,24.725000,28.390000
0.220,-0.185000,-1.011000,0.129000,19.290000,40.771000,31.763000,28.340000
0.227,-0.285000,-0.956000,0.103000,21.733000,40.023000,36.328000,28.440000
0.239,-0.384000,-0.886000,0.100000,18.817000,37.527000,33.817000,28.390000
0.247,-0.455000,-0.840000,0.113000,14.565000,31.855000,25.733000,28.480000
0.258,-0.490000,-0.833000,0.131000,10.229000,20.771000,14.855000,28.290000
0.271,-0.466000,-0.831000,0.168000,5.038000,14.000000,1.168000,28.390000
0.280,-0.408000,-0.843000,0.198000,-0.870000,5.496000,-8.634000,28.340000
0.290,-0.355000,-0.874000,0.206000,-5.809000,-6.046000,-12.260000,28.290000
0.297,-0.309000,-0.900000,0.220000,-10.336000,-10.718000,-13.168000,28.390000
0.308,-0.260000,-0.943000,0.213000,-12.382000,-12.534000,-10.664000,28.480000
0.320,-0.196000,-0.987000,0.208000,-11.145000,-9.038000,-7.511000,28.340000
0.330,-0.163000,-1.005000,0.210000,-7.733000,-0.908000,-5.664000,28.340000
0.340,-0.181000,-1.014000,0.192000,-5.733000,9.053000,-2.634000,28.290000
0.348,-0.217000,-1.009000,0.203000,-1.794000,10.420000,2.336000,28.390000
0.359,-0.250000,-0.994000,0.205000,-1.992000,12.931000,4.679000,28.440000
0.366,-0.299000,-1.003000,0.196000,0.191000,7.336000,7.710000,28.340000
0.379,-0.305000,-1.009000,0.169000,0.573000,2.947000,7.351000,28.340000
0.387,-0.317000,-1.016000,0.176000,2.656000,-7.931000,6.626000,28.390000
0.398,-0.252000,-1.015000,0.207000,2.053000,-6.924000,1.137000,28.290000
0.410,-0.236000,-1.024000,0.224000,3.458000,-6.290000,-1.786000,28.340000
0.417,-0.195000,-1.003000,0.265000,2.664000,-0.374000,-4.527000,28.250000
0.431,-0.183000,-0.996000,0.283000,2.977000,1.649000,-2.290000,28.390000
0.438,-0.173000,-0.979000,0.299000,-0.809000,6.550000,1.992000,28.390000
0.449,-0.205000,-0.993000,0.279000,-4.137000,6.664000,8.870000,28.480000
0.456,-0.245000,-1.015000,0.248000,-6.084000,1.649000,13.122000,28.440000
0.469,-0.322000,-1.017000,0.213000,-9.298000,-6.908000,14.473000,28.340000
0.476,-0.374000,-1.041000,0.172000,-12.786000,-22.252000,14.290000,28.390000
0.488,-0.303000,-1.032000,0.177000,-12.863000,-28.763000,3.947000,28.290000
0.500,-0.278000,-1.021000,0.203000,-12.977000,-32.519000,-4.840000,28.440000
0.506,-0.204000,-0.991000,0.241000,-14.221000,-26.397000,-16.046000,28.340000
0.519,-0.229000,-0.976000,0.260000,-19.015000,-16.977000,-20.221000,28.340000
0.531,-0.248000,-0.960000,0.234000,-26.550000,-19.824000,-19.641000,28.390000
0.537,-0.257000,-0.999000,0.224000,-33.977000,-15.679000,-21.794000,28.390000
0.549,-0.260000,-1.062000,0.210000,-35.656000,-16.115000,-20.977000,28.440000
0.555,-0.248000,-1.093000,0.217000,-37.450000,-12.847000,-22.557000,28.340000
0.568,-0.229000,-1.115000,0.201000,-34.229000,-11.779000,-20.855000,28.340000
0.580,-0.214000,-1.098000,0.176000,-27.252000,-15.595000,-16.519000,28.390000
0.587,-0.208000,-1.074000,0.128000,-22.160000,-18.580000,-11.015000,28.390000
0.598,-0.191000,-1.075000,0.128000,-24.527000,-14.992000,-7.450000,28.250000
0.604,-0.107000,-1.049000,0.134000,-31.573000,3.008000,-12.511000,28.340000
0.617,-0.150000,-1.104000,0.111000,-32.008000,10.840000,-12.389000,28.390000
0.630,-0.182000,-1.122000,0.133000,-28.435000,7.183000,-9.153000,28.390000
0.637,-0.202000,-1.082000,0.122000,-23.099000,1.031000,-6.847000,28.290000
0.649,-0.256000,-1.030000,0.109000,-27.031000,-5.008000,-4.947000,28.340000
0.655,-0.286000,-1.011000,0.076000,-29.160000,-13.473000,-2.542000,28.340000
0.667,-0.316000,-1.050000,0.053000,-32.351000,-21.473000,-0.489000,28.390000
0.680,-0.297000,-1.113000,0.022000,-31.130000,-30.031000,4.237000,28.390000
0.687,-0.203000,-1.132000,0.076000,-26.763000,-19.939000,-5.336000,28.340000
0.698,-0.174000,-1.137000,0.058000,-21.962000,-0.290000,-14.771000,28.440000
0.705,-0.144000,-1.111000,0.074000,-14.786000,4.924000,-15.863000,28.340000
0.717,-0.100000,-1.070000,0.097000,-11.099000,19.466000,-14.252000,28.390000
0.730,-0.103000,-1.033000,0.097000,-3.931000,25.954000,-6.756000,28.480000
0.738,-0.165000,-1.048000,0.078000,-3.450000,22.046000,2.221000,28.530000
0.749,-0.263000,-1.029000,0.014000,-5.435000,6.771000,9.405000,28.340000
0.756,-0.365000,-1.067000,-0.049000,-3.153000,-19.786000,15.756000,28.440000
0.768,-0.308000,-1.009000,-0.005000,-2.916000,-32.328000,11.916000,28.480000
0.781,-0.236000,-0.944000,0.071000,-3.679000,-19.466000,-2.473000,28.390000
0.787,-0.185000,-0.894000,0.135000,-6.191000,-10.107000,-9.710000,28.440000
0.799,-0.166000,-0.908000,0.147000,-4.588000,-6.389000,-9.573000,28.440000
0.806,-0.109000,-0.940000,0.156000,-7.687000,2.229000,-10.695000,28.440000
0.818,-0.082000,-1.029000,0.159000,-8.702000,11.893000,-9.695000,28.480000
0.824,-0.074000,-1.111000,0.121000,-4.336000,18.992000,-6.412000,28.480000
0.839,-0.145000,-1.178000,0.106000,12.336000,18.420000,0.672000,28.390000
0.850,-0.278000,-1.075000,0.099000,16.618000,15.351000,7.191000,28.440000
0.857,-0.349000,-0.976000,0.108000,18.779000,3.779000,11.015000,28.390000
0.869,-0.360000,-0.910000,0.138000,9.763000,-9.985000,9.290000,28.390000
0.876,-0.270000,-0.870000,0.196000,-6.176000,-11.382000,0.427000,28.290000
0.889,-0.220000,-0.934000,0.226000,-18.153000,-9.908000,-6.481000,28.440000
0.894,-0.056000,-0.988000,0.248000,-23.351000,-4.954000,-7.679000,28.440000
0.908,0.046000,-1.039000,0.232000,-20.550000,8.634000,-1.748000,28.390000
0.920,0.075000,-1.046000,0.214000,-16.076000,31.282000,9.832000,28.480000
0.929,-0.081000,-1.027000,0.113000,-11.947000,37.985000,24.359000,28.390000
0.939,-0.290000,-0.966000,0.026000,-10.580000,29.412000,28.847000,28.340000
0.946,-0.418000,-0.963000,-0.020000,-17.595000,12.366000,24.221000,28.340000
0.957,-0.413000,-0.973000,-0.018000,-23.450000,-4.702000,16.053000,28.390000
0.970,-0.311000,-0.941000,0.038000,-32.046000,0.580000,1.695000,28.480000
0.979,-0.246000,-0.970000,0.052000,-32.153000,0.573000,-0.290000,28.340000
0.990,-0.164000,-0.990000,0.052000,-27.786000,5.847000,0.939000,28.530000
0.997,-0.128000,-0.998000,0.048000,-23.275000,17.137000,2.038000,28.340000
1.008,-0.163000,-1.021000,0.002000,-15.183000,21.397000,0.878000,28.390000
1.015,-0.192000,-1.064000,-0.031000,-8.374000,20.168000,-3.084000,28.390000
1.029,-0.220000,-1.068000,-0.047000,-1.695000,11.908000,-5.656000,28.480000
1.040,-0.205000,-1.083000,-0.057000,6.412000,1.244000,-4.985000,28.340000
1.048,-0.101000,-1.052000,0.000000,10.374000,5.321000,-6.679000,28.390000
1.059,-0.070000,-1.006000,0.005000,13.641000,13.435000,-6.626000,28.390000
1.066,-0.073000,-0.973000,0.041000,14.313000,23.321000,-4.412000,28.480000
1.079,-0.124000,-0.968000,0.009000,13.313000,28.977000,-1.160000,28.440000
1.090,-0.190000,-0.969000,-0.014000,12.771000,26.901000,3.336000,28.440000
1.098,-0.230000,-0.975000,-0.022000,13.763000,22.145000,6.336000,28.390000
1.110,-0.261000,-0.981000,-0.029000,16.458000,9.771000,8.374000,28.390000
1.116,-0.257000,-0.941000,-0.023000,16.069000,1.695000,8.916000,28.440000
1.130,-0.264000,-0.925000,-0.029000,14.969000,-5.321000,9.641000,28.530000
1.137,-0.244000,-0.907000,-0.009000,13.366000,-11.344000,10.137000,28.340000
1.148,-0.245000,-0.909000,0.010000,13.038000,-10.489000,9.901000,28.390000
1.160,-0.258000,-0.938000,0.016000,16.321000,-11.458000,10.237000,28.480000
1.167,-0.227000,-0.944000,0.021000,20.809000,-9.069000,10.290000,28.440000
1.179,-0.227000,-0.942000,0.038000,27.649000,-5.527000,10.511000,28.440000
1.186,-0.232000,-0.913000,0.060000,32.802000,-6.061000,11.450000,28.440000
1.198,-0.309000,-0.877000,0.051000,31.382000,-8.191000,10.069000,28.480000
1.205,-0.332000,-0.875000,0.051000,26.626000,-14.832000,6.924000,28.390000
1.218,-0.355000,-0.870000,0.078000,20.252000,-18.725000,0.779000,28.390000
1.230,-0.348000,-0.885000,0.114000,16.954000,-23.695000,-1.740000,28.440000
1.239,-0.302000,-0.896000,0.157000,16.405000,-24.107000,-3.137000,28.390000
1.250,-0.270000,-0.900000,0.188000,16.031000,-24.611000,-2.595000,28.390000
1.255,-0.249000,-0.889000,0.202000,16.641000,-24.153000,-1.519000,28.480000
1.268,-0.262000,-0.887000,0.194000,14.069000,-22.137000,-0.214000,28.340000
1.281,-0.285000,-0.910000,0.187000,10.573000,-28.344000,2.580000,28.440000
1.288,-0.310000,-0.920000,0.162000,5.565000,-37.435000,3.176000,28.390000
1.299,-0.284000,-0.925000,0.164000,1.718000,-34.771000,-3.504000,28.480000
1.306,-0.277000,-0.933000,0.173000,1.015000,-28.191000,-8.214000,28.390000
1.318,-0.226000,-0.933000,0.170000,2.748000,-26.779000,-8.550000,28.440000
1.325,-0.211000,-0.928000,0.197000,3.344000,-25.870000,-7.183000,28.440000
1.339,-0.230000,-0.928000,0.188000,3.771000,-26.321000,-3.588000,28.390000
1.350,-0.259000,-0.912000,0.183000,0.443000,-31.290000,-0.695000,28.390000
1.357,-0.305000,-0.913000,0.171000,-6.313000,-36.244000,-0.931000,28.440000
1.369,-0.313000,-0.917000,0.146000,-11.947000,-41.382000,-0.252000,28.440000
1.376,-0.241000,-0.927000,0.159000,-13.130000,-42.153000,-1.076000,28.340000
1.389,-0.197000,-0.961000,0.152000,-11.580000,-40.779000,0.885000,28.390000
1.400,-0.167000,-0.958000,0.158000,-8.969000,-34.748000,0.916000,28.480000
1.407,-0.207000,-0.963000,0.137000,-6.573000,-33.015000,2.626000,28.290000
1.419,-0.248000,-0.968000,0.109000,-4.847000,-32.107000,1.725000,28.340000
1.426,-0.284000,-0.958000,0.090000,-4.328000,-33.527000,-0.191000,28.390000
1.438,-0.292000,-0.954000,0.068000,-4.901000,-40.641000,-1.145000,28.480000
1.451,-0.265000,-0.950000,0.064000,-6.397000,-46.695000,-2.702000,28.480000
1.457,-0.230000,-0.965000,0.062000,-7.046000,-50.122000,-3.534000,28.340000
1.469,-0.156000,-0.982000,0.091000,-5.244000,-50.489000,-4.649000,28.440000
1.476,-0.109000,-1.012000,0.095000,-1.542000,-46.130000,-5.092000,28.480000
1.489,-0.111000,-1.040000,0.148000,6.046000,-38.252000,-4.374000,28.290000
1.494,-0.138000,-1.010000,0.150000,12.557000,-31.542000,-3.519000,28.390000
1.507,-0.171000,-0.971000,0.158000,16.725000,-24.771000,-4.603000,28.440000
1.519,-0.157000,-0.928000,0.184000,16.641000,-17.611000,-10.267000,28.440000
1.526,-0.187000,-0.915000,0.170000,14.748000,-18.427000,-12.420000,28.390000
1.539,-0.204000,-0.918000,0.172000,12.122000,-23.550000,-13.939000,28.480000
1.551,-0.214000,-0.940000,0.142000,10.550000,-32.076000,-15.931000,28.440000
1.557,-0.224000,-0.937000,0.150000,5.359000,-39.389000,-17.733000,28.620000
1.569,-0.222000,-0.956000,0.164000,1.565000,-47.084000,-18.260000,28.440000
1.576,-0.186000,-0.957000,0.187000,0.664000,-50.252000,-21.328000,28.480000
1.589,-0.122000,-0.966000,0.214000,2.084000,-46.947000,-26.252000,28.390000
1.594,-0.075000,-0.957000,0.217000,7.015000,-40.191000,-30.672000,28.480000
1.607,-0.062000,-0.957000,0.232000,12.824000,-34.649000,-32.672000,28.530000
1.619,-0.088000,-0.955000,0.228000,15.847000,-32.672000,-32.939000,28.580000
1.626,-0.102000,-0.972000,0.238000,19.000000,-37.588000,-25.595000,28.480000
1.639,-0.099000,-0.975000,0.180000,18.763000,-43.718000,-17.740000,28.480000
1.651,-0.122000,-0.950000,0.162000,15.443000,-46.053000,-13.344000,28.440000
1.657,-0.087000,-0.932000,0.165000,9.618000,-43.786000,-8.626000,28.440000
1.669,-0.095000,-0.900000,0.156000,7.359000,-45.809000,-7.412000,28.390000
1.676,-0.093000,-0.907000,0.161000,5.366000,-46.137000,-5.137000,28.480000
1.689,-0.078000,-0.912000,0.182000,6.878000,-41.382000,-5.580000,28.480000
1.697,-0.082000,-0.901000,0.189000,8.221000,-35.626000,-4.076000,28.440000
1.708,-0.056000,-0.916000,0.200000,13.481000,-33.504000,-3.359000,28.620000
1.720,-0.062000,-0.916000,0.185000,14.122000,-34.275000,-1.672000,28.480000
1.729,-0.064000,-0.876000,0.179000,11.969000,-31.435000,0.656000,28.390000
1.739,-0.045000,-0.870000,0.188000,10.840000,-25.969000,-0.489000,28.530000
1.746,-0.066000,-0.862000,0.193000,7.328000,-24.160000,1.977000,28.440000
1.758,-0.113000,-0.875000,0.172000,7.038000,-27.924000,4.107000,28.440000
1.765,-0.148000,-0.884000,0.157000,4.954000,-31.527000,5.038000,28.480000
1.778,-0.153000,-0.871000,0.135000,5.130000,-40.863000,1.748000,28.480000
1.790,-0.124000,-0.896000,0.145000,2.282000,-38.725000,-0.885000,28.480000
1.798,-0.088000,-0.945000,0.150000,8.366000,-37.137000,-1.863000,28.530000
1.809,-0.069000,-0.928000,0.144000,15.763000,-38.053000,-3.008000,28.480000
1.816,-0.065000,-0.927000,0.185000,20.145000,-33.878000,-7.206000,28.580000
1.829,-0.067000,-0.943000,0.211000,23.824000,-30.954000,-10.038000,28.480000
1.841,-0.000000,-0.974000,0.217000,24.229000,-23.336000,-12.191000,28.440000
1.847,-0.047000,-0.991000,0.214000,19.817000,-32.931000,-5.863000,28.530000
1.859,-0.002000,-1.001000,0.206000,27.298000,-38.321000,-0.763000,28.480000
1.866,0.048000,-0.987000,0.219000,26.695000,-39.832000,7.924000,28.580000
1.879,0.015000,-0.946000,0.234000,24.718000,-34.901000,13.160000,28.440000
1.891,-0.051000,-0.950000,0.232000,21.237000,-33.863000,17.481000,28.530000
1.898,-0.117000,-0.921000,0.210000,18.176000,-34.954000,19.252000,28.440000
1.909,-0.156000,-0.919000,0.213000,15.183000,-36.336000,17.168000,28.480000
1.916,-0.144000,-0.919000,0.209000,11.649000,-36.931000,9.221000,28.390000
1.929,-0.138000,-0.937000,0.232000,13.565000,-38.786000,3.718000,28.440000
1.935,-0.073000,-0.943000,0.256000,17.252000,-34.229000,0.145000,28.440000
1.948,-0.022000,-0.961000,0.268000,21.763000,-29.550000,1.282000,28.390000
1.960,-0.020000,-0.956000,0.277000,26.275000,-22.534000,5.099000,28.580000
1.967,-0.004000,-0.958000,0.268000,30.389000,-14.344000,7.809000,28.480000
1.979,-0.056000,-0.953000,0.278000,29.214000,-22.298000,11.931000,28.440000
1.986,-0.078000,-0.914000,0.279000,26.725000,-25.603000,13.527000,28.530000
1.998,-0.055000,-0.892000,0.296000,23.992000,-22.260000,8.603000,28.480000
2.010,-0.066000,-0.911000,0.300000,20.160000,-17.840000,3.992000,28.390000
2.017,-0.054000,-0.919000,0.302000,19.718000,-13.382000,1.878000,28.530000
2.031,-0.080000,-0.914000,0.299000,20.237000,-11.191000,3.557000,28.440000
2.037,-0.112000,-0.916000,0.308000,21.153000,-12.725000,7.786000,28.530000
2.049,-0.125000,-0.896000,0.285000,21.573000,-14.466000,11.473000,28.580000
2.055,-0.130000,-0.911000,0.266000,22.626000,-22.160000,13.458000,28.480000
2.068,-0.071000,-0.910000,0.264000,23.786000,-29.137000,14.321000,28.530000
2.081,-0.012000,-0.901000,0.315000,25.618000,-28.954000,14.740000,28.530000
2.087,-0.012000,-0.915000,0.350000,29.924000,-29.260000,19.634000,28.480000
2.100,-0.011000,-0.868000,0.365000,29.046000,-28.321000,23.221000,28.390000
2.105,-0.054000,-0.837000,0.389000,23.435000,-26.496000,23.328000,28.480000
2.118,-0.035000,-0.815000,0.390000,17.748000,-24.099000,19.069000,28.530000
2.131,-0.042000,-0.844000,0.398000,14.931000,-26.748000,13.519000,28.530000
2.137,-0.052000,-0.834000,0.412000,12.153000,-23.771000,8.282000,28.480000
2.149,-0.002000,-0.851000,0.432000,12.275000,-14.099000,3.649000,28.480000
2.156,0.019000,-0.862000,0.425000,13.344000,-8.061000,3.321000,28.480000
2.169,0.002000,-0.867000,0.425000,12.611000,-5.550000,6.405000,28.530000
2.176,-0.024000,-0.887000,0.414000,12.481000,-6.931000,11.626000,28.530000
2.188,-0.033000,-0.906000,0.375000,9.779000,-7.374000,14.282000,28.580000
2.200,-0.031000,-0.918000,0.353000,8.473000,-12.840000,16.618000,28.480000
2.207,-0.022000,-0.906000,0.351000,7.183000,-10.786000,15.427000,28.530000
2.219,-0.037000,-0.896000,0.351000,7.710000,-9.344000,15.405000,28.620000
2.226,-0.080000,-0.885000,0.350000,9.473000,-15.550000,18.221000,28.480000
2.239,-0.108000,-0.834000,0.359000,8.061000,-19.038000,19.519000,28.480000
2.246,-0.165000,-0.804000,0.363000,4.786000,-23.573000,19.687000,28.480000
2.258,-0.170000,-0.792000,0.363000,3.382000,-30.931000,16.397000,28.530000
2.270,-0.159000,-0.791000,0.376000,3.237000,-32.641000,9.534000,28.530000
2.277,-0.137000,-0.816000,0.377000,5.397000,-30.336000,2.733000,28.480000
2.290,-0.097000,-0.801000,0.404000,6.924000,-24.168000,-6.870000,28.580000
2.297,-0.089000,-0.786000,0.444000,7.084000,-11.679000,-17.183000,28.530000
2.308,-0.104000,-0.813000,0.427000,11.336000,-17.359000,-16.115000,28.440000
2.320,-0.077000,-0.853000,0.412000,11.382000,-24.427000,-13.427000,28.530000
2.329,-0.064000,-0.897000,0.400000,11.282000,-31.053000,-7.947000,28.390000
2.339,-0.042000,-0.886000,0.394000,10.176000,-38.611000,-4.053000,28.480000
2.348,-0.043000,-0.895000,0.428000,10.382000,-50.466000,1.664000,28.580000
2.359,-0.041000,-0.866000,0.434000,7.321000,-57.725000,6.954000,28.530000
2.365,0.007000,-0.836000,0.428000,4.092000,-55.099000,3.740000,28.530000
2.379,0.074000,-0.843000,0.458000,-0.153000,-41.237000,-2.351000,28.480000
2.390,0.091000,-0.895000,0.467000,0.771000,-37.466000,-4.290000,28.480000
2.398,0.111000,-0.883000,0.427000,2.122000,-26.435000,-6.504000,28.530000
2.410,0.098000,-0.890000,0.407000,3.504000,-13.008000,-9.321000,28.620000
2.416,0.051000,-0.919000,0.375000,5.779000,-5.198000,-7.534000,28.530000
2.430,-0.012000,-0.944000,0.323000,11.038000,-3.740000,-5.710000,28.480000
2.437,-0.049000,-0.953000,0.270000,14.481000,-6.527000,-2.481000,28.480000
2.448,-0.105000,-0.932000,0.253000,16.366000,-13.435000,-1.084000,28.530000
2.460,-0.087000,-0.856000,0.273000,17.153000,-18.214000,-4.832000,28.720000
2.467,-0.059000,-0.839000,0.326000,18.802000,-20.397000,-10.969000,28.580000
2.479,0.026000,-0.845000,0.382000,23.229000,-15.992000,-17.290000,28.480000
2.486,0.108000,-0.832000,0.381000,25.214000,-9.664000,-28.221000,28.580000
2.498,0.099000,-0.790000,0.375000,25.656000,-2.702000,-40.786000,28.530000
2.510,0.091000,-0.810000,0.370000,21.382000,11.237000,-45.634000,28.620000
2.517,0.026000,-0.814000,0.313000,17.611000,17.344000,-49.595000,28.480000
2.531,-0.013000,-0.826000,0.280000,6.656000,23.107000,-49.588000,28.480000
2.537,-0.014000,-0.860000,0.264000,5.618000,21.008000,-50.672000,28.480000
2.549,0.031000,-0.955000,0.297000,14.282000,21.527000,-45.794000,28.530000
2.555,0.068000,-1.022000,0.299000,31.382000,16.649000,-33.519000,28.530000
2.568,0.033000,-1.020000,0.290000,43.244000,7.115000,-20.611000,28.480000
2.581,0.008000,-0.902000,0.325000,48.145000,-23.229000,-0.366000,28.580000
2.588,-0.006000,-0.791000,0.383000,38.260000,-44.634000,12.664000,28.530000
2.600,-0.047000,-0.794000,0.431000,29.687000,-63.061000,22.069000,28.530000
2.606,-0.008000,-0.763000,0.507000,23.695000,-72.183000,19.962000,28.480000
2.618,0.075000,-0.748000,0.540000,23.641000,-78.076000,13.824000,28.580000
2.626,0.078000,-0.729000,0.580000,18.939000,-81.634000,10.122000,28.480000
2.638,0.144000,-0.749000,0.639000,13.374000,-72.481000,3.458000,28.530000
2.650,0.223000,-0.808000,0.660000,6.473000,-59.214000,1.908000,28.530000
2.657,0.291000,-0.820000,0.666000,1.122000,-32.115000,-0.481000,28.390000
2.669,0.285000,-0.822000,0.645000,-4.832000,-7.511000,5.000000,28.580000
2.676,0.219000,-0.823000,0.600000,-16.191000,15.023000,9.718000,28.530000
2.689,0.110000,-0.815000,0.524000,-23.878000,23.580000,14.252000,28.620000
2.696,0.040000,-0.826000,0.455000,-28.969000,25.229000,15.931000,28.620000
2.708,0.014000,-0.854000,0.401000,-29.580000,22.901000,16.847000,28.580000
2.720,0.035000,-0.859000,0.361000,-26.000000,12.115000,15.542000,28.670000
2.729,0.079000,-0.866000,0.337000,-21.305000,10.176000,8.107000,28.480000
2.739,0.059000,-0.890000,0.336000,-14.977000,17.275000,2.275000,28.620000
2.747,0.062000,-0.874000,0.340000,-14.267000,27.359000,-5.550000,28.480000
2.758,-0.002000,-0.883000,0.333000,-13.366000,29.603000,-10.634000,28.580000
2.764,-0.027000,-0.877000,0.330000,-12.672000,20.359000,-11.626000,28.580000
2.779,0.004000,-0.865000,0.341000,-13.702000,13.649000,-12.924000,28.620000
2.790,0.051000,-0.848000,0.361000,-12.359000,11.229000,-13.618000,28.440000
2.797,0.108000,-0.870000,0.389000,-11.290000,11.260000,-11.603000,28.580000
2.809,0.151000,-0.869000,0.401000,-10.496000,11.893000,-8.198000,28.480000
2.815,0.130000,-0.843000,0.402000,-10.947000,10.809000,-6.595000,28.530000
2.829,0.100000,-0.864000,0.394000,-13.023000,8.374000,-4.733000,28.530000
2.840,0.117000,-0.854000,0.396000,-17.969000,12.389000,-10.168000,28.530000
2.847,0.091000,-0.870000,0.411000,-21.115000,13.992000,-12.748000,28.580000
2.859,0.112000,-0.862000,0.409000,-19.397000,8.779000,-10.344000,28.580000
2.866,0.157000,-0.851000,0.423000,-18.962000,15.321000,-9.817000,28.620000
2.878,0.177000,-0.854000,0.443000,-17.802000,23.954000,-7.038000,28.530000
2.884,0.134000,-0.861000,0.423000,-19.412000,28.573000,-3.756000,28.480000
2.898,0.054000,-0.858000,0.397000,-21.649000,25.412000,-1.618000,28.580000
2.910,-0.008000,-0.846000,0.371000,-24.267000,16.977000,-0.893000,28.580000
2.916,-0.005000,-0.822000,0.366000,-25.794000,8.740000,-4.924000,28.480000
2.929,0.047000,-0.805000,0.377000,-23.573000,2.992000,-8.969000,28.620000
2.936,0.100000,-0.812000,0.401000,-28.344000,9.672000,-13.557000,28.580000
2.948,0.107000,-0.875000,0.400000,-27.305000,9.244000,-10.634000,28.580000
2.960,0.104000,-0.907000,0.382000,-25.649000,11.298000,-6.832000,28.530000
2.967,0.089000,-0.900000,0.387000,-24.412000,11.641000,-3.023000,28.620000
2.980,0.107000,-0.885000,0.392000,-23.176000,12.542000,1.282000,28.440000
2.987,0.104000,-0.903000,0.385000,-21.603000,8.924000,6.611000,28.580000
2.999,0.116000,-0.879000,0.386000,-24.015000,9.351000,7.870000,28.580000
3.006,0.114000,-0.866000,0.388000,-28.962000,12.412000,7.481000,28.530000
3.018,0.107000,-0.881000,0.381000,-33.290000,18.580000,5.595000,28.620000
3.025,0.102000,-0.918000,0.362000,-33.275000,24.542000,6.221000,28.620000
3.040,0.112000,-0.947000,0.327000,-31.260000,28.687000,8.221000,28.580000
3.050,0.106000,-0.926000,0.311000,-27.695000,23.534000,12.542000,28.580000
3.057,0.121000,-0.901000,0.317000,-22.969000,22.511000,15.145000,28.620000
3.069,0.140000,-0.938000,0.323000,-16.931000,23.924000,16.023000,28.620000
3.076,0.174000,-0.931000,0.311000,-13.344000,27.191000,13.183000,28.670000
3.089,0.163000,-0.913000,0.340000,-14.924000,36.351000,7.160000,28.670000
3.096,0.140000,-0.981000,0.318000,-11.252000,36.519000,7.435000,28.580000
3.108,0.092000,-0.968000,0.286000,-10.641000,35.626000,9.695000,28.530000
3.120,0.043000,-0.939000,0.264000,-10.710000,35.870000,10.191000,28.530000
3.127,0.056000,-0.891000,0.272000,-14.122000,39.450000,5.908000,28.480000
3.140,0.039000,-0.868000,0.294000,-12.985000,40.679000,1.458000,28.580000
3.147,0.078000,-0.875000,0.325000,-10.817000,43.504000,-2.168000,28.620000
3.159,0.138000,-0.930000,0.362000,-9.351000,49.641000,-2.634000,28.620000
3.165,0.179000,-0.931000,0.360000,-9.557000,58.038000,1.847000,28.580000
3.179,0.164000,-0.933000,0.334000,-14.130000,66.588000,7.267000,28.580000
3.190,0.128000,-0.912000,0.312000,-19.397000,69.214000,12.053000,28.580000
3.198,0.078000,-0.878000,0.297000,-24.718000,73.252000,13.092000,28.530000
3.209,0.026000,-0.814000,0.289000,-27.695000,73.443000,10.573000,28.620000
3.216,0.003000,-0.795000,0.291000,-26.053000,69.786000,9.313000,28.580000
3.229,0.000000,-0.828000,0.297000,-22.733000,70.069000,6.496000,28.580000
3.236,0.005000,-0.883000,0.290000,-20.466000,76.061000,6.534000,28.530000
3.248,-0.062000,-0.923000,0.276000,-19.466000,74.290000,7.504000,28.530000
3.260,-0.122000,-0.896000,0.246000,-21.000000,68.214000,9.160000,28.580000
3.267,-0.137000,-0.840000,0.220000,-25.649000,67.130000,2.206000,28.670000
3.279,-0.136000,-0.765000,0.245000,-31.160000,67.130000,-12.397000,28.580000
3.287,-0.109000,-0.745000,0.269000,-32.206000,61.031000,-23.771000,28.580000
3.298,-0.045000,-0.789000,0.302000,-33.977000,62.840000,-31.313000,28.530000
3.310,0.020000,-0.857000,0.318000,-34.206000,65.893000,-29.198000,28.670000
3.317,-0.021000,-0.947000,0.280000,-34.122000,62.427000,-19.267000,28.580000
3.329,-0.076000,-0.949000,0.218000,-35.397000,55.031000,-8.924000,28.620000
3.336,-0.146000,-0.946000,0.184000,-36.855000,44.756000,-2.840000,28.620000
3.348,-0.130000,-0.915000,0.152000,-36.733000,36.885000,-0.458000,28.530000
3.360,-0.100000,-0.895000,0.158000,-35.557000,30.893000,-3.695000,28.580000
3.367,-0.040000,-0.882000,0.193000,-29.221000,30.969000,-8.351000,28.580000
3.380,0.019000,-0.910000,0.237000,-24.664000,34.779000,-9.710000,28.620000
3.386,0.020000,-0.943000,0.255000,-23.031000,40.450000,-6.962000,28.530000
3.398,-0.032000,-0.942000,0.226000,-24.099000,48.076000,-4.985000,28.580000
3.405,-0.086000,-0.932000,0.167000,-24.382000,49.046000,-3.466000,28.580000
3.417,-0.099000,-0.878000,0.136000,-23.374000,49.137000,-7.542000,28.530000
3.430,-0.085000,-0.885000,0.148000,-23.885000,46.565000,-11.153000,28.620000
3.439,-0.062000,-0.921000,0.159000,-18.298000,40.756000,-13.313000,28.620000
3.449,-0.029000,-0.950000,0.186000,-13.878000,36.496000,-11.084000,28.580000
3.460,-0.065000,-0.988000,0.184000,-14.115000,40.313000,-10.695000,28.670000
3.467,-0.109000,-1.024000,0.162000,-14.756000,38.328000,-9.313000,28.580000
3.480,-0.140000,-1.016000,0.119000,-16.756000,38.122000,-11.641000,28.620000
3.487,-0.142000,-0.981000,0.128000,-16.954000,35.557000,-15.893000,28.530000
3.498,-0.076000,-0.954000,0.120000,-15.000000,34.847000,-20.733000,28.580000
3.510,-0.001000,-0.941000,0.160000,-11.053000,35.374000,-21.344000,28.580000
3.517,0.049000,-0.939000,0.207000,-6.473000,34.588000,-18.084000,28.620000
3.530,0.060000,-0.962000,0.232000,-4.832000,36.527000,-11.779000,28.720000
3.537,-0.000000,-0.967000,0.249000,-6.366000,37.824000,-5.061000,28.670000
3.549,-0.065000,-0.913000,0.235000,-12.198000,41.939000,-4.557000,28.580000
3.555,-0.096000,-0.877000,0.209000,-20.885000,49.893000,-11.832000,28.620000
3.567,-0.102000,-0.880000,0.177000,-25.718000,46.809000,-17.473000,28.620000
3.580,-0.052000,-0.876000,0.163000,-27.076000,44.031000,-22.718000,28.530000
3.586,0.011000,-0.877000,0.176000,-26.290000,41.267000,-24.595000,28.670000
3.599,0.063000,-0.906000,0.180000,-23.153000,38.611000,-23.176000,28.580000
3.605,0.037000,-0.958000,0.164000,-22.466000,38.519000,-18.756000,28.720000
3.618,0.017000,-0.964000,0.125000,-22.046000,38.580000,-14.229000,28.530000
3.631,-0.006000,-0.964000,0.090000,-21.939000,37.817000,-11.351000,28.580000
3.637,0.034000,-0.925000,0.073000,-23.611000,39.672000,-12.290000,28.580000
3.649,0.043000,-0.904000,0.086000,-24.656000,36.733000,-10.527000,28.580000
3.655,0.097000,-0.922000,0.109000,-24.626000,37.061000,-8.427000,28.720000
3.668,0.090000,-0.929000,0.124000,-24.359000,35.710000,-3.061000,28.530000
3.681,0.056000,-0.919000,0.122000,-26.145000,32.130000,2.191000,28.580000
3.688,0.017000,-0.923000,0.094000,-30.458000,28.321000,5.718000,28.580000
3.700,-0.006000,-0.934000,0.048000,-35.260000,30.000000,3.763000,28.620000
3.706,0.008000,-0.951000,0.014000,-33.458000,32.031000,1.244000,28.620000
3.719,0.090000,-0.940000,0.017000,-26.863000,38.519000,0.595000,28.580000
3.726,0.178000,-0.928000,0.056000,-9.992000,48.069000,6.359000,28.670000
3.738,0.239000,-0.877000,0.088000,3.076000,62.786000,16.466000,28.620000
3.750,0.206000,-0.894000,0.096000,12.420000,75.832000,25.038000,28.620000
3.758,0.112000,-0.844000,0.121000,5.847000,93.473000,17.107000,28.670000
3.770,-0.124000,-0.890000,0.016000,-3.710000,94.290000,12.573000,28.670000
3.779,-0.268000,-0.927000,-0.050000,-9.611000,81.107000,4.260000,28.620000
3.790,-0.340000,-0.968000,-0.099000,-12.046000,65.389000,-8.466000,28.620000
3.796,-0.312000,-0.982000,-0.094000,-11.069000,42.458000,-19.809000,28.620000
3.807,-0.181000,-0.992000,-0.041000,-8.214000,29.336000,-29.321000,28.770000
3.819,-0.019000,-0.987000,0.036000,-8.427000,23.191000,-27.382000,28.580000
3.829,0.061000,-1.051000,0.103000,-11.008000,21.557000,-19.290000,28.670000
3.839,0.057000,-1.040000,0.109000,-15.649000,16.649000,-7.542000,28.720000
3.846,0.055000,-0.999000,0.119000,-15.191000,12.573000,1.481000,28.670000
3.858,0.038000,-1.011000,0.107000,-17.198000,12.832000,5.069000,28.670000
3.870,-0.003000,-1.017000,0.097000,-18.618000,13.260000,3.550000,28.720000
3.877,-0.019000,-1.026000,0.081000,-21.008000,12.931000,-0.527000,28.720000
3.890,-0.011000,-1.060000,0.088000,-25.076000,8.786000,-1.168000,28.620000
3.897,-0.010000,-1.119000,0.066000,-27.275000,6.634000,1.145000,28.670000
3.909,-0.019000,-1.150000,0.019000,-26.832000,8.802000,3.672000,28.580000
3.916,-0.019000,-1.161000,0.018000,-24.359000,12.794000,6.374000,28.620000
3.929,-0.024000,-1.184000,-0.000000,-20.008000,12.916000,7.565000,28.620000
3.940,-0.014000,-1.177000,-0.024000,-14.313000,12.435000,6.527000,28.580000
3.948,0.025000,-1.162000,-0.012000,-12.160000,14.328000,4.137000,28.670000
3.959,0.040000,-1.148000,0.018000,-10.084000,13.763000,6.863000,28.620000
3.966,0.045000,-1.128000,0.038000,-10.008000,13.992000,10.603000,28.620000
3.979,0.038000,-1.113000,0.020000,-11.695000,14.519000,14.534000,28.770000
3.986,0.020000,-1.095000,0.004000,-13.267000,18.679000,15.817000,28.580000
3.998,-0.031000,-1.100000,0.004000,-12.969000,18.710000,17.977000,28.670000
4.010,-0.044000,-1.117000,-0.009000,-10.214000,17.977000,20.076000,28.720000
4.016,-0.033000,-1.087000,-0.005000,-8.756000,16.611000,20.275000,28.620000
4.029,-0.052000,-1.051000,0.007000,-8.282000,14.534000,20.779000,28.670000
4.036,-0.065000,-1.036000,-0.010000,-9.985000,14.664000,19.893000,28.580000
4.048,-0.072000,-1.000000,-0.021000,-9.252000,12.832000,18.702000,28.620000
4.060,-0.088000,-0.997000,-0.035000,-8.328000,12.374000,17.458000,28.530000
4.066,-0.070000,-1.004000,-0.037000,-9.382000,10.740000,14.443000,28.670000
4.080,-0.032000,-0.985000,-0.015000,-12.763000,12.649000,10.229000,28.670000
4.086,-0.048000,-0.978000,-0.008000,-13.122000,10.718000,12.908000,28.670000
4.098,-0.045000,-0.958000,-0.005000,-14.374000,11.168000,14.084000,28.530000
4.110,-0.057000,-0.922000,-0.023000,-14.489000,11.405000,15.626000,28.620000
4.116,-0.073000,-0.911000,-0.042000,-14.351000,14.740000,15.947000,28.670000
4.129,-0.070000,-0.912000,-0.068000,-10.649000,15.947000,15.275000,28.670000
4.136,-0.047000,-0.880000,-0.083000,-7.420000,16.672000,14.313000,28.620000
4.148,-0.059000,-0.868000,-0.079000,-4.397000,17.305000,13.725000,28.530000
4.160,-0.062000,-0.890000,-0.043000,-1.206000,9.069000,18.275000,28.580000
4.166,-0.118000,-0.952000,-0.043000,-1.977000,4.740000,22.527000,28.670000
4.179,-0.175000,-0.951000,-0.063000,-4.237000,3.588000,20.573000,28.580000
4.187,-0.220000,-0.907000,-0.067000,-6.595000,0.069000,18.290000,28.720000
4.199,-0.213000,-0.905000,-0.063000,-7.863000,-2.550000,14.893000,28.620000
4.210,-0.161000,-0.903000,-0.077000,-8.603000,-7.939000,10.725000,28.670000
4.217,-0.059000,-0.829000,-0.047000,-11.015000,-11.084000,8.359000,28.580000
4.229,0.054000,-0.779000,-0.006000,-13.237000,-14.679000,11.389000,28.620000
4.236,0.056000,-0.855000,0.036000,-12.901000,-23.840000,24.672000,28.720000
4.248,0.032000,-0.950000,0.003000,-14.779000,-21.313000,34.237000,28.580000
4.260,-0.047000,-0.949000,0.004000,-16.916000,-21.221000,39.733000,28.670000
4.267,-0.098000,-0.968000,-0.002000,-20.130000,-21.817000,43.534000,28.670000
4.279,-0.124000,-0.996000,-0.066000,-19.595000,-27.786000,47.351000,28.720000
4.285,-0.141000,-0.965000,-0.088000,-17.740000,-31.397000,49.817000,28.720000
4.299,-0.136000,-0.944000,-0.134000,-17.275000,-32.374000,51.176000,28.670000
4.309,-0.165000,-0.991000,-0.136000,-16.267000,-35.824000,54.344000,28.770000
4.316,-0.209000,-1.023000,-0.142000,-15.763000,-35.427000,51.771000,28.620000
4.330,-0.246000,-0.982000,-0.117000,-15.870000,-32.679000,45.420000,28.620000
4.340,-0.314000,-1.010000,-0.097000,-11.992000,-32.649000,41.947000,28.670000
4.348,-0.292000,-1.031000,-0.084000,-6.656000,-31.008000,35.115000,28.670000
4.359,-0.268000,-1.016000,-0.056000,-1.336000,-27.382000,29.374000,28.670000
4.366,-0.239000,-0.997000,-0.019000,4.260000,-23.405000,25.237000,28.720000
4.379,-0.191000,-0.980000,-0.033000,11.824000,-23.321000,25.328000,28.720000
4.390,-0.206000,-1.027000,0.014000,14.962000,-18.275000,25.550000,28.770000
4.397,-0.222000,-1.048000,0.016000,14.053000,-6.534000,20.786000,28.770000
4.409,-0.268000,-1.015000,0.029000,12.145000,-5.137000,18.809000,28.620000
4.416,-0.285000,-0.969000,0.042000,6.748000,0.000000,14.053000,28.720000
4.430,-0.287000,-0.986000,0.043000,1.298000,0.718000,13.794000,28.670000
4.436,-0.291000,-0.974000,0.035000,-0.450000,-10.458000,17.763000,28.670000
4.448,-0.271000,-0.960000,0.025000,-1.954000,-16.458000,20.672000,28.620000
4.460,-0.273000,-0.945000,-0.006000,-2.824000,-28.160000,22.527000,28.720000
4.466,-0.300000,-1.000000,0.006000,-3.847000,-44.115000,25.718000,28.620000
4.479,-0.296000,-1.013000,-0.021000,-9.435000,-43.443000,17.641000,28.670000
4.486,-0.343000,-0.991000,0.003000,-12.336000,-38.244000,7.168000,28.670000
4.498,-0.333000,-1.001000,-0.004000,-8.565000,-38.206000,0.458000,28.810000
4.510,-0.289000,-0.999000,0.007000,-4.649000,-34.748000,-3.145000,28.620000
4.517,-0.252000,-0.995000,-0.007000,0.153000,-34.947000,-1.931000,28.770000
4.529,-0.227000,-0.983000,-0.031000,2.748000,-39.237000,2.084000,28.580000
4.536,-0.226000,-0.944000,-0.006000,0.313000,-50.740000,7.916000,28.670000
4.549,-0.206000,-0.906000,0.015000,-6.550000,-59.695000,11.282000,28.620000
4.560,-0.226000,-0.855000,0.039000,-16.931000,-74.672000,13.641000,28.620000
4.567,-0.193000,-0.795000,0.070000,-26.298000,-88.214000,14.870000,28.770000
4.580,-0.088000,-0.741000,0.072000,-41.458000,-85.053000,4.504000,28.670000
4.587,-0.155000,-0.795000,0.069000,-51.763000,-83.588000,-1.458000,28.620000
4.598,-0.188000,-0.931000,-0.001000,-59.573000,-80.076000,-9.344000,28.720000
4.610,-0.245000,-1.094000,-0.059000,-59.466000,-70.298000,-17.802000,28.720000
4.616,-0.323000,-1.209000,-0.119000,-47.176000,-58.397000,-24.588000,28.670000
4.630,-0.305000,-1.216000,-0.126000,-28.672000,-40.901000,-34.947000,28.670000
4.640,-0.250000,-1.194000,-0.090000,-14.282000,-30.244000,-40.137000,28.620000
4.649,-0.198000,-1.140000,-0.055000,-5.336000,-19.160000,-45.420000,28.720000
4.659,-0.143000,-1.077000,-0.046000,-7.931000,-2.840000,-53.687000,28.670000
4.666,-0.207000,-1.110000,-0.053000,-7.870000,8.092000,-53.817000,28.770000
4.681,-0.231000,-1.149000,-0.078000,-6.122000,9.649000,-41.244000,28.530000
4.690,-0.195000,-1.252000,-0.099000,-1.130000,18.718000,-31.344000,28.720000
4.698,-0.210000,-1.327000,-0.160000,14.527000,14.038000,-15.366000,28.720000
4.709,-0.145000,-1.250000,-0.175000,23.672000,17.458000,-5.641000,28.770000
4.716,-0.112000,-1.228000,-0.113000,27.672000,28.290000,-5.901000,28.770000
4.729,-0.086000,-1.184000,-0.068000,31.611000,38.397000,-6.947000,28.670000
4.740,-0.099000,-1.141000,-0.042000,29.702000,43.756000,-8.511000,28.620000
4.748,-0.162000,-1.137000,0.000000,27.733000,39.878000,-7.763000,28.670000
4.759,-0.168000,-1.147000,0.014000,20.863000,36.038000,-9.443000,28.670000
4.766,-0.211000,-1.217000,0.007000,19.573000,28.504000,-9.153000,28.770000
4.780,-0.187000,-1.251000,-0.000000,22.641000,26.099000,-10.427000,28.620000
4.790,-0.173000,-1.196000,-0.005000,22.939000,27.061000,-12.519000,28.620000
4.798,-0.139000,-1.202000,0.007000,25.252000,23.756000,-6.443000,28.670000
4.810,-0.089000,-1.197000,0.015000,28.137000,22.504000,0.015000,28.670000
4.816,-0.081000,-1.177000,0.057000,31.481000,23.397000,8.122000,28.580000
4.829,-0.085000,-1.126000,0.059000,25.038000,26.908000,11.496000,28.810000
4.836,-0.179000,-1.138000,0.060000,15.374000,28.863000,13.924000,28.720000
4.849,-0.278000,-1.113000,0.032000,10.092000,16.992000,17.168000,28.670000
4.860,-0.316000,-1.058000,0.018000,2.893000,5.962000,16.130000,28.670000
4.867,-0.299000,-1.034000,0.035000,-3.664000,-2.916000,12.282000,28.720000
4.880,-0.217000,-0.997000,0.068000,-11.847000,3.336000,3.023000,28.720000
4.887,-0.187000,-1.019000,0.058000,-15.221000,2.557000,2.069000,28.620000
4.899,-0.169000,-1.020000,0.032000,-16.282000,4.489000,3.191000,28.670000
4.906,-0.177000,-0.994000,-0.016000,-17.710000,7.366000,7.015000,28.670000
4.918,-0.219000,-0.999000,-0.082000,-17.763000,2.863000,12.656000,28.770000
4.931,-0.219000,-0.976000,-0.123000,-19.595000,0.313000,13.336000,28.720000
4.937,-0.222000,-0.989000,-0.125000,-18.198000,1.473000,10.603000,28.860000
4.949,-0.215000,-0.996000,-0.126000,-13.565000,0.267000,8.802000,28.770000
4.956,-0.167000,-0.946000,-0.114000,-14.290000,8.160000,1.779000,28.720000
4.968,-0.216000,-0.962000,-0.110000,-11.611000,9.473000,-0.435000,28.720000
4.976,-0.237000,-0.939000,-0.126000,-9.573000,6.427000,1.099000,28.720000
4.988,-0.254000,-0.940000,-0.137000,-8.244000,4.153000,2.511000,28.670000
5.000,-0.253000,-0.948000,-0.153000,-5.031000,1.023000,4.527000,28.770000
5.007,-0.208000,-0.966000,-0.125000,-0.260000,4.565000,4.115000,28.720000
5.019,-0.197000,-0.934000,-0.131000,2.168000,12.038000,1.634000,28.720000
5.026,-0.222000,-0.924000,-0.160000,6.725000,12.267000,1.229000,28.670000
5.040,-0.212000,-0.926000,-0.168000,10.901000,14.206000,-0.076000,28.670000
5.046,-0.190000,-0.906000,-0.181000,14.496000,14.481000,-1.878000,28.770000
5.058,-0.183000,-0.913000,-0.174000,16.382000,13.916000,-1.664000,28.620000
5.070,-0.208000,-0.939000,-0.189000,18.252000,11.244000,0.710000,28.810000
5.081,-0.231000,-0.938000,-0.178000,20.687000,10.634000,1.519000,28.670000
5.090,-0.214000,-0.943000,-0.162000,24.511000,11.214000,2.092000,28.670000
5.098,-0.187000,-0.928000,-0.143000,29.603000,15.916000,2.214000,28.770000
5.108,-0.150000,-0.946000,-0.088000,36.313000,20.511000,3.290000,28.810000
5.120,-0.116000,-0.953000,-0.026000,45.969000,27.481000,2.366000,28.770000
5.129,-0.040000,-0.993000,0.021000,57.924000,39.336000,-0.580000,28.770000
5.140,0.035000,-1.019000,0.098000,67.840000,57.969000,-6.038000,28.720000
5.148,-0.054000,-0.950000,0.105000,68.977000,63.618000,-8.031000,28.720000
5.159,-0.246000,-0.886000,0.087000,57.260000,57.687000,-7.931000,28.720000
5.166,-0.364000,-0.883000,0.079000,44.550000,41.954000,-7.893000,28.770000
5.179,-0.378000,-0.906000,0.100000,31.733000,16.603000,-6.115000,28.670000
5.190,-0.331000,-0.963000,0.091000,20.443000,-3.672000,-3.435000,28.720000
5.198,-0.251000,-1.042000,0.115000,15.756000,-17.008000,-2.397000,28.810000
5.209,-0.150000,-1.093000,0.130000,12.947000,-20.519000,-0.878000,28.770000
5.216,-0.064000,-1.135000,0.147000,14.489000,-14.771000,-2.473000,28.670000
5.229,-0.009000,-1.156000,0.165000,16.382000,1.855000,-7.412000,28.720000
5.236,0.031000,-1.130000,0.176000,16.634000,26.412000,-17.153000,28.810000
5.248,-0.027000,-1.125000,0.161000,18.221000,40.725000,-17.969000,28.810000
5.260,-0.086000,-1.091000,0.118000,19.939000,44.878000,-13.328000,28.770000
5.266,-0.115000,-1.046000,0.115000,20.122000,45.458000,-7.847000,28.770000
5.280,-0.137000,-1.007000,0.125000,18.763000,41.855000,-3.580000,28.770000
5.286,-0.166000,-0.975000,0.119000,17.008000,33.412000,-3.137000,28.810000
5.298,-0.177000,-0.963000,0.130000,15.756000,24.947000,-6.183000,28.670000
5.310,-0.155000,-0.960000,0.131000,15.137000,14.099000,-8.908000,28.770000
5.317,-0.113000,-0.940000,0.140000,12.901000,6.092000,-11.282000,28.720000
5.329,-0.023000,-0.917000,0.161000,6.786000,10.992000,-18.092000,28.810000
5.337,-0.004000,-0.916000,0.165000,2.710000,15.962000,-18.015000,28.810000
5.349,-0.008000,-0.942000,0.126000,-0.420000,10.176000,-7.443000,28.770000
5.355,-0.024000,-0.963000,0.110000,-1.511000,6.740000,4.237000,28.770000
5.368,-0.069000,-0.993000,0.100000,-2.817000,5.580000,13.618000,28.810000
5.381,-0.123000,-1.008000,0.081000,-1.847000,2.160000,19.336000,28.810000
5.387,-0.186000,-1.001000,0.080000,-0.855000,-4.634000,24.137000,28.770000
5.399,-0.221000,-1.002000,0.048000,1.725000,-12.901000,26.305000,28.770000
5.406,-0.210000,-0.993000,0.052000,3.817000,-18.481000,26.160000,28.810000
5.419,-0.126000,-0.934000,0.055000,1.313000,-9.305000,17.725000,28.720000
5.425,-0.134000,-0.935000,0.081000,-2.427000,1.214000,11.809000,28.770000
5.440,-0.187000,-0.970000,0.033000,-0.595000,-3.779000,16.130000,28.770000
5.451,-0.197000,-0.975000,0.025000,1.267000,-3.069000,17.298000,28.770000
5.457,-0.215000,-0.979000,0.021000,2.901000,-0.282000,16.824000,28.770000
5.470,-0.216000,-0.975000,0.023000,5.626000,2.733000,14.099000,28.810000
5.477,-0.223000,-0.975000,0.037000,9.122000,5.084000,9.985000,28.770000
5.490,-0.235000,-0.977000,0.042000,11.366000,7.557000,4.969000,28.770000
5.496,-0.263000,-0.981000,0.035000,11.504000,6.855000,1.076000,28.810000
5.508,-0.270000,-0.995000,0.042000,12.771000,3.786000,-1.672000,28.720000
5.515,-0.256000,-0.997000,0.042000,14.214000,-0.382000,-3.321000,28.770000
5.531,-0.224000,-0.983000,0.040000,15.290000,-3.443000,-5.031000,28.670000
5.540,-0.197000,-0.983000,0.065000,15.740000,-3.702000,-6.481000,28.770000
5.549,-0.166000,-0.992000,0.085000,16.511000,-0.710000,-7.992000,28.720000
5.560,-0.147000,-1.000000,0.110000,17.832000,2.244000,-8.061000,28.720000
5.566,-0.125000,-0.962000,0.132000,15.740000,8.588000,-10.267000,28.670000
5.580,-0.164000,-0.953000,0.143000,13.534000,8.985000,-8.084000,28.770000
5.586,-0.180000,-0.961000,0.130000,10.198000,6.687000,-5.290000,28.720000
5.599,-0.174000,-0.958000,0.131000,6.656000,5.267000,-3.435000,28.810000
5.610,-0.161000,-0.969000,0.133000,4.809000,3.840000,-1.641000,28.810000
5.618,-0.161000,-0.979000,0.122000,4.176000,1.519000,0.725000,28.770000
5.631,-0.142000,-0.995000,0.112000,4.992000,2.046000,2.313000,28.770000
5.638,-0.138000,-1.009000,0.109000,7.198000,4.053000,3.191000,28.860000
5.650,-0.143000,-1.019000,0.101000,9.435000,6.832000,3.000000,28.810000
5.657,-0.133000,-0.981000,0.111000,8.977000,14.099000,-1.137000,28.770000
5.669,-0.183000,-0.971000,0.105000,8.847000,11.359000,-0.344000,28.770000
5.676,-0.199000,-0.954000,0.093000,8.794000,6.870000,0.740000,28.720000
5.690,-0.190000,-0.945000,0.086000,7.260000,5.359000,0.763000,28.810000
5.696,-0.203000,-0.962000,0.078000,6.664000,2.183000,2.321000,28.810000
5.709,-0.196000,-0.970000,0.069000,7.947000,-0.069000,3.427000,28.860000
5.715,-0.196000,-0.983000,0.061000,9.718000,-0.107000,3.832000,28.770000
5.730,-0.187000,-0.984000,0.069000,11.985000,2.794000,1.664000,28.720000
5.740,-0.191000,-0.997000,0.073000,13.786000,6.443000,-2.939000,28.720000
5.747,-0.178000,-0.996000,0.083000,15.420000,9.405000,-7.389000,28.770000
5.759,-0.172000,-0.993000,0.106000,16.046000,12.008000,-10.840000,28.770000
5.766,-0.173000,-0.977000,0.108000,14.718000,11.321000,-11.344000,28.910000
5.779,-0.180000,-0.977000,0.112000,13.504000,4.084000,-7.458000,28.810000
5.787,-0.180000,-0.984000,0.101000,11.534000,-0.725000,-4.214000,28.770000
5.799,-0.153000,-0.978000,0.120000,11.061000,-0.466000,-2.473000,28.770000
5.810,-0.143000,-0.976000,0.142000,10.779000,-0.466000,-0.542000,28.770000
5.817,-0.141000,-0.988000,0.144000,11.779000,0.435000,0.534000,28.720000
5.831,-0.146000,-0.970000,0.160000,14.992000,4.458000,-0.168000,28.810000
5.837,-0.161000,-0.946000,0.170000,16.328000,6.832000,-0.779000,28.770000
5.849,-0.169000,-0.935000,0.186000,16.626000,7.000000,-0.733000,28.860000
5.855,-0.178000,-0.931000,0.186000,17.076000,8.550000,-1.885000,28.810000
5.868,-0.169000,-0.911000,0.208000,15.969000,13.000000,-5.031000,28.810000
5.881,-0.166000,-0.914000,0.203000,14.870000,13.031000,-5.710000,28.770000
5.887,-0.177000,-0.923000,0.211000,14.183000,11.191000,-5.321000,28.670000
5.900,-0.185000,-0.946000,0.215000,14.321000,9.908000,-5.756000,28.770000
5.906,-0.162000,-0.949000,0.226000,13.321000,9.107000,-6.878000,28.810000
5.919,-0.166000,-0.955000,0.216000,12.534000,5.511000,-6.473000,28.810000
5.926,-0.161000,-0.959000,0.212000,11.214000,2.786000,-5.870000,28.860000
5.939,-0.143000,-0.962000,0.206000,9.794000,1.015000,-5.176000,28.770000
5.946,-0.127000,-0.967000,0.215000,7.489000,0.817000,-4.969000,28.810000
5.958,-0.112000,-0.971000,0.199000,5.870000,2.313000,-5.160000,28.720000
5.970,-0.113000,-0.984000,0.196000,5.046000,1.824000,-3.565000,28.770000
5.977,-0.110000,-1.000000,0.189000,5.748000,0.489000,-2.053000,28.770000
5.990,-0.102000,-0.993000,0.187000,5.252000,2.198000,-2.237000,28.770000
5.999,-0.117000,-1.003000,0.187000,3.947000,0.863000,-1.145000,28.910000
6.009,-0.137000,-0.998000,0.173000,2.939000,-1.542000,0.664000,28.810000
6.016,-0.145000,-0.986000,0.178000,1.817000,-1.672000,1.374000,28.860000
6.030,-0.152000,-0.978000,0.174000,0.634000,-3.115000,3.107000,28.860000
6.036,-0.148000,-0.976000,0.178000,0.718000,-3.534000,4.695000,28.810000
6.050,-0.143000,-0.975000,0.175000,2.061000,-1.038000,5.527000,28.810000
6.055,-0.138000,-0.975000,0.176000,4.832000,2.015000,5.756000,28.860000
6.068,-0.146000,-0.960000,0.183000,7.275000,5.947000,5.145000,28.860000
6.081,-0.154000,-0.946000,0.191000,9.008000,10.573000,1.710000,28.860000
6.088,-0.161000,-0.948000,0.198000,9.580000,13.718000,-2.366000,28.810000
6.100,-0.176000,-0.962000,0.204000,9.008000,14.435000,-4.893000,28.810000
6.107,-0.186000,-0.963000,0.209000,8.924000,12.580000,-6.137000,28.770000
6.119,-0.187000,-0.941000,0.218000,6.359000,9.008000,-6.458000,28.860000
6.126,-0.183000,-0.923000,0.213000,2.344000,2.954000,-5.511000,28.720000
6.139,-0.151000,-0.932000,0.206000,-1.641000,-2.664000,-3.977000,28.810000
6.145,-0.117000,-0.958000,0.202000,-3.855000,-5.076000,-1.908000,28.860000
6.157,-0.110000,-0.990000,0.193000,-4.061000,-4.069000,-0.389000,28.770000
6.170,-0.095000,-0.986000,0.190000,-2.626000,-0.244000,-0.076000,28.770000
6.177,-0.107000,-0.975000,0.194000,-1.473000,2.740000,0.550000,28.810000
6.190,-0.097000,-0.964000,0.197000,-1.366000,5.931000,-0.137000,28.810000
6.196,-0.136000,-0.958000,0.196000,-2.580000,4.038000,1.458000,28.860000
6.209,-0.154000,-0.954000,0.177000,-3.244000,1.618000,2.260000,28.860000
6.216,-0.154000,-0.956000,0.176000,-4.664000,-0.840000,2.824000,28.810000
6.229,-0.147000,-0.969000,0.159000,-5.267000,-4.122000,3.718000,28.910000
6.240,-0.129000,-0.977000,0.147000,-4.359000,-4.595000,4.374000,28.770000
6.249,-0.099000,-1.000000,0.142000,-1.611000,-1.252000,4.565000,28.860000
6.260,-0.082000,-1.009000,0.154000,0.893000,6.191000,3.473000,28.720000
6.267,-0.108000,-1.003000,0.159000,4.130000,10.718000,4.084000,28.810000
6.280,-0.145000,-0.978000,0.154000,4.672000,12.183000,4.313000,28.910000
6.286,-0.188000,-0.958000,0.147000,3.198000,9.115000,4.855000,28.860000
6.299,-0.213000,-0.947000,0.150000,1.084000,2.893000,4.420000,28.860000
6.306,-0.195000,-0.936000,0.156000,-1.344000,-1.519000,2.053000,28.810000
6.319,-0.180000,-0.958000,0.169000,-1.969000,-5.053000,0.038000,28.810000
6.324,-0.146000,-0.967000,0.172000,-1.344000,-4.107000,-1.840000,28.770000
6.339,-0.116000,-0.976000,0.182000,-0.878000,-0.679000,-3.168000,28.770000
6.350,-0.122000,-0.980000,0.181000,0.664000,1.366000,-1.473000,28.860000
6.357,-0.115000,-0.968000,0.185000,1.275000,5.221000,-0.313000,28.810000
6.369,-0.134000,-0.961000,0.187000,1.603000,7.015000,1.267000,28.860000
6.377,-0.143000,-0.956000,0.176000,1.939000,5.626000,3.244000,28.860000
6.391,-0.149000,-0.944000,0.188000,1.344000,6.153000,3.191000,28.860000
6.397,-0.167000,-0.945000,0.186000,0.794000,6.061000,2.557000,28.720000
6.409,-0.175000,-0.956000,0.180000,0.779000,3.321000,1.985000,28.810000
6.416,-0.175000,-0.953000,0.172000,0.069000,2.382000,-0.626000,28.860000
6.430,-0.166000,-0.964000,0.185000,0.672000,1.099000,-2.122000,28.860000
6.437,-0.149000,-0.964000,0.198000,1.038000,-0.855000,-1.954000,28.810000
6.448,-0.125000,-0.954000,0.189000,1.069000,-0.756000,-1.687000,28.810000
6.460,-0.119000,-0.962000,0.200000,0.008000,-0.115000,-0.527000,28.860000
6.467,-0.116000,-0.960000,0.197000,-0.359000,0.122000,2.137000,28.950000
6.480,-0.118000,-0.967000,0.182000,-0.542000,0.855000,4.237000,28.720000
6.487,-0.139000,-0.975000,0.174000,-0.420000,0.015000,5.611000,28.910000
6.499,-0.160000,-0.972000,0.165000,-0.214000,-1.443000,5.214000,28.770000
6.506,-0.170000,-0.970000,0.164000,-0.122000,-3.870000,4.053000,28.860000
6.518,-0.180000,-0.978000,0.160000,0.840000,-6.595000,3.107000,28.770000
6.525,-0.141000,-0.965000,0.165000,0.954000,-4.954000,0.252000,28.910000
6.539,-0.136000,-0.964000,0.172000,1.168000,-2.847000,-0.695000,28.910000
6.551,-0.130000,-0.962000,0.170000,1.275000,-2.748000,0.511000,28.860000
6.557,-0.134000,-0.958000,0.175000,1.366000,-2.076000,2.305000,28.860000
6.577,-0.139000,-0.961000,0.166000,1.015000,-1.397000,2.702000,28.810000
6.577,-0.149000,-0.955000,0.176000,0.504000,1.695000,1.260000,28.810000
