time_sec,ax,ay,az,gx,gy,gz,temp_c
0.009,-0.228000,-0.803000,0.498000,-50.168000,34.366000,-5.740000,31.020000
0.015,-0.228000,-0.764000,0.517000,-43.084000,43.817000,-3.305000,30.930000
0.028,-0.200000,-0.756000,0.463000,-43.000000,61.305000,-5.137000,31.120000
0.040,-0.220000,-0.701000,0.457000,-46.756000,74.023000,-12.008000,31.070000
0.046,-0.262000,-0.688000,0.387000,-57.481000,83.290000,-18.924000,31.120000
0.059,-0.310000,-0.706000,0.324000,-66.863000,77.130000,-20.382000,31.070000
0.071,-0.305000,-0.793000,0.266000,-73.221000,65.779000,-17.863000,31.070000
0.078,-0.329000,-0.759000,0.223000,-77.611000,52.359000,-16.901000,31.120000
0.092,-0.303000,-0.765000,0.192000,-80.084000,31.595000,-9.244000,31.120000
0.097,-0.258000,-0.763000,0.162000,-88.229000,17.504000,-3.878000,31.070000
0.109,-0.178000,-0.800000,0.157000,-93.863000,9.878000,-0.794000,31.020000
0.115,-0.196000,-0.839000,0.146000,-100.290000,12.260000,-0.473000,31.020000
0.128,-0.205000,-0.910000,0.108000,-95.015000,9.389000,2.824000,31.070000
0.140,-0.169000,-0.928000,0.080000,-85.603000,12.099000,0.733000,31.070000
0.147,-0.198000,-0.960000,0.036000,-75.870000,10.832000,-1.710000,31.020000
0.159,-0.219000,-0.906000,-0.026000,-69.366000,4.168000,20.267000,31.120000
0.167,-0.256000,-1.054000,-0.055000,-53.527000,7.885000,-0.679000,31.070000
0.178,-0.182000,-1.126000,-0.029000,-32.687000,19.053000,0.260000,31.120000
0.186,-0.057000,-1.150000,0.029000,-7.275000,49.282000,-3.275000,31.020000
0.197,-0.075000,-1.074000,0.067000,12.359000,86.252000,-11.099000,31.170000
0.210,-0.290000,-0.644000,0.065000,11.183000,85.565000,11.321000,31.120000
0.217,-0.526000,-0.821000,-0.060000,-8.718000,55.260000,-1.031000,31.120000
0.230,-0.626000,-0.741000,-0.103000,-32.824000,8.496000,-10.580000,31.070000
0.236,-0.556000,-0.737000,-0.072000,-55.458000,-31.748000,-23.504000,31.070000
0.247,-0.329000,-0.829000,-0.042000,-70.985000,-53.885000,-31.313000,31.020000
0.259,-0.090000,-0.967000,-0.058000,-76.901000,-57.450000,-35.053000,31.070000
0.268,0.043000,-1.126000,-0.081000,-73.511000,-55.321000,-30.450000,30.980000
0.278,0.125000,-1.246000,-0.149000,-58.260000,-51.740000,-20.687000,31.020000
0.289,0.163000,-1.319000,-0.222000,-44.160000,-50.557000,-8.221000,30.930000
0.296,0.158000,-1.331000,-0.205000,-25.626000,-31.473000,-6.847000,30.880000
0.308,0.119000,-1.301000,-0.164000,-3.389000,-11.397000,-1.763000,31.020000
0.318,0.104000,-1.258000,-0.116000,14.725000,5.763000,2.374000,31.020000
0.328,0.018000,-1.157000,-0.055000,25.573000,18.687000,5.855000,31.070000
0.341,-0.103000,-1.065000,-0.032000,28.122000,20.107000,8.008000,31.070000
0.347,-0.197000,-0.998000,0.013000,28.664000,14.985000,10.061000,30.930000
0.360,-0.268000,-0.927000,0.053000,27.099000,8.573000,8.702000,31.070000
0.367,-0.306000,-0.918000,0.114000,23.031000,3.160000,5.824000,31.070000
0.379,-0.323000,-0.904000,0.140000,21.328000,-0.176000,1.863000,30.930000
0.387,-0.328000,-0.916000,0.183000,21.954000,0.977000,-1.282000,31.020000
0.398,-0.296000,-0.924000,0.219000,21.137000,7.931000,-4.954000,31.070000
0.405,-0.283000,-0.942000,0.250000,21.206000,13.298000,-4.855000,31.070000
0.418,-0.276000,-0.900000,0.289000,17.473000,17.573000,-6.046000,31.020000
0.430,-0.321000,-0.866000,0.292000,8.969000,22.687000,-9.153000,31.020000
0.437,-0.348000,-0.852000,0.265000,1.511000,10.679000,-8.336000,31.070000
0.449,-0.330000,-0.864000,0.265000,-8.038000,0.153000,-8.412000,31.020000
0.456,-0.309000,-0.938000,0.227000,-13.840000,-8.901000,-8.389000,31.020000
0.469,-0.248000,-1.000000,0.201000,-15.351000,-13.405000,-10.008000,30.980000
0.480,-0.194000,-1.056000,0.209000,-14.687000,-9.511000,-12.885000,31.020000
0.487,-0.141000,-1.079000,0.192000,-13.534000,-4.397000,-13.489000,31.120000
0.499,-0.121000,-1.075000,0.210000,-13.847000,5.290000,-13.496000,31.070000
0.506,-0.170000,-1.027000,0.209000,-17.443000,1.099000,-10.260000,30.980000
0.519,-0.232000,-0.993000,0.199000,-26.420000,-9.168000,-8.786000,31.020000
0.530,-0.269000,-0.989000,0.183000,-36.695000,-24.802000,-8.809000,30.980000
0.537,-0.250000,-1.012000,0.168000,-45.855000,-42.702000,-7.901000,31.070000
0.549,-0.198000,-1.050000,0.171000,-46.275000,-60.328000,-4.489000,31.020000
0.555,-0.128000,-1.098000,0.177000,-41.450000,-69.351000,1.466000,31.020000
0.569,-0.043000,-1.100000,0.168000,-37.313000,-67.603000,4.038000,31.070000
0.580,0.041000,-1.078000,0.180000,-40.840000,-41.664000,-3.496000,31.120000
0.587,0.021000,-1.123000,0.162000,-37.969000,-25.344000,-2.282000,31.020000
0.599,-0.026000,-1.137000,0.150000,-31.802000,-12.389000,0.924000,30.980000
0.606,-0.054000,-1.110000,0.118000,-25.969000,1.053000,4.771000,30.980000
0.619,-0.118000,-1.097000,0.086000,-19.710000,10.908000,6.901000,30.930000
0.626,-0.166000,-1.053000,0.061000,-16.916000,11.664000,9.817000,30.980000
0.638,-0.255000,-1.025000,0.022000,-18.817000,-1.908000,16.878000,30.980000
0.649,-0.284000,-1.037000,0.001000,-23.374000,-11.695000,19.321000,31.020000
0.656,-0.297000,-1.061000,0.025000,-27.275000,-18.618000,18.763000,31.020000
0.669,-0.303000,-1.069000,0.055000,-26.061000,-31.824000,21.374000,30.980000
0.676,-0.254000,-1.039000,0.085000,-27.046000,-33.168000,19.809000,30.980000
0.688,-0.229000,-1.031000,0.091000,-31.046000,-27.061000,15.817000,31.020000
0.699,-0.224000,-1.013000,0.086000,-30.489000,-23.527000,11.679000,31.020000
0.706,-0.243000,-1.060000,0.039000,-29.473000,-17.649000,6.626000,31.070000
0.719,-0.281000,-1.081000,0.006000,-25.504000,-14.916000,2.756000,31.020000
0.730,-0.329000,-1.063000,-0.015000,-21.832000,-14.038000,-1.496000,31.020000
0.738,-0.301000,-1.042000,-0.027000,-20.725000,-12.069000,-8.305000,31.070000
0.749,-0.258000,-1.015000,-0.018000,-22.847000,-8.015000,-15.374000,31.120000
0.755,-0.211000,-0.982000,0.015000,-23.969000,1.939000,-22.206000,31.020000
0.769,-0.205000,-0.999000,0.029000,-24.130000,7.687000,-25.122000,31.070000
0.780,-0.183000,-1.045000,-0.010000,-21.664000,5.443000,-24.099000,30.980000
0.787,-0.177000,-1.050000,-0.016000,-20.023000,5.573000,-24.427000,31.020000
0.799,-0.203000,-1.062000,-0.063000,-16.183000,0.527000,-22.443000,30.980000
0.805,-0.131000,-1.048000,-0.082000,-13.473000,-4.664000,-18.733000,31.070000
0.818,-0.154000,-1.000000,-0.091000,-15.611000,-5.611000,-16.359000,31.020000
0.830,-0.153000,-0.993000,-0.092000,-16.282000,-2.748000,-15.962000,31.020000
0.837,-0.130000,-0.979000,-0.081000,-14.031000,0.481000,-13.901000,31.170000
0.848,-0.155000,-0.958000,-0.054000,-11.725000,7.168000,-13.519000,31.020000
0.855,-0.172000,-0.981000,-0.065000,-6.603000,10.802000,-13.458000,31.020000
0.868,-0.203000,-0.969000,-0.079000,-1.023000,10.305000,-12.924000,30.880000
0.879,-0.201000,-0.956000,-0.076000,3.061000,9.557000,-14.832000,30.980000
0.886,-0.164000,-0.942000,-0.069000,3.588000,17.977000,-21.374000,31.120000
0.898,-0.179000,-0.907000,-0.078000,0.977000,18.725000,-23.450000,31.020000
0.905,-0.169000,-0.916000,-0.073000,1.573000,11.656000,-20.351000,30.980000
0.919,-0.136000,-0.905000,-0.064000,1.855000,9.527000,-16.107000,31.120000
0.930,-0.141000,-0.903000,-0.043000,5.221000,8.939000,-12.092000,31.020000
0.937,-0.150000,-0.908000,-0.032000,8.664000,5.634000,-8.947000,31.070000
0.949,-0.177000,-0.913000,-0.033000,10.107000,4.435000,-9.382000,31.070000
0.956,-0.194000,-0.922000,-0.011000,12.710000,1.122000,-11.557000,31.120000
0.969,-0.168000,-0.924000,-0.020000,13.244000,0.496000,-14.260000,31.120000
0.980,-0.158000,-0.922000,-0.016000,10.168000,-0.252000,-17.893000,30.980000
0.988,-0.090000,-0.951000,0.011000,10.718000,4.954000,-19.870000,31.120000
0.999,-0.062000,-0.970000,0.019000,12.634000,8.656000,-19.725000,31.020000
1.006,-0.055000,-0.980000,0.004000,15.328000,10.908000,-19.366000,31.070000
1.019,-0.055000,-0.960000,-0.002000,16.756000,12.038000,-18.489000,31.070000
1.030,-0.062000,-0.925000,-0.015000,16.817000,12.748000,-17.695000,30.930000
1.037,-0.108000,-0.941000,-0.047000,15.527000,8.656000,-17.130000,31.070000
1.049,-0.105000,-0.947000,-0.076000,10.542000,5.328000,-19.275000,31.070000
1.056,-0.149000,-0.949000,-0.068000,3.802000,-3.389000,-20.573000,31.020000
1.069,-0.164000,-0.967000,-0.079000,-1.756000,-11.519000,-21.924000,31.020000
1.080,-0.143000,-0.989000,-0.062000,-3.962000,-23.954000,-21.267000,31.070000
1.087,-0.069000,-1.023000,-0.027000,-7.099000,-30.244000,-18.649000,31.020000
1.099,0.020000,-1.041000,-0.008000,-7.092000,-29.023000,-20.489000,31.020000
1.105,0.028000,-1.074000,0.001000,-6.611000,-34.374000,-16.412000,31.120000
1.119,0.063000,-1.092000,0.014000,-5.618000,-36.733000,-12.863000,31.070000
1.130,0.104000,-1.094000,0.055000,0.115000,-39.641000,-6.389000,31.120000
1.137,0.104000,-1.106000,0.064000,4.588000,-38.924000,-1.550000,31.020000
1.149,0.084000,-1.074000,0.071000,6.229000,-27.214000,-0.015000,31.070000
1.156,0.047000,-1.080000,0.081000,10.802000,-17.527000,1.092000,31.120000
1.169,0.013000,-1.075000,0.061000,14.611000,-12.374000,0.542000,31.020000
1.177,-0.005000,-1.078000,0.070000,19.588000,-5.038000,-2.344000,30.980000
1.188,-0.009000,-1.066000,0.073000,24.718000,-3.137000,-2.534000,30.980000
1.194,0.032000,-1.090000,0.077000,31.122000,-0.053000,-3.191000,31.020000
1.207,-0.008000,-1.030000,0.110000,33.160000,-5.267000,0.740000,31.070000
1.220,-0.017000,-0.992000,0.124000,32.924000,-3.336000,2.420000,31.070000
1.228,-0.035000,-0.981000,0.135000,31.176000,-2.237000,3.099000,31.020000
1.239,-0.058000,-0.963000,0.130000,27.794000,-0.656000,2.710000,31.120000
1.246,-0.074000,-0.953000,0.140000,25.191000,-2.168000,3.099000,30.930000
1.258,-0.059000,-0.927000,0.152000,20.153000,-2.015000,1.084000,30.980000
1.267,-0.052000,-0.920000,0.154000,16.405000,-2.580000,0.298000,31.120000
1.277,-0.054000,-0.926000,0.143000,10.588000,-7.656000,-0.122000,31.170000
1.290,-0.073000,-0.938000,0.126000,3.695000,-16.275000,4.107000,31.070000
1.297,-0.062000,-0.940000,0.123000,-2.069000,-23.160000,7.305000,31.020000
1.309,-0.031000,-0.953000,0.124000,-3.954000,-28.519000,11.557000,31.020000
1.317,0.023000,-0.972000,0.139000,-3.733000,-25.840000,10.298000,31.070000
1.328,0.052000,-0.978000,0.156000,-2.901000,-16.221000,8.473000,30.980000
1.336,0.029000,-0.989000,0.140000,-0.534000,-10.420000,10.641000,31.020000
1.348,0.010000,-1.007000,0.115000,1.664000,-4.481000,10.733000,31.070000
1.360,-0.003000,-1.001000,0.101000,1.504000,-5.366000,11.405000,31.070000
1.367,-0.047000,-0.975000,0.090000,-0.122000,-7.374000,11.611000,31.020000
1.379,-0.094000,-0.956000,0.069000,-4.038000,-13.626000,13.924000,31.020000
1.386,-0.089000,-0.953000,0.065000,-9.565000,-18.595000,12.267000,30.980000
1.398,-0.073000,-0.963000,0.056000,-12.397000,-19.824000,12.038000,30.980000
1.410,-0.030000,-0.986000,0.100000,-9.168000,-16.405000,12.573000,31.120000
1.417,0.019000,-1.007000,0.110000,-2.496000,-9.046000,12.550000,31.070000
1.429,-0.028000,-1.008000,0.095000,4.878000,-5.237000,13.183000,30.880000
1.437,-0.104000,-0.992000,0.071000,10.084000,1.153000,12.115000,31.020000
1.449,-0.164000,-0.986000,0.037000,13.473000,2.023000,9.183000,31.020000
1.456,-0.210000,-0.977000,0.019000,14.313000,-3.046000,5.031000,31.070000
1.469,-0.212000,-0.966000,0.029000,13.672000,-8.359000,2.023000,31.020000
1.476,-0.169000,-0.977000,0.051000,13.534000,-17.702000,2.000000,31.020000
1.488,-0.127000,-0.972000,0.082000,10.878000,-23.000000,3.092000,31.070000
1.500,-0.112000,-0.981000,0.089000,9.305000,-23.450000,4.061000,31.070000
1.506,-0.094000,-0.990000,0.086000,7.573000,-23.878000,6.122000,31.020000
1.519,-0.074000,-1.010000,0.092000,10.191000,-22.237000,7.847000,31.020000
1.527,-0.071000,-0.984000,0.097000,11.137000,-16.947000,5.366000,30.980000
1.538,-0.095000,-0.959000,0.099000,10.198000,-12.282000,1.824000,31.020000
1.544,-0.151000,-0.957000,0.090000,10.084000,-15.931000,1.176000,31.020000
1.557,-0.184000,-0.951000,0.083000,7.656000,-20.977000,-0.863000,31.070000
1.569,-0.180000,-0.957000,0.061000,3.893000,-28.489000,-2.511000,31.070000
1.577,-0.157000,-0.958000,0.059000,-1.198000,-36.908000,-2.863000,31.020000
1.589,-0.117000,-0.980000,0.062000,-3.939000,-43.802000,0.053000,31.020000
1.595,-0.053000,-0.963000,0.083000,-5.794000,-45.885000,3.893000,31.070000
1.607,-0.022000,-0.976000,0.113000,-6.893000,-47.496000,8.176000,31.020000
1.620,0.003000,-0.978000,0.141000,-6.855000,-43.565000,9.595000,31.120000
1.628,-0.005000,-0.988000,0.126000,-3.947000,-38.634000,9.985000,31.170000
1.639,-0.011000,-0.983000,0.127000,-2.863000,-33.053000,8.985000,31.070000
1.646,-0.027000,-0.995000,0.106000,-1.939000,-30.099000,8.687000,31.020000
1.658,-0.036000,-0.983000,0.096000,-2.061000,-29.290000,8.992000,31.020000
1.668,-0.068000,-0.970000,0.095000,-3.053000,-28.794000,9.153000,31.070000
1.678,-0.095000,-0.961000,0.081000,-5.344000,-30.511000,9.412000,31.020000
1.690,-0.121000,-0.961000,0.066000,-7.588000,-37.160000,9.183000,31.120000
1.696,-0.121000,-0.959000,0.055000,-9.695000,-42.076000,8.069000,31.070000
1.709,-0.093000,-0.966000,0.057000,-10.908000,-41.504000,6.527000,31.170000
1.717,-0.092000,-0.983000,0.073000,-9.687000,-41.763000,7.519000,31.020000
1.729,-0.107000,-0.957000,0.068000,-9.359000,-37.802000,5.962000,31.070000
1.734,-0.132000,-0.945000,0.070000,-8.733000,-34.817000,3.206000,30.980000
1.747,-0.130000,-0.955000,0.073000,-8.397000,-35.947000,0.183000,31.020000
1.759,-0.132000,-0.962000,0.072000,-9.214000,-38.534000,-0.847000,31.020000
1.768,-0.124000,-0.973000,0.067000,-9.870000,-46.710000,0.634000,31.070000
1.778,-0.111000,-0.962000,0.060000,-12.817000,-52.252000,2.244000,31.070000
1.786,-0.117000,-0.975000,0.061000,-14.252000,-56.702000,2.809000,31.020000
1.797,-0.131000,-0.961000,0.043000,-15.137000,-60.214000,1.962000,31.020000
1.809,-0.155000,-0.972000,0.046000,-15.214000,-63.183000,-1.359000,31.070000
1.818,-0.140000,-0.968000,0.047000,-13.244000,-65.771000,-3.733000,31.020000
1.829,-0.117000,-0.985000,0.070000,-14.076000,-64.527000,-4.756000,31.120000
1.836,-0.134000,-0.996000,0.063000,-13.046000,-65.786000,-5.115000,31.070000
1.847,-0.116000,-0.990000,0.056000,-12.397000,-67.023000,-4.733000,31.020000
1.859,-0.103000,-1.008000,0.069000,-12.389000,-66.679000,-5.061000,31.020000
1.867,-0.078000,-1.009000,0.079000,-11.794000,-69.687000,-6.145000,31.070000
1.878,-0.034000,-1.017000,0.080000,-9.763000,-67.901000,-7.557000,31.070000
1.887,0.029000,-1.028000,0.123000,-7.962000,-57.687000,-11.695000,31.020000
1.897,0.043000,-1.042000,0.127000,-3.878000,-45.450000,-13.344000,31.120000
1.909,0.031000,-1.047000,0.118000,0.534000,-39.328000,-13.718000,30.980000
1.917,0.021000,-1.028000,0.118000,4.435000,-32.985000,-12.901000,31.020000
1.929,-0.029000,-1.003000,0.095000,5.191000,-28.985000,-13.985000,31.120000
1.936,-0.078000,-0.992000,0.078000,5.954000,-30.481000,-14.427000,31.020000
1.947,-0.110000,-0.975000,0.074000,4.366000,-35.328000,-14.443000,31.070000
1.959,-0.082000,-0.992000,0.070000,3.145000,-42.832000,-11.176000,31.020000
1.968,-0.011000,-1.007000,0.092000,4.733000,-46.962000,-6.031000,31.120000
1.979,0.043000,-1.031000,0.110000,6.137000,-44.771000,-1.573000,31.070000
1.987,0.059000,-1.025000,0.140000,6.687000,-35.817000,0.947000,31.020000
1.998,0.019000,-1.017000,0.138000,7.282000,-28.855000,0.267000,31.120000
2.005,-0.004000,-0.996000,0.126000,6.534000,-25.229000,-0.504000,30.980000
2.019,-0.023000,-0.974000,0.125000,5.947000,-23.069000,-4.137000,31.070000
2.030,-0.026000,-0.969000,0.121000,5.939000,-30.756000,-4.916000,31.020000
2.037,0.034000,-0.974000,0.142000,5.420000,-32.687000,-5.153000,30.980000
2.049,0.071000,-0.976000,0.158000,4.771000,-33.344000,-1.672000,31.070000
2.056,0.103000,-0.983000,0.156000,3.153000,-30.580000,3.649000,31.020000
2.070,0.111000,-1.015000,0.155000,3.870000,-28.824000,12.252000,31.120000
2.076,0.125000,-0.990000,0.153000,2.718000,-22.107000,17.076000,31.170000
2.088,0.073000,-0.975000,0.136000,2.557000,-17.786000,19.855000,30.980000
2.093,0.084000,-0.962000,0.126000,1.756000,-12.168000,17.206000,31.120000
2.107,0.087000,-0.954000,0.116000,-1.183000,-3.382000,12.885000,31.070000
2.119,0.067000,-0.970000,0.098000,-1.740000,-2.947000,13.695000,30.980000
2.128,0.050000,-0.986000,0.074000,-2.824000,-5.015000,15.847000,31.120000
2.139,0.029000,-0.997000,0.057000,-2.534000,-8.237000,19.267000,31.020000
2.146,0.023000,-0.990000,0.048000,-0.656000,-12.855000,21.748000,31.070000
2.158,0.005000,-0.972000,0.058000,0.954000,-16.061000,22.076000,31.020000
2.165,0.024000,-0.974000,0.069000,3.718000,-13.389000,19.870000,31.020000
2.178,0.053000,-0.971000,0.078000,6.023000,-9.328000,17.450000,30.980000
2.190,0.051000,-0.995000,0.056000,8.855000,-6.969000,18.183000,31.070000
2.197,0.019000,-1.004000,0.054000,13.328000,-8.092000,21.008000,31.020000
2.209,0.007000,-1.003000,0.060000,17.740000,-8.527000,23.672000,31.020000
2.218,-0.013000,-0.983000,0.072000,20.725000,-9.176000,23.893000,31.070000
2.229,-0.047000,-0.958000,0.075000,22.244000,-11.672000,23.412000,31.020000
2.237,-0.012000,-0.936000,0.097000,19.672000,-5.076000,17.794000,30.930000
2.247,-0.010000,-0.945000,0.110000,16.351000,-3.053000,15.992000,31.070000
2.260,0.025000,-0.984000,0.090000,12.855000,-6.412000,17.557000,31.070000
2.268,0.017000,-0.982000,0.107000,10.137000,-4.031000,18.557000,31.020000
2.280,0.007000,-0.997000,0.119000,9.496000,-3.710000,22.351000,31.020000
2.287,0.001000,-0.990000,0.113000,9.221000,-4.481000,25.641000,31.070000
2.299,-0.015000,-0.970000,0.126000,8.710000,-4.687000,26.611000,31.120000
2.306,-0.048000,-0.958000,0.112000,6.031000,-5.076000,26.756000,31.020000
2.319,-0.061000,-0.972000,0.093000,1.931000,-9.611000,27.519000,31.070000
2.326,-0.069000,-1.001000,0.072000,2.519000,-15.626000,28.229000,31.070000
2.338,-0.061000,-0.997000,0.093000,6.550000,-20.267000,30.122000,31.020000
2.350,-0.049000,-1.003000,0.097000,6.458000,-15.664000,29.947000,31.120000
2.356,-0.070000,-0.990000,0.100000,8.344000,-10.397000,27.702000,31.070000
2.369,-0.073000,-0.962000,0.117000,8.908000,-3.321000,24.260000,31.020000
2.378,-0.089000,-0.962000,0.113000,10.832000,0.435000,22.977000,31.120000
2.389,-0.102000,-0.971000,0.109000,11.313000,0.672000,23.366000,31.070000
2.395,-0.136000,-0.964000,0.101000,12.481000,-0.580000,23.534000,31.170000
2.407,-0.174000,-0.957000,0.099000,12.786000,-2.435000,24.145000,31.020000
2.420,-0.193000,-0.939000,0.090000,14.397000,-4.603000,21.076000,31.070000
2.428,-0.177000,-0.930000,0.109000,14.198000,-5.137000,17.031000,31.070000
2.439,-0.166000,-0.920000,0.138000,14.221000,-3.076000,12.115000,31.020000
2.445,-0.131000,-0.913000,0.163000,12.718000,-1.977000,10.840000,31.120000
2.458,-0.121000,-0.912000,0.178000,12.641000,2.443000,9.359000,31.070000
2.467,-0.156000,-0.910000,0.179000,13.145000,4.611000,9.931000,31.070000
2.478,-0.184000,-0.905000,0.179000,14.321000,4.863000,9.244000,31.120000
2.490,-0.196000,-0.916000,0.163000,14.557000,2.405000,8.397000,31.020000
2.497,-0.187000,-0.914000,0.160000,14.870000,0.076000,7.779000,31.070000
2.509,-0.152000,-0.948000,0.140000,14.725000,-7.748000,6.206000,31.020000
2.517,-0.188000,-0.917000,0.155000,11.221000,-12.275000,8.931000,31.020000
2.529,-0.210000,-0.919000,0.163000,8.718000,-16.260000,10.198000,31.070000
2.536,-0.199000,-0.945000,0.162000,6.405000,-22.107000,10.969000,31.020000
2.548,-0.164000,-0.958000,0.167000,4.969000,-23.710000,8.885000,31.020000
2.560,-0.134000,-1.000000,0.152000,4.214000,-26.679000,7.611000,31.070000
2.567,-0.128000,-0.995000,0.153000,4.336000,-27.412000,8.458000,31.070000
2.580,-0.132000,-0.982000,0.139000,3.092000,-24.313000,9.656000,31.020000
2.587,-0.160000,-0.960000,0.147000,4.115000,-22.687000,9.893000,31.020000
2.599,-0.145000,-0.946000,0.152000,6.031000,-22.443000,8.626000,31.070000
2.606,-0.120000,-0.961000,0.179000,7.214000,-24.229000,7.580000,31.120000
2.619,-0.093000,-0.973000,0.188000,7.939000,-25.588000,7.053000,31.120000
2.626,-0.091000,-0.970000,0.216000,8.237000,-23.000000,7.237000,30.930000
2.637,-0.087000,-0.978000,0.211000,7.473000,-20.359000,9.237000,31.070000
2.650,-0.073000,-0.958000,0.214000,6.947000,-15.779000,9.740000,31.020000
2.657,-0.093000,-0.914000,0.205000,6.336000,-9.863000,8.672000,30.980000
2.669,-0.126000,-0.899000,0.204000,8.153000,-6.611000,5.382000,30.980000
2.678,-0.115000,-0.886000,0.226000,9.069000,-4.802000,2.916000,31.020000
2.689,-0.116000,-0.926000,0.225000,8.374000,-3.870000,2.237000,31.120000
2.696,-0.118000,-0.935000,0.212000,8.489000,-5.031000,2.939000,31.070000
2.708,-0.107000,-0.940000,0.199000,10.649000,-7.672000,5.595000,31.070000
2.717,-0.073000,-0.931000,0.220000,12.145000,-6.710000,7.282000,30.930000
2.728,-0.065000,-0.922000,0.246000,14.473000,-2.855000,7.519000,30.980000
2.740,-0.068000,-0.895000,0.259000,13.985000,5.389000,5.473000,31.070000
2.747,-0.084000,-0.890000,0.260000,11.733000,10.336000,3.786000,31.120000
2.759,-0.116000,-0.906000,0.244000,9.198000,12.061000,3.779000,31.020000
2.767,-0.125000,-0.948000,0.205000,6.275000,13.679000,4.191000,31.070000
2.779,-0.129000,-0.969000,0.185000,6.878000,10.969000,6.183000,31.020000
2.786,-0.138000,-0.990000,0.173000,7.573000,10.931000,6.382000,31.020000
2.798,-0.139000,-0.995000,0.159000,9.817000,12.260000,3.710000,31.070000
2.805,-0.152000,-0.979000,0.170000,12.588000,12.763000,1.611000,31.020000
2.819,-0.135000,-1.006000,0.156000,13.718000,12.710000,1.863000,30.930000
2.830,-0.140000,-1.001000,0.149000,14.313000,11.122000,4.824000,31.070000
2.837,-0.151000,-0.998000,0.155000,14.779000,8.847000,8.298000,30.980000
2.850,-0.153000,-0.972000,0.165000,14.328000,8.061000,9.885000,31.020000
2.856,-0.205000,-0.944000,0.172000,14.137000,3.832000,11.985000,30.980000
2.869,-0.209000,-0.932000,0.182000,14.092000,-1.084000,12.496000,31.070000
2.877,-0.205000,-0.929000,0.197000,12.954000,-4.534000,11.565000,31.020000
2.888,-0.176000,-0.950000,0.206000,11.420000,-8.359000,11.321000,31.020000
2.894,-0.150000,-0.960000,0.197000,8.435000,-8.191000,11.275000,31.170000
2.907,-0.160000,-0.963000,0.193000,6.168000,-6.634000,12.649000,31.120000
2.921,-0.183000,-0.960000,0.199000,5.740000,-11.771000,15.313000,31.020000
2.927,-0.200000,-0.936000,0.203000,4.550000,-17.031000,18.099000,30.980000
2.939,-0.229000,-0.911000,0.216000,4.229000,-22.397000,18.321000,30.980000
2.945,-0.232000,-0.897000,0.226000,2.702000,-28.786000,18.328000,31.120000
2.958,-0.233000,-0.925000,0.225000,2.290000,-33.183000,16.504000,31.020000
2.971,-0.219000,-0.942000,0.230000,5.000000,-36.863000,13.916000,31.070000
2.978,-0.186000,-0.938000,0.257000,6.221000,-35.634000,11.183000,31.020000
2.989,-0.178000,-0.924000,0.277000,7.931000,-29.298000,7.939000,31.020000
2.996,-0.195000,-0.923000,0.258000,8.809000,-28.260000,7.847000,31.070000
3.008,-0.226000,-0.906000,0.258000,8.183000,-29.405000,8.550000,30.980000
3.017,-0.251000,-0.879000,0.250000,6.939000,-32.382000,7.473000,31.020000
3.028,-0.229000,-0.870000,0.257000,5.008000,-37.328000,5.458000,31.020000
3.036,-0.177000,-0.869000,0.287000,3.740000,-40.847000,3.443000,31.070000
3.047,-0.140000,-0.905000,0.307000,4.992000,-45.176000,3.237000,31.020000
3.060,-0.085000,-0.907000,0.334000,5.000000,-39.542000,3.519000,31.020000
3.068,-0.060000,-0.918000,0.348000,5.298000,-30.351000,3.969000,31.070000
3.079,-0.055000,-0.939000,0.346000,4.954000,-24.183000,6.573000,31.020000
3.086,-0.063000,-0.944000,0.321000,2.618000,-18.282000,9.710000,31.020000
3.098,-0.115000,-0.948000,0.287000,0.977000,-16.504000,12.908000,31.070000
3.105,-0.115000,-0.943000,0.240000,-0.496000,-20.626000,16.748000,31.070000
3.119,-0.156000,-0.910000,0.221000,-3.038000,-24.122000,17.221000,31.120000
3.131,-0.189000,-0.926000,0.250000,0.267000,-30.023000,16.794000,31.070000
3.137,-0.136000,-0.924000,0.285000,2.321000,-31.466000,14.519000,31.070000
3.149,-0.120000,-0.917000,0.297000,1.916000,-28.160000,10.695000,31.120000
3.155,-0.096000,-0.930000,0.307000,2.160000,-24.565000,10.252000,31.120000
3.169,-0.087000,-0.946000,0.291000,2.397000,-19.237000,11.458000,30.980000
3.180,-0.084000,-0.962000,0.263000,2.092000,-16.824000,15.015000,31.020000
3.187,-0.136000,-0.959000,0.233000,1.275000,-19.351000,20.496000,31.120000
3.199,-0.224000,-0.926000,0.202000,0.687000,-23.794000,23.214000,30.980000
3.206,-0.244000,-0.900000,0.204000,0.740000,-29.626000,22.397000,31.020000
3.219,-0.206000,-0.897000,0.251000,1.687000,-34.504000,18.382000,31.020000
3.227,-0.175000,-0.932000,0.267000,2.618000,-35.611000,14.084000,30.980000
3.238,-0.122000,-0.936000,0.286000,3.092000,-33.794000,12.038000,31.070000
3.250,-0.107000,-0.949000,0.296000,4.198000,-28.992000,13.458000,31.020000
3.257,-0.080000,-0.933000,0.300000,5.588000,-21.664000,15.733000,31.070000
3.269,-0.124000,-0.915000,0.284000,5.969000,-12.565000,16.115000,31.070000
3.278,-0.196000,-0.877000,0.263000,4.855000,-10.740000,16.939000,31.020000
3.289,-0.259000,-0.894000,0.234000,2.397000,-16.763000,17.374000,30.930000
3.295,-0.262000,-0.884000,0.222000,0.206000,-22.809000,15.947000,30.980000
3.307,-0.265000,-0.896000,0.231000,0.550000,-31.076000,14.893000,30.930000
3.320,-0.219000,-0.906000,0.255000,2.389000,-36.412000,13.107000,30.930000
3.327,-0.191000,-0.900000,0.294000,5.908000,-32.206000,10.069000,31.070000
3.339,-0.167000,-0.896000,0.312000,9.351000,-27.298000,8.969000,30.980000
3.346,-0.150000,-0.900000,0.314000,11.504000,-18.840000,7.366000,31.020000
3.358,-0.136000,-0.905000,0.314000,11.496000,-14.023000,6.740000,30.980000
3.365,-0.160000,-0.895000,0.302000,11.664000,-9.863000,5.733000,31.070000
3.378,-0.185000,-0.910000,0.295000,11.092000,-10.336000,5.397000,31.020000
3.389,-0.181000,-0.896000,0.299000,10.084000,-12.115000,5.733000,31.020000
3.397,-0.205000,-0.901000,0.286000,8.718000,-14.031000,7.061000,31.070000
3.409,-0.187000,-0.919000,0.283000,8.725000,-18.824000,9.038000,31.020000
3.418,-0.182000,-0.910000,0.280000,8.672000,-20.977000,10.084000,31.020000
3.429,-0.164000,-0.907000,0.297000,8.176000,-19.718000,8.237000,31.020000
3.436,-0.160000,-0.909000,0.302000,7.725000,-15.977000,6.267000,31.070000
3.448,-0.155000,-0.881000,0.321000,7.763000,-9.542000,4.145000,31.120000
3.460,-0.152000,-0.905000,0.323000,8.794000,-7.282000,3.481000,31.170000
3.468,-0.153000,-0.912000,0.322000,9.641000,-4.611000,3.328000,31.070000
3.480,-0.154000,-0.923000,0.313000,10.366000,-4.595000,3.260000,31.020000
3.487,-0.105000,-0.930000,0.319000,11.115000,-7.099000,3.649000,31.020000
3.499,-0.114000,-0.919000,0.323000,10.962000,-4.947000,4.901000,31.070000
3.505,-0.115000,-0.934000,0.308000,11.023000,-6.069000,6.710000,31.020000
3.518,-0.091000,-0.917000,0.293000,11.115000,-9.168000,7.534000,31.020000
3.527,-0.096000,-0.909000,0.301000,11.435000,-7.748000,6.382000,31.070000
3.537,-0.067000,-0.843000,0.291000,14.794000,-6.496000,1.473000,30.980000
3.550,-0.116000,-0.859000,0.331000,10.473000,-3.542000,-3.198000,31.020000
3.556,-0.130000,-0.842000,0.357000,10.298000,-2.069000,-7.397000,31.020000
3.569,-0.082000,-0.880000,0.356000,7.336000,4.870000,-7.168000,31.070000
3.578,-0.070000,-0.894000,0.371000,5.672000,20.870000,-11.832000,31.020000
3.588,-0.062000,-0.936000,0.319000,4.969000,26.252000,-9.221000,31.070000
3.595,-0.090000,-0.967000,0.263000,6.878000,20.695000,-4.924000,30.980000
3.607,-0.118000,-0.994000,0.229000,8.130000,13.466000,2.260000,31.120000
3.620,-0.169000,-1.012000,0.167000,12.412000,2.748000,9.359000,31.120000
3.628,-0.212000,-0.998000,0.160000,15.939000,-2.473000,11.916000,31.070000
3.640,-0.248000,-0.991000,0.167000,20.702000,-11.458000,12.947000,31.020000
3.646,-0.238000,-0.981000,0.176000,22.382000,-22.908000,12.824000,31.020000
3.658,-0.241000,-0.955000,0.232000,24.038000,-28.885000,13.145000,30.980000
3.664,-0.232000,-0.953000,0.266000,28.298000,-38.618000,16.229000,31.070000
3.678,-0.198000,-0.886000,0.336000,33.725000,-38.458000,17.542000,31.020000
3.689,-0.165000,-0.831000,0.415000,37.321000,-23.908000,13.824000,31.120000
3.696,-0.141000,-0.814000,0.481000,39.489000,-12.275000,10.969000,31.070000
3.709,-0.163000,-0.791000,0.495000,38.725000,1.420000,5.763000,31.020000
3.717,-0.203000,-0.788000,0.509000,37.038000,13.656000,-0.901000,31.120000
3.728,-0.242000,-0.781000,0.496000,34.771000,17.832000,-5.611000,30.980000
3.740,-0.232000,-0.793000,0.492000,31.779000,18.878000,-11.511000,31.070000
3.746,-0.185000,-0.848000,0.465000,30.321000,14.038000,-12.603000,31.020000
3.759,-0.157000,-0.868000,0.460000,30.588000,8.519000,-10.763000,31.070000
3.767,-0.134000,-0.902000,0.439000,30.038000,7.534000,-6.504000,30.980000
3.778,-0.157000,-0.899000,0.430000,31.710000,4.580000,0.679000,31.020000
3.787,-0.230000,-0.862000,0.462000,33.450000,4.252000,3.885000,31.020000
3.798,-0.315000,-0.806000,0.484000,37.550000,4.992000,-1.336000,30.980000
3.810,-0.279000,-0.751000,0.518000,39.992000,7.802000,-11.794000,31.120000
3.819,-0.201000,-0.799000,0.514000,44.626000,8.855000,-21.076000,31.120000
3.829,-0.090000,-0.824000,0.516000,48.267000,23.702000,-33.779000,31.120000
3.836,-0.078000,-0.876000,0.454000,54.794000,38.321000,-40.573000,30.980000
3.848,-0.089000,-0.885000,0.428000,58.473000,41.015000,-40.008000,31.020000
3.853,-0.108000,-0.875000,0.431000,58.168000,41.427000,-37.305000,31.070000
3.869,-0.134000,-0.862000,0.454000,56.221000,35.954000,-30.527000,31.070000
3.880,-0.152000,-0.817000,0.487000,52.435000,27.908000,-23.412000,31.020000
3.887,-0.186000,-0.788000,0.501000,46.443000,17.046000,-14.214000,31.120000
3.898,-0.189000,-0.750000,0.503000,38.733000,-3.695000,-5.137000,31.070000
3.905,-0.101000,-0.746000,0.480000,27.695000,-20.473000,2.122000,31.020000
3.919,-0.008000,-0.751000,0.513000,9.046000,-6.634000,-1.855000,31.020000
3.931,-0.075000,-0.837000,0.472000,4.481000,-7.336000,5.947000,31.070000
3.938,-0.088000,-0.839000,0.465000,5.366000,-12.840000,11.832000,31.070000
3.949,-0.132000,-0.818000,0.510000,5.443000,-13.634000,13.527000,31.120000
3.956,-0.156000,-0.789000,0.542000,4.260000,-10.099000,10.168000,31.120000
3.969,-0.143000,-0.775000,0.574000,1.756000,-6.878000,6.580000,31.070000
3.978,-0.107000,-0.782000,0.555000,-1.618000,-4.237000,6.160000,31.020000
3.988,-0.094000,-0.800000,0.539000,-4.405000,0.214000,7.031000,31.120000
3.995,-0.115000,-0.817000,0.512000,-5.313000,4.481000,8.878000,30.980000
4.007,-0.147000,-0.839000,0.500000,-2.313000,2.779000,12.046000,31.070000
4.020,-0.159000,-0.832000,0.486000,-1.992000,4.588000,11.328000,31.020000
4.028,-0.168000,-0.857000,0.478000,-1.389000,3.038000,10.137000,31.170000
4.040,-0.156000,-0.850000,0.491000,-1.664000,4.092000,7.282000,31.170000
4.046,-0.141000,-0.876000,0.494000,-1.893000,5.519000,6.557000,31.020000
4.059,-0.126000,-0.849000,0.505000,-2.595000,4.870000,8.718000,31.120000
4.068,-0.121000,-0.815000,0.526000,1.687000,6.008000,9.763000,30.980000
4.078,-0.157000,-0.797000,0.545000,1.389000,5.359000,11.076000,31.020000
4.086,-0.199000,-0.761000,0.578000,2.053000,4.511000,12.496000,31.020000
4.098,-0.235000,-0.732000,0.597000,0.069000,2.840000,11.595000,31.120000
4.110,-0.220000,-0.726000,0.584000,-1.687000,0.481000,9.214000,30.980000
4.119,-0.208000,-0.726000,0.580000,-4.000000,5.595000,4.992000,31.020000
4.129,-0.180000,-0.725000,0.605000,-4.733000,20.069000,-2.092000,31.070000
4.137,-0.229000,-0.711000,0.618000,-0.947000,31.885000,-6.786000,31.070000
4.148,-0.297000,-0.664000,0.639000,1.527000,41.992000,-12.069000,30.930000
4.155,-0.340000,-0.632000,0.621000,-1.634000,48.000000,-17.206000,31.020000
4.170,-0.324000,-0.656000,0.580000,-6.458000,47.763000,-22.038000,30.980000
4.180,-0.321000,-0.708000,0.528000,-12.252000,38.748000,-21.786000,31.020000
4.186,-0.290000,-0.765000,0.475000,-14.733000,24.107000,-19.496000,31.120000
4.199,-0.260000,-0.782000,0.468000,-17.924000,15.511000,-18.069000,31.070000
4.205,-0.225000,-0.811000,0.456000,-19.458000,5.710000,-14.656000,30.980000
4.219,-0.197000,-0.815000,0.482000,-20.840000,1.611000,-11.420000,31.120000
4.230,-0.170000,-0.791000,0.501000,-20.740000,3.405000,-11.702000,31.020000
4.237,-0.148000,-0.780000,0.517000,-23.168000,8.542000,-13.427000,31.070000
4.249,-0.088000,-0.838000,0.490000,-25.328000,10.130000,-15.084000,31.020000
4.255,-0.052000,-0.898000,0.436000,-24.893000,11.962000,-15.595000,31.120000
4.268,-0.079000,-0.907000,0.409000,-22.260000,14.672000,-14.687000,31.070000
4.280,-0.098000,-0.905000,0.387000,-19.924000,17.145000,-13.695000,31.070000
4.287,-0.130000,-0.902000,0.376000,-18.679000,17.282000,-12.809000,31.120000
4.298,-0.196000,-0.875000,0.376000,-16.908000,13.489000,-11.206000,31.070000
4.305,-0.226000,-0.848000,0.395000,-16.565000,8.420000,-10.115000,31.070000
4.319,-0.213000,-0.815000,0.423000,-14.458000,3.679000,-11.779000,31.020000
4.331,-0.171000,-0.801000,0.462000,-12.542000,4.550000,-16.847000,31.120000
4.337,-0.096000,-0.844000,0.467000,-11.718000,8.664000,-20.664000,31.070000
4.348,-0.053000,-0.889000,0.437000,-11.145000,14.901000,-20.916000,31.020000
4.355,-0.055000,-0.904000,0.414000,-9.489000,22.679000,-19.305000,31.020000
4.369,-0.070000,-0.951000,0.354000,-7.771000,20.634000,-14.443000,31.020000
4.380,-0.067000,-0.943000,0.326000,-10.634000,18.260000,-14.290000,31.170000
4.386,-0.120000,-0.919000,0.320000,-20.931000,12.580000,-7.550000,31.020000
4.399,-0.137000,-0.877000,0.344000,-24.809000,-1.687000,1.221000,31.070000
4.405,-0.118000,-0.847000,0.344000,-32.198000,-6.115000,9.137000,31.070000
4.419,-0.119000,-0.810000,0.402000,-31.534000,-4.855000,10.290000,31.120000
4.430,-0.140000,-0.800000,0.428000,-25.450000,-7.656000,11.176000,31.120000
4.437,-0.135000,-0.780000,0.458000,-22.122000,-2.298000,6.191000,31.070000
4.449,-0.121000,-0.789000,0.484000,-18.290000,7.802000,-0.924000,31.120000
4.456,-0.129000,-0.773000,0.445000,-17.908000,19.985000,-9.504000,31.120000
4.469,-0.152000,-0.791000,0.402000,-17.870000,29.550000,-17.466000,31.070000
4.480,-0.154000,-0.799000,0.367000,-17.649000,31.237000,-20.840000,30.980000
4.487,-0.156000,-0.842000,0.363000,-14.718000,31.840000,-24.145000,30.930000
4.499,-0.109000,-0.905000,0.334000,-7.687000,30.573000,-25.656000,31.020000
4.506,-0.050000,-0.944000,0.334000,-3.656000,35.229000,-25.641000,31.170000
4.519,-0.051000,-0.963000,0.345000,5.702000,38.489000,-24.809000,31.020000
4.530,-0.082000,-0.964000,0.357000,11.031000,42.198000,-23.168000,31.120000
4.537,-0.124000,-0.940000,0.374000,16.031000,40.412000,-20.252000,31.070000
4.549,-0.154000,-0.859000,0.416000,17.794000,43.252000,-22.275000,31.120000
4.556,-0.150000,-0.810000,0.450000,16.924000,45.489000,-25.511000,30.930000
4.569,-0.132000,-0.821000,0.450000,15.313000,45.779000,-28.771000,31.070000
4.576,-0.135000,-0.861000,0.430000,14.031000,45.214000,-30.366000,31.070000
4.587,-0.088000,-0.906000,0.426000,15.573000,51.191000,-32.466000,30.930000
4.599,-0.045000,-0.931000,0.426000,15.496000,58.947000,-34.786000,30.930000
4.606,-0.040000,-0.966000,0.395000,18.275000,58.344000,-30.809000,31.070000
4.619,-0.050000,-0.936000,0.398000,20.863000,56.473000,-27.985000,31.020000
4.625,-0.047000,-0.897000,0.419000,21.725000,57.412000,-25.611000,31.120000
4.638,-0.051000,-0.889000,0.438000,21.084000,59.664000,-23.489000,31.020000
4.650,-0.082000,-0.876000,0.454000,21.290000,62.206000,-21.939000,31.070000
4.656,-0.088000,-0.887000,0.438000,19.672000,65.580000,-21.038000,31.020000
4.669,-0.086000,-0.908000,0.400000,17.527000,72.305000,-21.305000,31.070000
4.678,-0.102000,-0.898000,0.353000,17.336000,81.046000,-22.992000,31.170000
4.688,-0.118000,-0.906000,0.311000,21.198000,86.427000,-23.489000,31.020000
4.699,-0.123000,-0.887000,0.285000,27.321000,92.061000,-23.679000,30.930000
4.706,-0.170000,-0.863000,0.289000,36.115000,95.756000,-23.573000,31.070000
4.719,-0.216000,-0.813000,0.294000,40.763000,99.534000,-24.557000,31.120000
4.727,-0.260000,-0.760000,0.349000,41.099000,102.496000,-28.031000,31.020000
4.739,-0.296000,-0.698000,0.397000,37.489000,100.084000,-31.275000,31.070000
4.750,-0.315000,-0.627000,0.463000,30.855000,97.046000,-35.275000,30.980000
4.756,-0.300000,-0.629000,0.504000,24.252000,89.901000,-38.092000,31.120000
4.769,-0.293000,-0.658000,0.501000,19.282000,80.481000,-41.786000,31.120000
4.777,-0.236000,-0.694000,0.518000,12.069000,79.313000,-44.160000,30.980000
4.788,-0.227000,-0.753000,0.476000,6.458000,78.252000,-44.366000,31.020000
4.800,-0.197000,-0.774000,0.433000,3.870000,75.687000,-42.168000,31.020000
4.807,-0.172000,-0.790000,0.407000,1.405000,70.252000,-38.313000,31.070000
4.819,-0.150000,-0.796000,0.396000,-2.664000,67.252000,-35.267000,31.020000
4.828,-0.163000,-0.819000,0.396000,-8.466000,67.679000,-34.748000,31.020000
4.839,-0.233000,-0.856000,0.365000,-12.794000,58.313000,-29.939000,31.070000
4.850,-0.276000,-0.862000,0.347000,-17.351000,48.069000,-26.084000,30.980000
4.857,-0.313000,-0.878000,0.321000,-19.779000,37.664000,-23.809000,31.020000
4.869,-0.288000,-0.850000,0.316000,-19.557000,28.779000,-22.863000,31.070000
4.877,-0.224000,-0.851000,0.315000,-16.473000,20.473000,-23.099000,30.980000
4.888,-0.156000,-0.872000,0.343000,-12.427000,18.641000,-25.153000,31.020000
4.900,-0.120000,-0.912000,0.394000,-7.542000,23.794000,-27.962000,31.120000
4.907,-0.136000,-0.985000,0.387000,-3.840000,27.084000,-27.336000,31.070000
4.919,-0.169000,-1.012000,0.371000,-1.244000,29.550000,-23.313000,31.020000
4.928,-0.196000,-0.974000,0.375000,3.908000,29.145000,-19.420000,31.120000
4.939,-0.196000,-0.925000,0.379000,7.473000,28.580000,-17.557000,31.070000
4.943,-0.187000,-0.871000,0.374000,10.916000,25.977000,-14.290000,31.070000
4.957,-0.226000,-0.795000,0.364000,12.313000,21.260000,-11.969000,31.020000
4.969,-0.217000,-0.780000,0.331000,11.786000,6.435000,-8.084000,31.120000
4.978,-0.220000,-0.760000,0.304000,-1.145000,-3.466000,-7.641000,31.070000
4.989,-0.258000,-0.757000,0.334000,-8.634000,1.763000,-18.046000,31.120000
4.995,-0.260000,-0.785000,0.285000,-13.130000,-5.740000,-21.534000,31.120000
5.007,-0.166000,-0.810000,0.306000,-15.168000,-3.298000,-27.588000,31.070000
5.020,-0.120000,-0.850000,0.305000,-15.687000,1.748000,-30.580000,31.070000
5.028,-0.135000,-0.869000,0.303000,-14.580000,3.374000,-31.405000,30.930000
5.039,-0.103000,-0.871000,0.301000,-14.214000,5.122000,-32.779000,31.020000
5.045,-0.106000,-0.849000,0.317000,-15.298000,8.183000,-35.313000,31.170000
5.058,-0.040000,-0.883000,0.300000,-14.053000,9.763000,-39.397000,31.020000
5.070,0.042000,-0.916000,0.319000,-12.237000,19.221000,-41.153000,31.020000
5.078,0.008000,-0.920000,0.310000,-6.000000,29.969000,-41.122000,31.070000
5.090,-0.025000,-0.881000,0.323000,1.519000,27.282000,-36.206000,31.020000
5.096,-0.051000,-0.794000,0.372000,-0.687000,31.595000,-37.580000,31.120000
5.108,-0.100000,-0.788000,0.365000,-1.702000,28.969000,-38.725000,31.070000
5.120,-0.084000,-0.797000,0.357000,-0.977000,24.115000,-39.374000,31.070000
5.128,-0.116000,-0.843000,0.351000,-1.786000,22.885000,-40.298000,31.120000
5.140,-0.152000,-0.890000,0.316000,-1.389000,14.595000,-38.656000,31.020000
5.146,-0.142000,-0.880000,0.312000,-0.450000,8.053000,-39.740000,31.070000
5.158,-0.104000,-0.842000,0.320000,-0.282000,3.626000,-40.695000,31.120000
5.165,-0.060000,-0.788000,0.341000,-1.595000,5.244000,-43.466000,31.120000
5.178,-0.033000,-0.752000,0.360000,-3.290000,5.664000,-44.191000,31.070000
5.190,-0.038000,-0.866000,0.362000,-4.115000,2.046000,-42.733000,31.070000
5.196,-0.012000,-0.929000,0.350000,-5.901000,1.137000,-41.718000,31.020000
5.209,-0.058000,-0.956000,0.335000,-6.954000,-1.015000,-39.611000,31.070000
5.218,-0.022000,-0.991000,0.346000,-4.962000,-6.458000,-35.061000,30.980000
5.229,-0.001000,-0.975000,0.352000,-2.466000,-8.519000,-31.443000,31.120000
5.241,-0.024000,-0.892000,0.353000,0.160000,-7.137000,-30.435000,31.020000
5.247,-0.015000,-0.827000,0.366000,2.153000,-4.244000,-32.489000,30.980000
5.259,-0.030000,-0.857000,0.382000,0.969000,-0.504000,-38.053000,31.020000
5.268,0.010000,-0.957000,0.403000,3.267000,2.878000,-42.122000,31.020000
5.279,0.072000,-1.021000,0.435000,6.695000,13.740000,-44.504000,31.070000
5.287,0.078000,-1.037000,0.432000,11.023000,13.321000,-38.374000,30.980000
5.298,0.062000,-0.990000,0.417000,12.977000,10.527000,-30.519000,31.020000
5.310,0.042000,-0.911000,0.412000,10.687000,13.809000,-28.420000,31.020000
5.317,0.029000,-0.850000,0.412000,6.817000,17.458000,-29.435000,31.070000
5.329,0.026000,-0.861000,0.416000,3.496000,21.595000,-33.168000,31.020000
5.337,0.072000,-0.901000,0.431000,3.092000,24.389000,-36.710000,31.020000
5.349,0.145000,-0.948000,0.464000,4.931000,33.191000,-39.802000,31.070000
5.355,0.155000,-0.959000,0.480000,5.198000,44.412000,-40.405000,30.930000
5.369,0.139000,-0.931000,0.479000,1.763000,53.008000,-39.641000,31.020000
5.375,0.083000,-0.886000,0.442000,-4.031000,56.298000,-37.908000,31.070000
5.387,0.043000,-0.864000,0.406000,-9.893000,54.076000,-36.336000,30.980000
5.399,0.056000,-0.867000,0.376000,-14.076000,47.985000,-34.527000,31.020000
5.406,0.099000,-0.876000,0.388000,-14.664000,40.931000,-30.771000,31.020000
5.419,0.120000,-0.898000,0.403000,-16.366000,36.221000,-27.122000,31.070000
5.428,0.139000,-0.947000,0.382000,-16.496000,30.962000,-22.198000,31.020000
5.437,0.170000,-0.960000,0.366000,-17.748000,31.595000,-18.924000,31.120000
5.450,0.155000,-0.985000,0.314000,-18.916000,32.466000,-15.710000,31.020000
5.456,0.104000,-0.962000,0.236000,-19.794000,32.679000,-12.656000,31.070000
5.469,0.041000,-0.927000,0.205000,-19.771000,31.397000,-13.267000,31.020000
5.476,0.047000,-0.935000,0.208000,-15.847000,24.992000,-13.122000,31.020000
5.488,0.097000,-0.925000,0.254000,-12.015000,23.290000,-15.229000,30.980000
5.500,0.119000,-0.921000,0.309000,-9.489000,20.901000,-14.122000,31.020000
5.506,0.090000,-0.913000,0.325000,-7.061000,17.252000,-10.840000,31.020000
5.519,0.068000,-0.918000,0.334000,-5.298000,14.206000,-9.092000,30.980000
5.528,0.043000,-0.909000,0.336000,-3.405000,15.244000,-10.748000,30.980000
5.539,0.030000,-0.885000,0.326000,-3.267000,21.443000,-16.206000,30.930000
5.545,0.024000,-0.871000,0.316000,-1.260000,24.176000,-18.870000,31.070000
5.557,0.032000,-0.863000,0.329000,1.275000,27.191000,-21.908000,30.980000
5.570,0.092000,-0.912000,0.332000,6.008000,25.832000,-22.588000,31.120000
5.578,0.129000,-0.913000,0.362000,9.626000,25.069000,-21.885000,31.120000
5.590,0.124000,-0.928000,0.338000,12.992000,26.214000,-20.267000,31.070000
5.596,0.130000,-0.927000,0.328000,13.779000,27.748000,-18.832000,30.980000
5.608,0.138000,-0.891000,0.298000,9.221000,35.939000,-21.321000,31.020000
5.618,0.088000,-0.862000,0.270000,7.282000,37.046000,-21.466000,31.070000
5.629,0.084000,-0.832000,0.257000,3.870000,35.015000,-20.382000,31.070000
5.640,0.100000,-0.800000,0.276000,-0.656000,32.840000,-18.389000,30.930000
5.647,0.073000,-0.832000,0.297000,-4.168000,31.931000,-16.466000,31.020000
5.659,0.057000,-0.895000,0.275000,-5.031000,28.328000,-12.298000,30.980000
5.668,0.055000,-0.928000,0.265000,-4.565000,27.618000,-10.534000,30.880000
5.679,0.065000,-0.919000,0.276000,-6.824000,33.336000,-13.527000,31.020000
5.685,0.068000,-0.908000,0.289000,-5.626000,33.237000,-13.183000,31.070000
5.697,0.090000,-0.895000,0.262000,-3.244000,30.466000,-10.176000,30.980000
5.709,0.089000,-0.899000,0.272000,-0.580000,28.748000,-7.290000,30.930000
5.719,0.113000,-0.878000,0.295000,2.061000,26.046000,-3.832000,31.020000
5.730,0.080000,-0.876000,0.345000,4.908000,21.443000,0.153000,31.070000
5.737,0.030000,-0.897000,0.405000,5.679000,14.267000,3.015000,31.020000
5.749,0.012000,-0.892000,0.437000,1.260000,12.282000,1.084000,31.120000
5.756,0.053000,-0.909000,0.447000,-3.573000,10.832000,-0.779000,30.980000
5.769,0.130000,-0.932000,0.437000,-8.137000,13.924000,-1.130000,31.070000
5.778,0.190000,-0.974000,0.441000,-9.069000,17.076000,1.038000,31.120000
5.788,0.221000,-0.998000,0.445000,-7.969000,19.221000,6.992000,31.070000
5.800,0.194000,-0.978000,0.445000,-8.466000,19.229000,13.244000,31.070000
5.807,0.155000,-0.971000,0.418000,-11.901000,17.863000,17.809000,31.120000
5.819,0.102000,-0.970000,0.402000,-16.176000,16.847000,17.824000,31.020000
5.828,0.104000,-0.949000,0.381000,-18.779000,16.107000,15.351000,31.070000
5.838,0.178000,-0.917000,0.428000,-20.863000,15.237000,13.618000,31.070000
5.845,0.238000,-0.872000,0.442000,-25.557000,23.031000,12.740000,31.020000
5.857,0.124000,-0.822000,0.452000,-32.366000,29.756000,7.260000,31.120000
5.870,-0.015000,-0.815000,0.387000,-43.763000,30.832000,1.344000,30.980000
5.879,-0.093000,-0.840000,0.343000,-53.275000,24.466000,-3.977000,31.120000
5.890,-0.064000,-0.939000,0.290000,-59.000000,24.977000,-6.603000,31.120000
5.896,-0.063000,-1.043000,0.205000,-52.634000,15.168000,1.496000,31.070000
5.908,-0.018000,-1.094000,0.161000,-42.992000,1.702000,14.221000,31.020000
5.917,0.008000,-1.105000,0.176000,-35.145000,-8.313000,23.145000,31.020000
5.928,0.024000,-1.069000,0.228000,-29.374000,-11.344000,26.466000,30.980000
5.940,0.088000,-0.959000,0.308000,-33.603000,1.763000,20.145000,31.070000
5.946,-0.021000,-0.917000,0.335000,-39.023000,19.679000,10.901000,31.020000
5.959,-0.098000,-0.892000,0.310000,-36.504000,18.954000,7.069000,30.930000
5.970,-0.113000,-0.876000,0.286000,-35.031000,22.420000,-2.679000,30.980000
5.979,-0.065000,-0.948000,0.261000,-26.847000,23.573000,-3.580000,31.020000
5.991,-0.049000,-1.017000,0.224000,-12.916000,22.748000,-1.595000,31.020000
5.997,-0.048000,-1.078000,0.210000,2.618000,17.389000,6.412000,31.120000
6.009,-0.012000,-1.055000,0.251000,13.061000,15.511000,10.321000,31.070000
6.019,-0.039000,-0.990000,0.289000,15.183000,10.748000,11.611000,31.020000
6.028,-0.033000,-0.938000,0.312000,11.985000,7.328000,11.916000,31.170000
6.036,-0.026000,-0.900000,0.335000,7.771000,8.038000,11.450000,31.070000
6.048,-0.005000,-0.844000,0.324000,3.542000,8.672000,12.221000,31.020000
6.060,0.024000,-0.816000,0.330000,-1.947000,14.450000,10.840000,31.020000
6.068,-0.004000,-0.846000,0.315000,-6.427000,19.924000,10.038000,31.070000
6.080,-0.041000,-0.900000,0.270000,-6.542000,20.427000,11.908000,31.070000
6.087,-0.087000,-0.994000,0.225000,-3.000000,18.832000,15.198000,31.020000
6.099,-0.110000,-1.041000,0.164000,0.351000,16.901000,18.817000,30.980000
6.105,-0.119000,-1.049000,0.130000,0.794000,12.718000,18.718000,31.070000
6.118,-0.110000,-1.010000,0.148000,-1.779000,9.130000,14.840000,31.020000
6.128,-0.066000,-0.975000,0.183000,-6.000000,8.916000,9.198000,31.020000
6.138,-0.066000,-0.983000,0.202000,-9.611000,-0.733000,10.870000,31.070000
6.149,-0.046000,-0.965000,0.219000,-13.840000,-11.008000,13.092000,31.020000
6.156,-0.017000,-0.947000,0.245000,-19.863000,-17.298000,13.099000,31.120000
6.169,-0.014000,-0.959000,0.291000,-24.214000,-21.435000,11.252000,30.980000
6.175,0.002000,-0.992000,0.274000,-26.137000,-25.099000,10.122000,31.070000
6.187,0.014000,-0.995000,0.243000,-27.061000,-23.443000,8.763000,31.020000
6.200,0.035000,-1.038000,0.216000,-25.145000,-20.718000,7.878000,31.070000
6.206,0.038000,-1.020000,0.205000,-24.191000,-10.397000,2.855000,30.980000
6.219,-0.048000,-1.021000,0.210000,-21.496000,-10.427000,1.878000,31.120000
6.229,-0.052000,-1.018000,0.226000,-21.435000,-9.466000,-2.053000,31.020000
6.238,-0.060000,-1.014000,0.239000,-20.939000,-6.405000,-6.275000,30.980000
6.250,-0.052000,-1.024000,0.263000,-17.366000,-7.580000,-4.122000,31.070000
6.257,0.011000,-1.056000,0.241000,-10.916000,-7.382000,0.015000,31.020000
6.269,0.055000,-1.066000,0.238000,-4.405000,-3.221000,4.618000,31.120000
6.278,0.086000,-1.022000,0.230000,-0.519000,6.664000,6.260000,31.070000
6.290,0.081000,-1.002000,0.209000,2.008000,16.695000,5.275000,31.020000
6.296,0.016000,-0.997000,0.221000,1.695000,25.183000,5.076000,31.020000
6.308,-0.089000,-0.970000,0.192000,4.405000,18.466000,5.023000,31.070000
6.319,-0.124000,-0.943000,0.186000,0.481000,9.229000,0.947000,31.120000
6.328,-0.196000,-0.926000,0.194000,-5.458000,-4.641000,-0.573000,30.930000
6.340,-0.206000,-0.891000,0.202000,-9.931000,-21.305000,-3.092000,30.980000
6.347,-0.166000,-0.895000,0.204000,-15.031000,-36.817000,-5.710000,31.070000
6.359,-0.118000,-0.901000,0.210000,-16.458000,-46.237000,-7.771000,31.120000
6.369,-0.058000,-0.902000,0.240000,-15.565000,-51.122000,-7.618000,31.070000
6.379,-0.026000,-0.934000,0.261000,-19.626000,-46.412000,-13.145000,31.070000
6.390,-0.060000,-0.989000,0.246000,-22.237000,-49.870000,-12.840000,30.930000
6.397,-0.023000,-1.007000,0.223000,-24.206000,-56.252000,-14.817000,31.120000
6.408,-0.020000,-1.003000,0.233000,-26.802000,-64.000000,-17.382000,31.020000
6.415,0.033000,-1.014000,0.217000,-30.206000,-70.786000,-19.901000,30.980000
6.427,0.093000,-1.017000,0.219000,-31.527000,-73.214000,-20.298000,31.020000
6.439,0.143000,-1.046000,0.204000,-31.374000,-68.038000,-21.130000,31.070000
6.446,0.211000,-1.087000,0.221000,-26.130000,-55.573000,-23.298000,30.980000
6.458,0.256000,-1.114000,0.222000,-19.023000,-37.779000,-22.481000,31.120000
6.471,0.308000,-1.108000,0.194000,-10.481000,-9.969000,-23.672000,31.120000
6.478,0.306000,-1.123000,0.209000,-0.206000,17.374000,-22.779000,31.170000
6.490,0.258000,-1.106000,0.174000,7.359000,31.061000,-14.214000,30.930000
6.496,0.161000,-1.073000,0.100000,11.603000,30.130000,-4.832000,31.120000
6.509,0.096000,-1.045000,0.058000,12.649000,21.595000,2.282000,31.070000
6.519,0.080000,-1.045000,0.056000,15.160000,14.969000,3.397000,31.170000
6.528,0.062000,-1.037000,0.090000,20.359000,3.489000,6.298000,31.120000
6.536,0.099000,-1.021000,0.125000,25.489000,4.977000,3.229000,31.120000
6.548,0.169000,-1.029000,0.163000,29.947000,18.282000,-0.885000,31.070000
6.553,0.187000,-1.029000,0.202000,40.168000,36.977000,-4.053000,30.930000
6.568,0.183000,-0.992000,0.223000,48.756000,53.420000,-5.733000,31.020000
6.579,0.123000,-0.984000,0.209000,54.198000,57.389000,-2.412000,31.070000
6.587,-0.086000,-0.867000,0.184000,46.603000,36.519000,6.084000,31.070000
6.599,-0.350000,-0.814000,0.092000,28.634000,-7.489000,16.588000,31.120000
6.606,-0.381000,-0.782000,0.093000,9.725000,-47.061000,15.069000,31.070000
6.619,-0.226000,-0.838000,0.200000,-0.450000,-56.931000,4.275000,31.070000
6.632,-0.061000,-0.931000,0.271000,-0.664000,-50.603000,-8.557000,31.120000
6.637,0.108000,-1.060000,0.300000,11.092000,-37.466000,-14.687000,31.020000
6.649,0.234000,-1.173000,0.287000,30.939000,-8.763000,-24.092000,31.070000
6.656,0.224000,-1.180000,0.279000,47.718000,17.053000,-30.802000,31.120000
6.669,0.142000,-1.165000,0.238000,58.008000,23.794000,-27.496000,31.020000
6.678,0.079000,-1.105000,0.249000,59.473000,25.656000,-28.229000,31.020000
6.688,0.002000,-1.037000,0.266000,53.557000,17.565000,-24.550000,31.070000
6.700,-0.024000,-0.962000,0.319000,41.595000,-2.282000,-17.573000,31.020000
6.706,-0.026000,-0.946000,0.363000,30.313000,-27.756000,-3.626000,30.980000
6.719,0.042000,-0.933000,0.427000,20.313000,-37.718000,4.603000,31.070000
6.728,0.120000,-0.945000,0.465000,12.794000,-36.099000,9.252000,31.120000
6.739,0.160000,-0.958000,0.481000,12.084000,-26.779000,8.786000,31.020000
6.745,0.141000,-0.974000,0.489000,9.168000,-14.832000,6.366000,31.170000
6.758,0.126000,-0.981000,0.459000,7.351000,-1.611000,1.290000,31.070000
6.771,0.110000,-0.959000,0.427000,-1.191000,13.298000,-4.763000,31.020000
6.778,0.029000,-0.934000,0.367000,-9.145000,8.466000,-1.198000,31.170000
6.790,0.025000,-0.925000,0.306000,-14.565000,1.000000,3.267000,31.070000
6.796,0.069000,-0.912000,0.260000,-21.573000,-0.008000,7.389000,31.120000
6.809,0.101000,-0.917000,0.211000,-25.160000,-1.198000,8.176000,31.120000
6.820,0.133000,-0.992000,0.156000,-24.595000,-3.756000,9.763000,31.070000
6.828,0.170000,-0.978000,0.136000,-19.840000,-7.397000,10.191000,31.120000
6.837,0.169000,-0.996000,0.105000,-19.473000,-3.313000,7.450000,31.120000
6.848,0.169000,-1.003000,0.088000,-16.183000,-2.954000,6.641000,30.980000
6.860,0.162000,-0.977000,0.123000,-11.534000,-1.092000,5.328000,31.070000
6.869,0.128000,-0.972000,0.154000,-8.229000,2.092000,1.702000,31.020000
6.880,0.103000,-0.988000,0.173000,-5.137000,-0.466000,-1.756000,31.070000
6.887,0.111000,-1.018000,0.229000,0.443000,-4.832000,-4.985000,31.070000
6.899,0.192000,-1.027000,0.321000,6.130000,1.962000,-11.206000,31.020000
6.906,0.259000,-1.008000,0.400000,6.634000,24.870000,-21.473000,31.020000
6.919,0.216000,-0.945000,0.411000,5.672000,37.107000,-24.931000,31.170000
6.926,0.169000,-0.837000,0.419000,-11.733000,51.489000,-27.107000,30.980000
6.938,0.036000,-0.788000,0.391000,-27.809000,53.046000,-25.305000,31.120000
6.949,-0.024000,-0.939000,0.303000,-32.290000,24.206000,3.611000,31.020000
6.956,-0.030000,-0.922000,0.281000,-33.099000,4.130000,-1.275000,31.070000
6.969,0.006000,-0.954000,0.234000,-32.366000,-9.618000,5.260000,31.120000
6.978,0.043000,-1.044000,0.182000,-27.603000,-17.214000,8.267000,31.020000
6.988,0.061000,-1.111000,0.140000,-19.611000,-20.557000,8.817000,31.070000
7.000,0.039000,-1.155000,0.114000,-5.435000,-27.153000,12.473000,31.120000
7.007,0.082000,-1.107000,0.122000,5.748000,-20.427000,10.198000,31.020000
7.020,0.087000,-1.037000,0.167000,10.977000,-0.443000,1.336000,31.170000
7.028,0.052000,-1.012000,0.167000,13.618000,8.176000,-2.771000,31.170000
7.040,0.015000,-0.972000,0.190000,11.603000,10.191000,-4.870000,31.120000
7.046,-0.023000,-0.963000,0.180000,8.153000,5.557000,-4.282000,31.070000
7.059,-0.025000,-0.978000,0.174000,5.107000,0.954000,-3.244000,30.980000
7.068,-0.006000,-0.973000,0.177000,4.458000,-1.634000,-3.885000,31.020000
7.079,0.009000,-0.948000,0.173000,4.359000,-0.542000,-6.328000,31.120000
7.087,0.020000,-0.950000,0.176000,4.115000,-0.473000,-8.626000,31.070000
7.097,0.050000,-0.946000,0.168000,3.328000,0.321000,-11.397000,30.980000
7.110,0.106000,-0.966000,0.156000,2.137000,6.328000,-15.870000,31.020000
7.119,0.142000,-1.017000,0.138000,4.038000,13.595000,-18.931000,31.070000
7.129,0.187000,-1.051000,0.132000,8.160000,23.580000,-21.244000,31.070000
7.137,0.224000,-1.052000,0.153000,15.443000,35.740000,-24.588000,31.120000
7.148,0.262000,-1.039000,0.168000,21.893000,46.870000,-28.763000,31.120000
7.155,0.300000,-1.017000,0.210000,27.588000,62.450000,-34.962000,31.070000
7.169,0.252000,-0.990000,0.221000,38.824000,61.229000,-34.229000,31.020000
7.180,0.284000,-0.942000,0.255000,43.763000,66.534000,-39.336000,31.120000
7.187,0.249000,-0.900000,0.287000,46.756000,64.878000,-41.008000,30.980000
7.199,0.175000,-0.854000,0.310000,44.130000,57.176000,-35.260000,30.980000
7.206,0.106000,-0.814000,0.345000,37.977000,52.992000,-28.725000,31.020000
7.220,0.059000,-0.800000,0.369000,36.137000,34.046000,-17.427000,31.020000
7.225,0.016000,-0.804000,0.384000,29.939000,18.786000,-6.695000,31.070000
7.238,0.031000,-0.783000,0.396000,21.176000,13.496000,-1.061000,31.020000
7.250,0.050000,-0.801000,0.407000,13.885000,13.176000,2.947000,31.020000
7.257,0.108000,-0.860000,0.406000,11.275000,14.519000,9.244000,31.070000
7.269,0.190000,-0.878000,0.413000,9.832000,27.992000,13.237000,31.120000
7.278,0.164000,-0.865000,0.393000,7.679000,44.603000,15.275000,31.120000
7.290,0.092000,-0.844000,0.335000,2.656000,47.947000,17.519000,31.070000
7.296,-0.014000,-0.839000,0.275000,-1.313000,34.496000,19.611000,31.070000
7.308,-0.094000,-0.848000,0.240000,-6.985000,18.458000,17.427000,31.020000
7.319,-0.068000,-0.885000,0.217000,-8.374000,2.527000,14.992000,31.070000
7.328,-0.011000,-0.944000,0.205000,-4.931000,-12.542000,12.954000,30.980000
7.340,0.055000,-0.983000,0.221000,1.145000,-20.458000,12.573000,31.020000
7.347,0.122000,-1.016000,0.242000,9.931000,-23.206000,13.748000,31.120000
7.359,0.145000,-1.038000,0.264000,21.153000,-27.458000,16.351000,31.070000
7.370,0.179000,-1.006000,0.299000,25.160000,-19.969000,13.939000,31.070000
7.379,0.200000,-0.986000,0.339000,22.763000,-3.313000,7.290000,31.120000
7.387,0.156000,-1.000000,0.364000,22.061000,6.672000,5.664000,31.070000
7.398,0.096000,-0.965000,0.365000,21.359000,7.870000,8.954000,31.070000
7.403,0.055000,-0.926000,0.373000,19.954000,6.351000,9.656000,31.120000
7.418,-0.015000,-0.907000,0.387000,18.847000,-6.214000,13.275000,31.120000
7.429,-0.037000,-0.894000,0.404000,16.122000,-17.664000,13.748000,31.070000
7.437,-0.021000,-0.912000,0.434000,14.679000,-24.679000,12.313000,30.930000
7.448,0.040000,-0.911000,0.460000,14.092000,-23.756000,7.130000,31.020000
7.455,0.087000,-0.909000,0.516000,9.809000,-13.626000,-0.618000,31.070000
7.468,0.093000,-0.901000,0.511000,6.992000,-6.679000,-2.519000,30.980000
7.475,0.095000,-0.884000,0.511000,2.725000,-1.405000,-0.939000,31.020000
7.488,0.066000,-0.857000,0.488000,-3.389000,5.405000,1.679000,31.020000
7.500,0.031000,-0.865000,0.457000,-7.771000,7.046000,2.939000,30.980000
7.507,0.003000,-0.895000,0.429000,-9.595000,4.702000,2.863000,31.120000
7.520,-0.005000,-0.924000,0.405000,-8.756000,3.534000,-0.664000,31.120000
7.528,0.008000,-0.955000,0.379000,-5.366000,1.702000,-5.198000,31.070000
7.539,0.050000,-0.964000,0.369000,-0.450000,-0.885000,-8.435000,31.020000
7.546,0.081000,-0.941000,0.341000,3.595000,-6.351000,-8.084000,31.120000
7.558,0.099000,-0.899000,0.311000,0.000000,-10.374000,-7.389000,31.070000
7.569,0.078000,-0.892000,0.278000,-4.786000,-13.985000,-5.489000,31.070000
7.578,0.101000,-0.917000,0.247000,-6.580000,-20.519000,-1.771000,31.020000
7.590,0.130000,-0.938000,0.239000,-6.351000,-21.542000,-0.252000,31.070000
7.596,0.164000,-0.943000,0.236000,-5.450000,-14.046000,-1.756000,31.070000
7.609,0.160000,-0.946000,0.233000,-3.344000,-6.237000,-4.115000,31.120000
7.620,0.152000,-0.944000,0.225000,-0.038000,0.092000,-7.710000,31.020000
7.629,0.150000,-0.951000,0.236000,3.092000,6.595000,-11.191000,31.070000
7.637,0.128000,-0.949000,0.227000,7.038000,8.496000,-10.885000,31.020000
7.648,0.122000,-0.948000,0.228000,11.710000,5.939000,-9.015000,30.930000
7.655,0.082000,-0.929000,0.239000,14.687000,1.290000,-4.466000,31.070000
7.669,0.069000,-0.894000,0.270000,15.298000,0.527000,-4.084000,31.070000
7.681,0.081000,-0.867000,0.325000,14.298000,3.641000,-8.534000,31.020000
7.687,0.104000,-0.860000,0.369000,15.427000,6.939000,-11.389000,31.070000
7.699,0.113000,-0.864000,0.414000,14.939000,12.237000,-13.412000,31.070000
7.706,0.108000,-0.849000,0.462000,15.695000,16.649000,-14.595000,31.120000
7.719,0.084000,-0.825000,0.464000,13.977000,12.611000,-12.603000,31.120000
7.727,0.048000,-0.822000,0.443000,8.557000,3.038000,-7.916000,31.070000
7.740,0.083000,-0.840000,0.440000,3.908000,-2.618000,-6.634000,31.020000
7.745,0.107000,-0.873000,0.454000,0.847000,-2.908000,-5.618000,31.020000
7.757,0.129000,-0.890000,0.462000,0.092000,-0.779000,-3.885000,31.020000
7.770,0.162000,-0.893000,0.461000,0.160000,4.267000,-3.840000,31.070000
7.779,0.157000,-0.907000,0.464000,0.130000,7.260000,-3.733000,31.020000
7.790,0.151000,-0.922000,0.461000,2.824000,6.985000,-2.626000,31.070000
7.797,0.181000,-0.929000,0.471000,7.656000,7.282000,-2.107000,30.980000
7.809,0.198000,-0.905000,0.477000,9.855000,13.878000,-2.359000,31.020000
7.820,0.218000,-0.863000,0.466000,5.427000,26.038000,-3.534000,31.120000
7.829,0.170000,-0.842000,0.419000,-5.099000,31.511000,-1.992000,31.070000
7.837,0.035000,-0.829000,0.372000,-15.618000,17.168000,5.969000,30.930000
7.848,-0.014000,-0.865000,0.342000,-18.916000,-3.718000,11.656000,31.120000
7.860,0.042000,-0.880000,0.360000,-19.557000,-13.069000,9.359000,31.070000
7.868,0.140000,-0.930000,0.403000,-14.611000,-13.771000,3.412000,31.070000
7.879,0.264000,-0.958000,0.430000,-6.962000,-5.153000,-2.405000,31.020000
7.887,0.340000,-0.965000,0.461000,1.595000,10.374000,-6.389000,31.020000
7.899,0.389000,-0.932000,0.465000,7.824000,27.313000,-6.710000,30.980000
7.906,0.346000,-0.875000,0.442000,4.023000,42.076000,-2.550000,31.020000
7.919,0.181000,-0.847000,0.351000,-5.084000,36.069000,9.718000,31.020000
7.926,0.053000,-0.856000,0.255000,-11.824000,14.427000,22.687000,31.170000
7.937,-0.008000,-0.872000,0.193000,-23.771000,-6.611000,31.672000,31.120000
7.949,0.006000,-0.889000,0.148000,-32.878000,-16.168000,30.962000,31.020000
7.956,0.053000,-1.002000,0.144000,-30.000000,-22.679000,31.191000,30.980000
7.969,0.107000,-1.044000,0.146000,-21.809000,-17.321000,27.099000,31.170000
7.978,0.108000,-1.067000,0.151000,-9.321000,-6.855000,21.481000,31.020000
7.988,0.079000,-1.061000,0.183000,1.771000,5.252000,17.420000,31.070000
7.995,0.051000,-1.033000,0.212000,9.076000,19.702000,9.626000,30.980000
8.007,-0.036000,-0.965000,0.241000,14.748000,30.931000,1.885000,31.120000
8.020,-0.089000,-0.909000,0.287000,17.763000,29.359000,-2.550000,31.120000
8.027,-0.126000,-0.856000,0.317000,18.840000,18.237000,-4.153000,31.070000
8.040,-0.122000,-0.823000,0.351000,16.282000,7.611000,-6.771000,31.020000
8.046,-0.080000,-0.819000,0.399000,14.069000,-4.031000,-6.992000,31.120000
8.058,-0.004000,-0.811000,0.438000,9.786000,-5.427000,-10.916000,30.980000
8.065,0.041000,-0.844000,0.444000,6.206000,-1.527000,-13.832000,31.020000
8.078,0.085000,-0.861000,0.458000,5.519000,2.771000,-16.435000,31.020000
8.091,0.104000,-0.865000,0.470000,3.954000,6.206000,-18.626000,31.070000
8.097,0.130000,-0.880000,0.449000,2.191000,7.031000,-19.412000,31.070000
8.109,0.173000,-0.876000,0.443000,-0.832000,10.885000,-22.580000,31.020000
8.117,0.172000,-0.887000,0.433000,-4.611000,11.328000,-22.519000,31.070000
8.129,0.187000,-0.907000,0.416000,-5.794000,3.038000,-16.031000,31.070000
8.136,0.203000,-0.917000,0.395000,-8.038000,-2.511000,-8.878000,31.020000
8.148,0.225000,-0.927000,0.398000,-7.718000,-6.573000,-1.183000,31.020000
8.153,0.225000,-0.940000,0.377000,-6.832000,-13.855000,8.756000,30.980000
8.170,0.220000,-0.916000,0.369000,-9.382000,-11.061000,12.466000,31.120000
8.180,0.195000,-0.927000,0.357000,-9.313000,-6.405000,12.267000,31.020000
8.187,0.197000,-0.937000,0.365000,-7.046000,-2.710000,11.794000,31.170000
8.199,0.178000,-0.920000,0.355000,-6.275000,2.626000,9.542000,30.980000
8.206,0.130000,-0.918000,0.348000,-5.733000,3.710000,9.824000,31.020000
8.219,0.102000,-0.908000,0.317000,-6.328000,-0.534000,12.679000,30.980000
8.228,0.073000,-0.911000,0.318000,-7.641000,-4.496000,15.160000,31.070000
8.238,0.049000,-0.920000,0.303000,-8.313000,-6.473000,16.542000,31.120000
8.250,0.041000,-0.941000,0.292000,-6.519000,-6.924000,16.618000,31.020000
8.257,0.057000,-0.956000,0.297000,-1.519000,-3.450000,14.221000,30.880000
8.270,0.062000,-0.955000,0.315000,4.756000,1.122000,11.076000,31.020000
8.279,0.066000,-0.943000,0.318000,13.031000,1.450000,8.336000,31.020000
8.289,0.046000,-0.904000,0.339000,14.275000,7.977000,1.603000,31.070000
8.296,0.007000,-0.874000,0.339000,12.908000,11.450000,-3.985000,31.170000
8.308,-0.005000,-0.876000,0.333000,10.634000,6.939000,-6.206000,31.020000
8.318,0.010000,-0.876000,0.341000,7.374000,2.412000,-8.351000,30.980000
8.330,0.043000,-0.896000,0.341000,5.832000,-1.115000,-8.481000,30.980000
8.336,0.070000,-0.913000,0.352000,5.901000,-2.397000,-8.878000,31.020000
8.348,0.112000,-0.922000,0.365000,7.893000,-2.122000,-8.023000,31.020000
8.360,0.144000,-0.932000,0.382000,11.053000,0.328000,-7.748000,31.070000
8.368,0.163000,-0.925000,0.404000,13.656000,3.351000,-7.641000,31.020000
8.380,0.159000,-0.910000,0.414000,14.023000,5.252000,-6.885000,31.020000
8.388,0.142000,-0.879000,0.399000,10.534000,4.672000,-5.817000,30.980000
8.399,0.132000,-0.862000,0.401000,5.595000,3.901000,-5.053000,31.070000
8.406,0.136000,-0.870000,0.394000,0.389000,2.511000,-3.046000,31.020000
8.420,0.141000,-0.874000,0.385000,-4.573000,0.733000,-0.435000,31.020000
8.429,0.117000,-0.907000,0.369000,-7.107000,-1.794000,3.290000,30.980000
8.438,0.122000,-0.923000,0.374000,-4.092000,-3.450000,5.321000,31.120000
8.445,0.119000,-0.936000,0.369000,1.221000,-3.305000,5.183000,31.120000
8.458,0.119000,-0.936000,0.378000,5.573000,-1.443000,2.557000,30.980000
8.465,0.100000,-0.931000,0.379000,10.130000,0.626000,-0.992000,31.020000
8.477,0.067000,-0.924000,0.368000,11.534000,-1.786000,-2.092000,31.020000
8.490,0.052000,-0.906000,0.351000,12.313000,-4.824000,-2.198000,30.980000
8.497,0.055000,-0.905000,0.348000,10.527000,-5.985000,-2.626000,31.070000
8.509,0.092000,-0.910000,0.378000,9.191000,-5.107000,-4.053000,31.020000
8.517,0.112000,-0.912000,0.396000,7.321000,-3.634000,-4.534000,31.070000
8.529,0.104000,-0.909000,0.395000,5.595000,-3.626000,-3.305000,31.170000
8.536,0.109000,-0.900000,0.394000,5.023000,-0.870000,-2.237000,31.020000
8.548,0.107000,-0.896000,0.406000,3.908000,1.046000,-1.160000,31.020000
8.555,0.106000,-0.885000,0.402000,3.573000,3.588000,-0.588000,31.070000
8.569,0.101000,-0.885000,0.396000,3.069000,5.527000,-0.809000,31.020000
8.575,0.077000,-0.882000,0.382000,1.168000,2.427000,-0.252000,31.020000
8.588,0.050000,-0.875000,0.357000,0.145000,-4.328000,1.023000,31.070000
8.616,0.059000,-0.885000,0.352000,-1.092000,-9.099000,1.397000,31.070000
8.616,0.095000,-0.882000,0.360000,-2.534000,-10.275000,0.511000,31.020000
