time_sec,ax,ay,az,gx,gy,gz,temp_c
0.013,0.022000,-0.742000,0.562000,-15.771000,0.008000,6.458000,24.150000
0.014,0.025000,-0.754000,0.565000,-17.985000,0.710000,8.099000,24.060000
0.024,0.032000,-0.764000,0.563000,-20.771000,2.160000,12.115000,24.060000
0.031,0.007000,-0.793000,0.550000,-20.405000,2.489000,15.618000,24.150000
0.043,-0.003000,-0.793000,0.555000,-19.496000,3.573000,18.313000,24.110000
0.051,-0.031000,-0.818000,0.561000,-17.710000,2.519000,19.000000,24.110000
0.062,-0.033000,-0.813000,0.578000,-14.885000,1.252000,18.023000,24.010000
0.075,-0.055000,-0.794000,0.578000,-14.374000,1.275000,15.008000,24.110000
0.087,-0.057000,-0.801000,0.565000,-12.542000,-1.084000,10.893000,24.110000
0.096,-0.059000,-0.792000,0.574000,-10.336000,-2.260000,6.634000,24.110000
0.102,-0.034000,-0.805000,0.587000,-8.282000,-1.847000,2.679000,24.150000
0.113,-0.016000,-0.788000,0.599000,-7.031000,3.863000,-0.122000,24.060000
0.119,-0.008000,-0.798000,0.603000,-5.649000,5.351000,-0.962000,24.150000
0.132,-0.011000,-0.809000,0.604000,-3.496000,2.771000,0.672000,24.150000
0.145,-0.012000,-0.816000,0.583000,-1.626000,-0.198000,3.122000,24.060000
0.152,-0.019000,-0.802000,0.592000,-0.489000,-1.679000,4.237000,24.250000
0.164,-0.026000,-0.794000,0.585000,0.901000,-3.435000,3.908000,24.150000
0.171,-0.011000,-0.804000,0.580000,2.595000,-4.863000,2.344000,24.110000
0.184,-0.008000,-0.809000,0.579000,3.992000,-6.244000,0.740000,24.200000
0.191,0.013000,-0.792000,0.591000,3.947000,-4.450000,-0.489000,24.110000
0.204,0.014000,-0.794000,0.592000,3.588000,-1.649000,-1.344000,24.200000
0.211,0.037000,-0.789000,0.596000,2.359000,1.588000,-1.817000,24.110000
0.223,0.035000,-0.780000,0.605000,-0.412000,7.244000,-1.122000,24.110000
0.235,0.009000,-0.789000,0.594000,-1.550000,6.802000,0.092000,24.250000
0.243,0.003000,-0.792000,0.592000,-1.733000,5.107000,1.496000,24.060000
0.255,-0.010000,-0.806000,0.578000,-1.664000,3.939000,1.817000,24.060000
0.262,-0.010000,-0.821000,0.564000,-0.511000,2.939000,1.244000,24.150000
0.274,-0.011000,-0.815000,0.566000,0.298000,0.053000,1.031000,24.150000
0.281,-0.008000,-0.826000,0.577000,0.710000,-3.427000,1.328000,24.250000
0.294,0.021000,-0.817000,0.584000,0.405000,-1.046000,1.168000,24.250000
0.301,0.005000,-0.832000,0.592000,1.214000,0.176000,2.023000,24.150000
0.314,-0.001000,-0.829000,0.597000,1.954000,-0.305000,3.130000,24.200000
0.321,-0.009000,-0.819000,0.608000,2.542000,0.076000,3.786000,24.110000
0.333,-0.026000,-0.817000,0.612000,2.359000,-1.412000,3.901000,24.200000
0.341,-0.028000,-0.814000,0.603000,1.924000,-3.939000,3.481000,24.250000
0.353,-0.032000,-0.808000,0.615000,1.931000,-5.870000,2.237000,24.150000
0.365,-0.028000,-0.802000,0.620000,1.443000,-6.038000,1.137000,24.150000
0.372,-0.021000,-0.794000,0.628000,-0.282000,-3.099000,-0.901000,24.150000
0.385,-0.013000,-0.801000,0.637000,-2.008000,-1.366000,-2.328000,24.150000
0.392,-0.005000,-0.774000,0.622000,-4.626000,1.221000,-2.664000,24.150000
0.404,-0.015000,-0.786000,0.611000,-7.221000,2.725000,-2.977000,24.200000
0.411,-0.032000,-0.808000,0.601000,-7.748000,0.504000,-2.290000,24.200000
0.423,-0.021000,-0.792000,0.596000,-8.397000,-1.229000,-1.458000,24.200000
0.435,-0.021000,-0.797000,0.598000,-9.947000,-0.985000,-1.702000,24.200000
0.442,-0.025000,-0.806000,0.584000,-10.237000,-2.710000,-0.908000,24.200000
0.454,-0.031000,-0.804000,0.580000,-10.618000,-6.252000,0.305000,24.200000
0.461,-0.023000,-0.789000,0.580000,-10.191000,-5.519000,-0.115000,24.250000
0.473,-0.013000,-0.779000,0.570000,-11.366000,-2.542000,-0.947000,24.250000
0.480,-0.010000,-0.786000,0.577000,-12.176000,-1.107000,-1.527000,24.250000
0.493,0.006000,-0.781000,0.561000,-12.282000,1.763000,-1.664000,24.250000
0.505,0.008000,-0.789000,0.547000,-12.908000,5.786000,-2.305000,24.250000
0.512,-0.002000,-0.812000,0.545000,-11.275000,7.763000,-2.115000,24.250000
0.524,-0.010000,-0.804000,0.540000,-9.824000,6.748000,-0.908000,24.110000
0.531,-0.002000,-0.814000,0.538000,-9.130000,6.748000,0.450000,24.290000
0.544,-0.006000,-0.814000,0.531000,-7.710000,4.115000,2.092000,24.200000
0.551,0.003000,-0.812000,0.533000,-6.382000,3.405000,3.718000,24.290000
0.563,0.008000,-0.810000,0.525000,-4.573000,3.038000,6.137000,24.290000
0.570,0.014000,-0.793000,0.519000,-3.519000,1.939000,7.832000,24.200000
0.583,0.007000,-0.797000,0.511000,-3.099000,1.115000,8.916000,24.290000
0.591,0.014000,-0.790000,0.510000,-3.992000,2.977000,9.153000,24.250000
0.603,-0.009000,-0.788000,0.528000,-4.786000,3.092000,9.237000,24.250000
0.615,-0.019000,-0.793000,0.524000,-5.252000,2.160000,8.351000,24.340000
0.622,-0.011000,-0.793000,0.520000,-5.618000,-0.794000,8.649000,24.250000
0.634,-0.013000,-0.781000,0.528000,-6.481000,-1.687000,7.733000,24.250000
0.642,-0.006000,-0.802000,0.523000,-6.000000,-2.985000,7.824000,24.290000
0.654,-0.000000,-0.824000,0.516000,-4.252000,-2.901000,7.420000,24.290000
0.661,0.006000,-0.822000,0.529000,-3.313000,-1.290000,6.885000,24.290000
0.673,0.000000,-0.831000,0.535000,-0.809000,-5.740000,9.046000,24.290000
0.680,0.017000,-0.831000,0.550000,1.412000,-4.160000,9.061000,24.200000
0.693,0.026000,-0.827000,0.558000,3.168000,-1.267000,9.069000,24.290000
0.705,0.023000,-0.818000,0.578000,2.710000,0.656000,8.756000,24.250000
0.712,0.013000,-0.819000,0.591000,0.580000,2.656000,7.863000,24.340000
0.725,-0.008000,-0.825000,0.595000,-1.176000,1.458000,7.031000,24.250000
0.732,-0.010000,-0.834000,0.601000,-2.466000,-2.336000,7.924000,24.340000
0.744,-0.004000,-0.830000,0.594000,-3.947000,-5.939000,9.351000,24.250000
0.752,0.001000,-0.831000,0.604000,-4.840000,-8.290000,10.878000,24.340000
0.763,-0.003000,-0.846000,0.617000,-6.183000,-9.008000,11.939000,24.340000
0.770,-0.011000,-0.872000,0.637000,-6.954000,-11.206000,13.244000,24.250000
0.782,-0.025000,-0.867000,0.628000,-8.588000,-14.565000,14.122000,24.200000
0.795,-0.019000,-0.870000,0.634000,-11.489000,-17.069000,13.649000,24.390000
0.803,-0.005000,-0.864000,0.625000,-15.443000,-19.130000,12.603000,24.290000
0.813,0.020000,-0.856000,0.642000,-19.328000,-16.603000,11.450000,24.250000
0.820,0.014000,-0.875000,0.627000,-21.076000,-15.122000,10.916000,24.250000
0.832,0.011000,-0.879000,0.618000,-21.893000,-14.405000,11.809000,24.250000
0.845,-0.013000,-0.885000,0.612000,-21.786000,-15.115000,13.534000,24.250000
0.852,-0.041000,-0.882000,0.624000,-22.573000,-18.397000,15.947000,24.250000
0.863,-0.052000,-0.864000,0.616000,-24.977000,-18.649000,16.237000,24.250000
0.870,-0.056000,-0.855000,0.623000,-27.176000,-18.550000,16.557000,24.290000
0.882,-0.074000,-0.852000,0.606000,-29.115000,-21.557000,16.336000,24.290000
0.895,-0.087000,-0.855000,0.615000,-30.191000,-25.267000,15.710000,24.290000
0.901,-0.080000,-0.831000,0.613000,-28.427000,-25.550000,14.084000,24.290000
0.913,-0.106000,-0.808000,0.593000,-27.901000,-25.931000,13.153000,24.390000
0.925,-0.069000,-0.795000,0.604000,-31.282000,-26.382000,10.695000,24.340000
0.932,-0.086000,-0.771000,0.590000,-34.046000,-18.901000,9.214000,24.340000
0.944,-0.104000,-0.795000,0.513000,-37.290000,-21.969000,10.809000,24.340000
0.952,-0.098000,-0.794000,0.462000,-39.924000,-26.359000,11.794000,24.340000
0.963,-0.089000,-0.778000,0.411000,-42.206000,-30.511000,13.786000,24.250000
0.975,-0.090000,-0.774000,0.390000,-45.466000,-33.954000,15.038000,24.440000
0.982,-0.074000,-0.780000,0.356000,-45.786000,-35.504000,16.084000,24.290000
0.994,-0.070000,-0.808000,0.341000,-43.908000,-35.710000,16.275000,24.390000
1.002,-0.009000,-0.804000,0.335000,-39.260000,-30.084000,13.214000,24.290000
1.013,0.020000,-0.810000,0.339000,-35.252000,-22.794000,11.168000,24.290000
1.025,0.061000,-0.823000,0.318000,-32.664000,-13.389000,9.092000,24.390000
1.032,0.053000,-0.825000,0.306000,-28.679000,-1.641000,9.382000,24.290000
1.045,0.029000,-0.841000,0.293000,-23.290000,4.435000,11.382000,24.340000
1.052,-0.014000,-0.828000,0.281000,-18.595000,7.885000,14.237000,24.340000
1.064,-0.039000,-0.818000,0.289000,-15.420000,7.214000,17.511000,24.530000
1.070,-0.058000,-0.827000,0.302000,-14.351000,2.863000,19.145000,24.340000
1.084,-0.067000,-0.834000,0.313000,-14.672000,-3.534000,19.008000,24.340000
1.096,-0.049000,-0.845000,0.318000,-14.611000,-8.725000,19.336000,24.390000
1.102,-0.025000,-0.888000,0.312000,-12.618000,-12.527000,18.443000,24.390000
1.114,0.021000,-0.896000,0.333000,-7.672000,-9.458000,17.595000,24.390000
1.121,0.029000,-0.904000,0.333000,-2.748000,-4.405000,17.260000,24.290000
1.134,0.029000,-0.896000,0.338000,0.557000,0.099000,17.504000,24.390000
1.141,0.033000,-0.881000,0.364000,1.084000,10.527000,18.901000,24.340000
1.153,-0.016000,-0.895000,0.359000,4.031000,14.061000,19.786000,24.340000
1.167,-0.032000,-0.906000,0.381000,6.962000,13.985000,21.137000,24.340000
1.172,-0.039000,-0.906000,0.391000,8.695000,13.359000,22.008000,24.340000
1.185,-0.045000,-0.907000,0.419000,10.237000,14.481000,21.580000,24.340000
1.192,-0.067000,-0.917000,0.414000,12.244000,12.137000,21.168000,24.340000
1.204,-0.087000,-0.933000,0.429000,14.756000,10.855000,19.237000,24.340000
1.211,-0.114000,-0.939000,0.435000,16.947000,9.985000,15.817000,24.340000
1.223,-0.105000,-0.937000,0.455000,17.947000,9.397000,10.298000,24.390000
1.235,-0.094000,-0.934000,0.474000,17.969000,11.252000,4.756000,24.480000
1.242,-0.077000,-0.941000,0.478000,16.427000,11.954000,0.748000,24.390000
1.255,-0.060000,-0.938000,0.479000,14.466000,11.740000,0.198000,24.390000
1.262,-0.060000,-0.945000,0.491000,13.908000,10.092000,1.977000,24.530000
1.274,-0.084000,-0.962000,0.482000,14.779000,7.489000,6.450000,24.440000
1.281,-0.149000,-0.965000,0.467000,14.695000,-1.534000,9.947000,24.440000
1.293,-0.205000,-0.964000,0.463000,15.069000,-8.664000,10.214000,24.340000
1.301,-0.215000,-0.956000,0.478000,9.626000,-14.573000,2.985000,24.340000
1.313,-0.245000,-0.955000,0.476000,8.725000,-23.496000,-4.542000,24.390000
1.325,-0.177000,-0.914000,0.471000,1.061000,-16.649000,-15.679000,24.390000
1.331,-0.170000,-0.927000,0.479000,-5.550000,-11.931000,-24.244000,24.480000
1.344,-0.148000,-0.953000,0.466000,-6.466000,-17.870000,-29.595000,24.480000
1.351,-0.085000,-0.971000,0.461000,-9.992000,-14.870000,-30.817000,24.390000
1.362,-0.042000,-0.997000,0.451000,-7.802000,-12.595000,-28.496000,24.480000
1.375,0.020000,-1.030000,0.449000,-5.924000,-9.710000,-23.870000,24.440000
1.381,0.031000,-1.002000,0.478000,-3.267000,-4.000000,-16.595000,24.440000
1.395,-0.004000,-0.990000,0.502000,-3.779000,-1.015000,-10.069000,24.440000
1.401,-0.028000,-0.972000,0.511000,-1.809000,-2.695000,-6.015000,24.440000
1.413,-0.062000,-0.959000,0.517000,-5.427000,-1.542000,-7.229000,24.440000
1.425,-0.063000,-0.979000,0.530000,-7.412000,0.260000,-11.908000,24.480000
1.432,-0.046000,-0.978000,0.543000,-8.374000,-0.405000,-17.069000,24.480000
1.445,-0.001000,-0.960000,0.548000,-11.901000,8.718000,-21.695000,24.480000
1.451,0.021000,-0.988000,0.562000,-11.366000,14.565000,-22.290000,24.480000
1.463,0.023000,-0.970000,0.545000,-14.992000,19.565000,-17.183000,24.390000
1.475,0.007000,-0.969000,0.552000,-14.962000,22.290000,-12.008000,24.440000
1.482,-0.022000,-0.999000,0.520000,-15.962000,19.000000,-6.611000,24.530000
1.494,-0.037000,-1.000000,0.516000,-17.397000,9.221000,-3.008000,24.440000
1.502,-0.050000,-1.018000,0.500000,-22.191000,-3.008000,-0.809000,24.530000
1.513,-0.006000,-1.022000,0.488000,-23.405000,-10.611000,-0.496000,24.440000
1.520,0.057000,-1.006000,0.482000,-24.397000,-2.221000,-0.817000,24.530000
1.533,0.078000,-1.025000,0.466000,-25.336000,6.069000,1.672000,24.480000
1.546,0.052000,-1.062000,0.423000,-26.779000,10.290000,4.969000,24.390000
1.553,0.007000,-1.049000,0.415000,-25.763000,12.366000,7.275000,24.480000
1.564,-0.062000,-1.039000,0.419000,-25.634000,9.763000,6.656000,24.480000
1.571,-0.119000,-1.027000,0.441000,-27.466000,1.351000,5.031000,24.480000
1.583,-0.098000,-1.006000,0.460000,-25.664000,-6.450000,3.366000,24.530000
1.591,-0.068000,-0.994000,0.444000,-23.214000,-15.382000,4.099000,24.530000
1.603,0.007000,-1.003000,0.425000,-21.527000,-20.305000,8.069000,24.530000
1.615,0.077000,-0.971000,0.439000,-27.542000,-5.366000,9.115000,24.530000
1.622,0.025000,-1.008000,0.429000,-28.168000,8.359000,9.420000,24.530000
1.634,0.026000,-1.028000,0.410000,-25.786000,17.275000,10.573000,24.440000
1.642,0.007000,-1.013000,0.394000,-26.305000,23.954000,13.382000,24.530000
1.654,-0.019000,-0.995000,0.420000,-24.313000,25.840000,13.885000,24.530000
1.660,-0.021000,-0.926000,0.404000,-24.527000,26.626000,15.557000,24.480000
1.672,-0.072000,-0.905000,0.383000,-28.641000,25.435000,16.412000,24.480000
1.685,-0.112000,-0.949000,0.318000,-32.153000,22.977000,13.885000,24.480000
1.692,-0.105000,-0.985000,0.296000,-34.046000,21.847000,9.985000,24.440000
1.704,-0.114000,-1.058000,0.245000,-33.122000,16.183000,7.542000,24.530000
1.711,-0.074000,-1.086000,0.197000,-29.985000,13.725000,4.893000,24.530000
1.723,-0.045000,-1.081000,0.185000,-28.359000,11.130000,4.496000,24.530000
1.735,-0.015000,-1.065000,0.176000,-22.466000,9.214000,7.198000,24.440000
1.743,-0.010000,-1.034000,0.192000,-14.496000,8.321000,12.656000,24.530000
1.755,-0.018000,-1.017000,0.221000,-3.527000,13.038000,15.069000,24.480000
1.761,-0.091000,-0.982000,0.279000,5.901000,18.901000,13.145000,24.480000
1.774,-0.165000,-0.947000,0.322000,11.656000,18.344000,7.244000,24.580000
1.781,-0.200000,-0.947000,0.350000,16.176000,13.473000,-1.122000,24.580000
1.793,-0.167000,-0.917000,0.342000,15.046000,13.725000,-8.977000,24.480000
1.805,-0.113000,-0.909000,0.312000,13.817000,18.092000,-13.756000,24.440000
1.812,-0.070000,-0.893000,0.323000,11.748000,26.176000,-14.397000,24.530000
1.824,-0.078000,-0.903000,0.287000,8.656000,32.550000,-11.336000,24.530000
1.831,-0.092000,-0.923000,0.273000,10.435000,33.336000,-8.137000,24.530000
1.843,-0.113000,-0.948000,0.271000,12.328000,32.344000,-4.725000,24.480000
1.851,-0.125000,-0.921000,0.271000,13.344000,28.664000,-5.053000,24.580000
1.862,-0.153000,-0.922000,0.275000,12.710000,19.366000,-4.069000,24.580000
1.875,-0.161000,-0.899000,0.263000,10.214000,9.557000,-4.290000,24.580000
1.882,-0.145000,-0.884000,0.268000,9.305000,3.809000,-4.435000,24.480000
1.895,-0.159000,-0.891000,0.274000,8.779000,-2.687000,-5.229000,24.620000
1.901,-0.162000,-0.908000,0.287000,9.473000,-8.931000,-6.664000,24.530000
1.913,-0.138000,-0.927000,0.299000,10.771000,-16.443000,-6.542000,24.720000
1.920,-0.088000,-0.950000,0.334000,14.901000,-28.191000,-3.832000,24.720000
1.932,-0.050000,-0.907000,0.353000,9.733000,-35.733000,-0.267000,24.530000
1.945,-0.024000,-0.894000,0.346000,9.084000,-35.473000,-0.183000,24.670000
1.952,-0.003000,-0.868000,0.359000,11.260000,-32.344000,0.252000,24.580000
1.964,-0.008000,-0.846000,0.360000,10.702000,-19.771000,-1.000000,24.580000
1.971,-0.045000,-0.875000,0.375000,11.565000,-17.313000,-2.206000,24.670000
1.983,-0.077000,-0.893000,0.398000,12.573000,-18.863000,-3.618000,24.530000
1.995,-0.088000,-0.873000,0.396000,9.794000,-24.878000,-4.275000,24.620000
2.002,-0.060000,-0.841000,0.400000,7.504000,-25.023000,-5.588000,24.530000
2.014,-0.012000,-0.830000,0.397000,6.252000,-21.382000,-6.298000,24.620000
2.021,0.031000,-0.826000,0.397000,5.168000,-18.397000,-4.885000,24.620000
2.034,0.005000,-0.835000,0.405000,5.344000,-18.359000,-1.695000,24.530000
2.041,-0.014000,-0.839000,0.421000,5.740000,-18.809000,0.901000,24.620000
2.053,-0.068000,-0.843000,0.430000,1.557000,-22.977000,2.267000,24.480000
2.065,-0.097000,-0.830000,0.434000,-0.328000,-26.824000,1.878000,24.580000
2.072,-0.102000,-0.809000,0.416000,-5.313000,-33.504000,1.878000,24.580000
2.084,-0.063000,-0.802000,0.402000,-8.405000,-37.901000,3.130000,24.670000
2.092,-0.021000,-0.820000,0.389000,-11.626000,-41.702000,6.695000,24.720000
2.103,-0.018000,-0.823000,0.400000,-10.420000,-48.496000,12.939000,24.620000
2.115,-0.043000,-0.817000,0.394000,-15.420000,-46.733000,16.748000,24.620000
2.122,-0.049000,-0.806000,0.393000,-20.466000,-44.031000,17.916000,24.620000
2.134,-0.046000,-0.829000,0.376000,-24.374000,-43.695000,17.786000,24.580000
2.142,-0.015000,-0.828000,0.361000,-21.756000,-37.588000,15.641000,24.580000
2.153,-0.005000,-0.841000,0.361000,-18.198000,-32.809000,14.214000,24.580000
2.165,-0.043000,-0.869000,0.344000,-15.786000,-33.092000,13.153000,24.580000
2.172,-0.034000,-0.874000,0.315000,-14.366000,-33.809000,12.160000,24.580000
2.184,-0.038000,-0.873000,0.326000,-14.588000,-35.473000,13.275000,24.620000
2.191,-0.052000,-0.875000,0.314000,-15.382000,-39.840000,16.664000,24.620000
2.204,-0.025000,-0.895000,0.303000,-14.588000,-43.275000,17.626000,24.720000
2.215,0.014000,-0.899000,0.327000,-13.015000,-40.344000,17.168000,24.620000
2.222,0.019000,-0.895000,0.309000,-13.359000,-37.931000,16.618000,24.620000
2.234,0.008000,-0.911000,0.304000,-10.458000,-36.038000,16.473000,24.580000
2.242,-0.019000,-0.922000,0.282000,-9.740000,-34.191000,17.359000,24.670000
2.254,-0.037000,-0.936000,0.249000,-10.580000,-35.206000,16.847000,24.670000
2.265,-0.010000,-0.937000,0.244000,-12.718000,-33.191000,15.664000,24.670000
2.272,-0.004000,-0.949000,0.212000,-8.275000,-36.420000,16.840000,24.670000
2.284,0.066000,-0.949000,0.228000,-2.916000,-28.641000,16.504000,24.620000
2.291,0.063000,-0.954000,0.240000,0.519000,-23.366000,16.992000,24.620000
2.304,0.020000,-0.941000,0.241000,4.611000,-19.992000,17.336000,24.620000
2.311,-0.052000,-0.926000,0.258000,6.511000,-20.511000,17.855000,24.720000
2.322,-0.083000,-0.921000,0.243000,5.366000,-24.366000,17.229000,24.620000
2.335,-0.095000,-0.895000,0.248000,3.565000,-31.137000,17.015000,24.670000
2.343,-0.085000,-0.893000,0.242000,1.756000,-36.527000,16.328000,24.670000
2.355,-0.051000,-0.894000,0.247000,1.214000,-38.840000,14.031000,24.670000
2.361,-0.047000,-0.898000,0.276000,2.924000,-39.466000,13.901000,24.670000
2.373,-0.068000,-0.905000,0.276000,4.901000,-40.985000,14.878000,24.770000
2.385,-0.087000,-0.867000,0.277000,6.023000,-44.282000,15.008000,24.620000
2.393,-0.098000,-0.847000,0.269000,4.450000,-49.832000,14.450000,24.720000
2.405,-0.052000,-0.847000,0.256000,5.634000,-57.214000,12.809000,24.720000
2.412,-0.033000,-0.810000,0.274000,6.695000,-60.183000,12.046000,24.620000
2.424,0.021000,-0.819000,0.311000,10.435000,-58.733000,12.542000,24.720000
2.430,0.012000,-0.850000,0.321000,11.679000,-53.260000,12.992000,24.720000
2.443,-0.046000,-0.886000,0.326000,11.550000,-50.137000,12.290000,24.720000
2.455,-0.063000,-0.861000,0.294000,12.229000,-50.038000,8.595000,24.770000
2.462,-0.034000,-0.844000,0.288000,13.595000,-48.901000,6.069000,24.770000
2.474,0.032000,-0.871000,0.287000,14.969000,-48.718000,3.557000,24.580000
2.481,0.061000,-0.882000,0.277000,17.870000,-49.435000,4.687000,24.720000
2.494,0.039000,-0.848000,0.285000,19.489000,-47.824000,6.573000,24.720000
2.501,-0.016000,-0.873000,0.319000,19.733000,-46.847000,8.557000,24.620000
2.513,-0.071000,-0.877000,0.305000,15.427000,-50.382000,7.206000,24.720000
2.525,-0.105000,-0.849000,0.311000,10.893000,-56.969000,2.817000,24.720000
2.532,-0.056000,-0.855000,0.302000,9.168000,-64.023000,-3.878000,24.670000
2.545,0.088000,-0.868000,0.310000,14.053000,-65.000000,-10.122000,24.670000
2.552,0.206000,-0.894000,0.338000,24.282000,-60.824000,-11.252000,24.670000
2.563,0.265000,-0.898000,0.383000,33.206000,-42.855000,-10.641000,24.770000
2.575,0.258000,-0.894000,0.383000,38.237000,-27.664000,-8.542000,24.670000
2.582,0.188000,-0.869000,0.401000,39.023000,-16.206000,-6.229000,24.720000
2.595,0.098000,-0.865000,0.421000,34.176000,-11.107000,-2.855000,24.720000
2.602,0.057000,-0.855000,0.412000,27.985000,-12.397000,-0.176000,24.720000
2.614,0.023000,-0.845000,0.396000,18.977000,-18.412000,2.176000,24.720000
2.621,0.062000,-0.872000,0.366000,14.473000,-22.947000,4.252000,24.810000
2.633,0.098000,-0.894000,0.344000,12.527000,-23.588000,5.382000,24.670000
2.641,0.106000,-0.921000,0.351000,14.969000,-20.481000,6.687000,24.770000
2.653,0.126000,-0.924000,0.357000,18.267000,-13.931000,8.382000,24.670000
2.665,0.114000,-0.929000,0.365000,21.336000,-9.947000,9.038000,24.670000
2.673,0.119000,-0.933000,0.359000,23.221000,-8.267000,10.466000,24.810000
2.684,0.114000,-0.922000,0.364000,23.840000,-6.008000,11.733000,24.810000
2.692,0.061000,-0.879000,0.374000,24.924000,-3.863000,12.015000,24.720000
2.704,0.022000,-0.856000,0.387000,23.221000,-3.107000,11.458000,24.720000
2.711,-0.022000,-0.860000,0.373000,18.672000,-3.275000,9.664000,24.810000
2.723,-0.064000,-0.844000,0.374000,16.573000,-6.656000,8.313000,24.770000
2.735,-0.077000,-0.845000,0.381000,13.252000,-14.733000,6.618000,24.770000
2.743,-0.046000,-0.854000,0.405000,12.611000,-20.405000,3.855000,24.770000
2.755,0.048000,-0.865000,0.468000,14.420000,-17.519000,-1.939000,24.670000
2.761,0.055000,-0.841000,0.456000,16.366000,-9.954000,-3.229000,24.770000
2.774,0.052000,-0.853000,0.465000,18.947000,-2.802000,0.466000,24.720000
2.781,0.052000,-0.866000,0.469000,19.885000,1.916000,-2.084000,24.720000
2.793,0.011000,-0.859000,0.470000,18.870000,2.069000,0.802000,24.720000
2.802,0.043000,-0.856000,0.464000,18.015000,-3.145000,2.069000,24.720000
2.813,0.099000,-0.845000,0.474000,20.267000,-3.954000,0.985000,24.810000
2.825,0.132000,-0.852000,0.486000,21.298000,-0.802000,1.420000,24.720000
2.832,0.123000,-0.856000,0.497000,23.351000,-1.313000,4.634000,24.810000
2.845,0.124000,-0.893000,0.489000,22.718000,4.527000,5.344000,24.770000
2.852,0.069000,-0.887000,0.480000,19.534000,10.420000,8.191000,24.770000
2.864,0.058000,-0.879000,0.446000,16.313000,17.748000,8.206000,24.770000
2.871,0.054000,-0.898000,0.412000,11.832000,23.183000,7.573000,24.720000
2.884,-0.006000,-0.894000,0.372000,8.435000,21.641000,2.817000,24.720000
2.892,-0.006000,-0.950000,0.365000,13.359000,14.977000,-5.626000,24.720000
2.904,0.100000,-0.959000,0.350000,20.992000,11.176000,-11.214000,24.810000
2.916,0.218000,-0.983000,0.374000,38.084000,18.893000,-13.351000,24.810000
2.922,0.296000,-0.969000,0.446000,55.870000,30.366000,-7.763000,24.770000
2.935,0.262000,-0.895000,0.462000,66.634000,38.748000,-0.710000,24.770000
2.943,0.184000,-0.807000,0.477000,68.588000,41.382000,7.069000,24.770000
2.954,0.099000,-0.733000,0.527000,63.779000,39.687000,16.328000,24.860000
2.961,0.001000,-0.667000,0.549000,52.740000,32.924000,25.733000,24.860000
2.973,-0.139000,-0.628000,0.548000,39.244000,20.954000,29.252000,24.720000
2.980,-0.230000,-0.664000,0.536000,26.473000,5.107000,28.176000,24.810000
2.993,-0.211000,-0.672000,0.527000,17.794000,-12.656000,25.924000,24.810000
3.005,-0.134000,-0.686000,0.522000,8.489000,-20.221000,21.695000,24.810000
3.012,-0.049000,-0.720000,0.515000,7.947000,-18.336000,19.603000,24.810000
3.024,-0.024000,-0.751000,0.507000,9.985000,-23.466000,23.802000,24.770000
3.031,-0.069000,-0.714000,0.513000,8.282000,-27.794000,25.847000,24.770000
3.043,-0.065000,-0.722000,0.581000,13.412000,-33.565000,26.954000,24.770000
3.055,-0.060000,-0.740000,0.564000,9.305000,-40.496000,26.214000,24.860000
3.062,0.011000,-0.793000,0.539000,4.160000,-40.137000,23.931000,24.770000
3.077,0.038000,-0.833000,0.500000,3.115000,-36.672000,25.748000,24.720000
3.081,-0.005000,-0.846000,0.439000,3.817000,-32.710000,30.565000,24.720000
3.094,-0.064000,-0.812000,0.427000,8.916000,-34.626000,29.573000,24.810000
3.101,-0.074000,-0.800000,0.472000,17.458000,-29.901000,22.901000,24.810000
3.112,-0.083000,-0.795000,0.494000,21.702000,-28.603000,13.947000,24.810000
3.125,0.026000,-0.812000,0.502000,30.573000,-22.695000,7.969000,24.860000
3.132,0.128000,-0.817000,0.459000,29.336000,-5.046000,4.084000,24.770000
3.145,0.133000,-0.904000,0.367000,25.305000,0.878000,9.626000,24.860000
3.152,0.114000,-0.896000,0.321000,34.328000,6.237000,23.939000,24.860000
3.164,-0.003000,-0.826000,0.340000,45.275000,17.519000,38.611000,24.770000
3.171,-0.137000,-0.777000,0.408000,56.130000,21.290000,49.435000,24.810000
3.183,-0.291000,-0.734000,0.511000,64.137000,5.718000,52.756000,24.720000
3.196,-0.358000,-0.695000,0.591000,68.565000,-21.412000,47.466000,24.810000
3.202,-0.327000,-0.663000,0.641000,66.275000,-46.641000,39.023000,24.810000
3.214,-0.239000,-0.646000,0.696000,55.305000,-61.588000,30.313000,24.810000
3.221,-0.166000,-0.608000,0.729000,50.084000,-64.145000,20.908000,24.810000
3.233,-0.121000,-0.579000,0.806000,40.847000,-50.534000,17.580000,24.860000
3.240,-0.073000,-0.534000,0.881000,30.969000,-43.015000,12.718000,24.860000
3.252,-0.087000,-0.519000,0.886000,16.412000,-42.794000,6.870000,24.770000
3.264,-0.073000,-0.547000,0.832000,-4.511000,-51.649000,1.076000,24.810000
3.271,-0.012000,-0.663000,0.790000,-10.229000,-63.809000,6.595000,24.910000
3.284,0.109000,-0.695000,0.710000,-19.595000,-64.992000,7.046000,24.910000
3.291,0.168000,-0.776000,0.621000,-22.145000,-62.374000,5.053000,24.910000
3.303,0.198000,-0.848000,0.610000,-15.405000,-57.672000,8.534000,24.910000
3.315,0.271000,-0.896000,0.587000,1.695000,-50.092000,6.420000,24.860000
3.322,0.255000,-0.859000,0.641000,11.710000,-34.679000,3.916000,24.860000
3.335,0.226000,-0.813000,0.698000,23.061000,-16.603000,-0.359000,24.770000
3.342,0.173000,-0.753000,0.714000,30.916000,-10.977000,-5.053000,24.860000
3.354,0.168000,-0.718000,0.775000,28.908000,5.008000,-9.702000,24.860000
3.362,0.145000,-0.687000,0.781000,21.160000,4.611000,-10.153000,24.810000
3.373,0.147000,-0.688000,0.803000,16.473000,9.939000,-8.969000,24.810000
3.380,0.117000,-0.685000,0.785000,9.443000,13.565000,-4.588000,24.810000
3.393,0.077000,-0.665000,0.756000,3.298000,9.901000,-0.542000,24.910000
3.405,0.096000,-0.663000,0.746000,-1.115000,7.069000,3.634000,24.810000
3.412,0.139000,-0.659000,0.716000,-10.275000,8.397000,7.000000,24.950000
3.425,0.144000,-0.670000,0.681000,-14.885000,12.389000,11.519000,24.860000
3.431,0.135000,-0.686000,0.641000,-17.282000,19.756000,16.382000,24.770000
3.444,0.092000,-0.732000,0.584000,-18.939000,21.687000,22.031000,24.860000
3.451,-0.006000,-0.756000,0.539000,-16.397000,19.061000,25.626000,24.950000
3.463,-0.065000,-0.714000,0.519000,-15.374000,20.290000,25.359000,24.910000
3.475,-0.132000,-0.748000,0.514000,-12.237000,11.282000,24.809000,24.910000
3.482,-0.148000,-0.728000,0.545000,-3.977000,5.260000,19.710000,24.910000
3.494,-0.113000,-0.700000,0.569000,-3.924000,9.847000,12.763000,24.910000
3.502,-0.135000,-0.722000,0.576000,-3.908000,10.649000,7.282000,24.910000
3.514,-0.117000,-0.725000,0.609000,-3.344000,13.122000,4.664000,24.950000
3.520,-0.150000,-0.713000,0.645000,-7.153000,17.489000,-0.298000,24.950000
3.533,-0.222000,-0.715000,0.628000,-13.771000,11.183000,-6.687000,24.860000
3.545,-0.193000,-0.718000,0.626000,-18.344000,-0.443000,-13.962000,24.950000
3.551,-0.069000,-0.697000,0.600000,-23.954000,-8.031000,-19.992000,24.950000
3.564,0.037000,-0.742000,0.613000,-22.313000,-12.130000,-19.718000,24.910000
3.570,0.129000,-0.755000,0.595000,-20.122000,-5.008000,-16.519000,25.000000
3.583,0.137000,-0.778000,0.579000,-20.305000,0.672000,-10.069000,24.910000
3.595,0.085000,-0.802000,0.561000,-18.977000,0.870000,-3.153000,25.000000
3.602,0.040000,-0.805000,0.559000,-17.618000,-1.321000,-0.672000,24.910000
3.614,0.034000,-0.777000,0.587000,-16.863000,-0.748000,-3.099000,24.910000
3.621,0.049000,-0.740000,0.623000,-16.779000,6.618000,-7.359000,24.860000
3.633,0.077000,-0.724000,0.635000,-18.115000,13.305000,-10.176000,24.950000
3.640,0.091000,-0.755000,0.627000,-20.504000,17.832000,-8.580000,25.050000
3.653,0.073000,-0.766000,0.607000,-21.504000,25.473000,-7.336000,25.000000
3.665,0.004000,-0.767000,0.588000,-24.588000,25.405000,-4.580000,24.910000
3.672,-0.052000,-0.767000,0.571000,-24.534000,19.130000,-4.855000,24.910000
3.684,-0.080000,-0.741000,0.594000,-25.931000,8.031000,-2.733000,24.910000
3.692,-0.034000,-0.675000,0.630000,-26.374000,1.046000,-2.863000,24.950000
3.704,0.008000,-0.646000,0.657000,-26.794000,5.198000,-3.748000,24.950000
3.709,0.073000,-0.623000,0.691000,-30.099000,20.389000,-6.366000,24.950000
3.722,0.082000,-0.616000,0.687000,-37.092000,37.023000,-7.893000,24.950000
3.735,0.051000,-0.653000,0.635000,-43.611000,49.725000,-9.733000,24.950000
3.741,-0.007000,-0.694000,0.564000,-45.092000,54.672000,-13.939000,24.910000
3.755,-0.023000,-0.668000,0.522000,-46.290000,58.137000,-20.641000,25.000000
3.761,-0.021000,-0.693000,0.498000,-47.420000,58.069000,-22.840000,25.000000
3.772,0.022000,-0.696000,0.448000,-41.214000,63.237000,-25.916000,24.910000
3.785,0.073000,-0.719000,0.435000,-35.664000,75.595000,-27.878000,24.910000
3.792,0.045000,-0.779000,0.406000,-35.115000,84.191000,-25.718000,24.950000
3.804,-0.099000,-0.797000,0.384000,-38.687000,83.435000,-24.534000,24.950000
3.811,-0.234000,-0.803000,0.344000,-42.000000,68.427000,-27.740000,24.950000
3.822,-0.258000,-0.751000,0.354000,-42.511000,51.557000,-32.809000,24.950000
3.835,-0.148000,-0.706000,0.389000,-40.718000,40.344000,-42.183000,24.950000
3.842,-0.053000,-0.774000,0.399000,-37.183000,29.458000,-44.985000,24.910000
3.853,0.057000,-0.806000,0.410000,-28.046000,26.336000,-46.466000,24.910000
3.860,0.140000,-0.778000,0.458000,-22.595000,37.382000,-45.061000,25.000000
3.872,0.101000,-0.782000,0.472000,-22.504000,50.870000,-41.053000,25.000000
3.885,0.029000,-0.749000,0.484000,-24.435000,55.099000,-38.885000,25.000000
3.892,-0.017000,-0.716000,0.496000,-28.710000,59.244000,-40.000000,24.950000
3.904,-0.035000,-0.721000,0.493000,-33.366000,51.908000,-40.794000,24.950000
3.915,-0.010000,-0.735000,0.480000,-36.519000,42.053000,-42.160000,24.950000
3.922,0.077000,-0.750000,0.466000,-36.519000,44.244000,-42.985000,24.950000
3.935,0.166000,-0.773000,0.456000,-33.855000,52.710000,-38.443000,25.000000
3.942,0.159000,-0.836000,0.447000,-30.725000,63.550000,-29.359000,25.000000
3.953,0.066000,-0.835000,0.397000,-30.359000,70.885000,-22.000000,25.000000
3.960,-0.068000,-0.800000,0.327000,-30.779000,66.992000,-18.656000,24.910000
3.972,-0.121000,-0.727000,0.318000,-31.534000,55.618000,-17.511000,25.000000
3.985,-0.117000,-0.797000,0.355000,-29.824000,32.374000,-12.649000,25.000000
3.991,-0.088000,-0.891000,0.357000,-25.603000,12.718000,-5.176000,25.050000
4.003,-0.026000,-0.947000,0.375000,-19.107000,10.412000,-1.595000,24.950000
4.011,-0.016000,-0.951000,0.419000,-16.649000,13.634000,1.542000,24.950000
4.022,-0.009000,-0.921000,0.449000,-19.504000,19.443000,1.695000,25.000000
4.035,-0.022000,-0.853000,0.461000,-25.229000,19.817000,-1.000000,25.000000
4.041,-0.002000,-0.752000,0.474000,-31.038000,16.618000,-4.107000,25.000000
4.054,0.073000,-0.658000,0.503000,-36.580000,19.527000,-6.779000,25.000000
4.061,0.128000,-0.719000,0.562000,-34.313000,23.679000,-8.702000,25.050000
4.073,0.135000,-0.834000,0.549000,-36.313000,30.000000,-8.282000,24.950000
4.085,0.077000,-0.912000,0.498000,-37.931000,41.344000,-9.450000,24.950000
4.093,0.012000,-0.974000,0.460000,-38.366000,44.947000,-10.496000,25.050000
4.105,-0.038000,-1.007000,0.383000,-40.305000,42.985000,-11.641000,24.950000
4.111,-0.064000,-1.002000,0.343000,-43.321000,38.580000,-12.763000,25.000000
4.123,0.010000,-0.932000,0.327000,-40.557000,34.153000,-14.481000,25.000000
4.135,0.112000,-0.890000,0.348000,-33.130000,33.511000,-17.969000,25.000000
4.143,0.216000,-0.881000,0.370000,-20.420000,39.641000,-17.863000,25.000000
4.155,0.250000,-0.936000,0.413000,-11.038000,46.519000,-9.573000,24.950000
4.161,0.150000,-0.911000,0.422000,-10.954000,58.336000,-5.840000,25.050000
4.173,0.040000,-0.903000,0.395000,-21.107000,63.855000,-6.939000,25.050000
4.179,-0.014000,-0.910000,0.344000,-32.466000,70.458000,-12.992000,25.050000
4.194,-0.036000,-0.912000,0.315000,-35.344000,71.374000,-20.450000,25.050000
4.205,0.023000,-0.958000,0.260000,-33.137000,68.649000,-22.427000,25.000000
4.212,0.101000,-0.953000,0.226000,-25.626000,62.679000,-18.305000,25.000000
4.223,0.156000,-0.915000,0.233000,-14.542000,59.229000,-11.870000,25.090000
4.230,0.137000,-0.934000,0.273000,-8.130000,61.672000,-4.061000,25.090000
4.243,0.064000,-0.933000,0.284000,-7.687000,64.267000,1.069000,25.050000
4.256,-0.019000,-0.914000,0.256000,-10.901000,68.206000,0.145000,25.050000
4.262,-0.096000,-0.904000,0.219000,-13.916000,65.359000,-3.275000,25.050000
4.274,-0.091000,-0.856000,0.211000,-12.084000,60.763000,-7.779000,25.050000
4.281,-0.055000,-0.876000,0.203000,-4.557000,48.603000,-10.534000,25.050000
4.294,-0.009000,-0.844000,0.218000,0.382000,39.557000,-10.290000,25.090000
4.301,0.039000,-0.818000,0.242000,3.809000,39.878000,-6.802000,25.090000
4.312,0.060000,-0.856000,0.275000,3.084000,46.305000,-1.947000,25.090000
4.325,0.004000,-0.882000,0.281000,-2.237000,57.779000,-0.298000,25.090000
4.332,-0.065000,-0.902000,0.288000,-6.260000,63.038000,-4.893000,25.000000
4.345,-0.146000,-0.904000,0.235000,-11.702000,67.076000,-12.489000,25.090000
4.352,-0.107000,-0.918000,0.213000,-12.496000,65.214000,-21.084000,25.050000
4.363,-0.033000,-0.924000,0.204000,-11.122000,61.336000,-25.588000,24.950000
4.375,0.017000,-0.923000,0.213000,-6.588000,56.679000,-23.992000,25.050000
4.382,0.044000,-0.903000,0.224000,-2.046000,54.290000,-18.756000,25.090000
4.395,0.022000,-0.895000,0.239000,0.382000,51.824000,-12.046000,25.090000
4.402,-0.022000,-0.924000,0.244000,0.580000,48.336000,-6.397000,25.090000
4.414,-0.069000,-0.922000,0.253000,-3.443000,51.275000,-6.008000,25.000000
4.420,-0.114000,-0.911000,0.247000,-5.718000,55.924000,-10.618000,25.050000
4.432,-0.131000,-0.918000,0.236000,-9.405000,52.802000,-14.282000,25.140000
4.446,-0.100000,-0.931000,0.228000,-7.252000,51.359000,-18.458000,25.140000
4.452,-0.078000,-0.962000,0.255000,-4.359000,50.099000,-17.244000,25.050000
4.464,-0.118000,-0.987000,0.244000,-4.885000,40.221000,-11.817000,25.090000
4.470,-0.110000,-0.972000,0.247000,-7.649000,32.786000,-9.672000,25.190000
4.483,-0.088000,-0.929000,0.231000,-11.405000,27.076000,-6.679000,25.090000
4.495,-0.029000,-0.928000,0.237000,-11.947000,23.252000,-3.565000,25.090000
4.502,0.038000,-0.905000,0.248000,-11.641000,29.145000,-2.504000,25.050000
4.514,0.034000,-0.909000,0.245000,-8.252000,38.031000,-0.985000,25.240000
4.521,-0.011000,-0.925000,0.278000,-5.733000,43.328000,0.389000,25.050000
4.533,-0.053000,-0.938000,0.274000,-6.718000,48.099000,-2.412000,25.050000
4.541,-0.116000,-0.984000,0.237000,-7.947000,47.695000,-4.954000,25.190000
4.553,-0.150000,-0.983000,0.194000,-9.954000,41.160000,-6.061000,25.090000
4.565,-0.116000,-0.964000,0.141000,-10.244000,36.427000,-6.885000,25.090000
4.572,-0.063000,-0.954000,0.164000,-8.244000,32.473000,-4.672000,25.090000
4.584,-0.034000,-0.954000,0.182000,-8.267000,29.679000,0.435000,25.050000
4.592,-0.046000,-0.948000,0.195000,-10.298000,23.382000,6.137000,25.140000
4.604,-0.106000,-0.973000,0.202000,-11.931000,19.328000,11.458000,25.050000
4.615,-0.138000,-1.000000,0.191000,-10.527000,17.924000,12.176000,25.140000
4.622,-0.146000,-1.003000,0.186000,-6.458000,19.092000,9.473000,25.190000
4.635,-0.135000,-1.019000,0.166000,-0.427000,24.313000,4.672000,25.090000
4.642,-0.128000,-0.975000,0.158000,3.634000,32.244000,-0.260000,25.190000
4.654,-0.167000,-0.982000,0.154000,7.893000,31.832000,-3.115000,25.090000
4.661,-0.215000,-1.012000,0.158000,11.183000,26.183000,-4.863000,25.000000
4.673,-0.244000,-1.033000,0.156000,12.305000,19.985000,-6.618000,25.190000
4.679,-0.279000,-1.059000,0.158000,14.031000,7.015000,-7.000000,25.140000
4.693,-0.199000,-1.092000,0.182000,21.115000,-1.840000,-9.931000,25.140000
4.705,-0.080000,-1.047000,0.243000,25.107000,-2.382000,-10.855000,25.140000
4.712,0.017000,-1.018000,0.291000,25.763000,1.076000,-8.328000,25.090000
4.724,0.061000,-1.019000,0.312000,25.084000,6.282000,-4.229000,25.090000
4.731,0.035000,-1.015000,0.323000,23.046000,12.084000,2.397000,25.090000
4.744,-0.069000,-1.058000,0.306000,19.305000,12.305000,10.359000,25.000000
4.751,-0.176000,-1.041000,0.294000,16.046000,7.756000,12.802000,25.140000
4.763,-0.224000,-0.992000,0.310000,9.840000,1.977000,11.229000,25.140000
4.775,-0.260000,-1.001000,0.312000,3.466000,-8.053000,7.298000,25.140000
4.782,-0.176000,-0.985000,0.313000,-1.023000,-13.603000,0.397000,25.140000
4.794,-0.143000,-0.959000,0.341000,-4.382000,-12.664000,-4.908000,25.090000
4.803,-0.120000,-0.982000,0.343000,-4.206000,-14.641000,-6.427000,25.190000
4.813,-0.110000,-0.998000,0.335000,-3.405000,-18.008000,-4.817000,25.190000
4.819,-0.120000,-1.045000,0.337000,-2.229000,-22.458000,-1.733000,25.090000
4.832,-0.109000,-1.024000,0.341000,-0.969000,-25.260000,-2.374000,25.190000
4.844,-0.040000,-0.978000,0.364000,-1.771000,-20.405000,-3.802000,25.240000
4.853,-0.005000,-0.967000,0.364000,-4.519000,-13.229000,-4.427000,25.140000
4.863,0.041000,-0.935000,0.327000,-5.008000,-2.550000,-4.595000,25.240000
4.871,0.027000,-0.952000,0.335000,0.489000,0.458000,0.084000,25.240000
4.883,0.000000,-0.938000,0.329000,4.053000,5.122000,3.321000,25.190000
4.891,-0.062000,-0.923000,0.337000,4.504000,8.229000,2.992000,25.090000
4.903,-0.113000,-0.943000,0.340000,3.084000,3.656000,3.397000,25.190000
4.911,-0.091000,-0.956000,0.324000,0.969000,2.069000,5.191000,25.280000
4.923,-0.082000,-0.949000,0.318000,2.115000,-3.344000,9.405000,25.140000
4.935,-0.015000,-0.897000,0.317000,4.038000,-4.145000,15.130000,25.140000
4.942,0.037000,-0.864000,0.292000,1.237000,-0.649000,19.282000,25.240000
4.955,0.061000,-0.878000,0.280000,-0.511000,1.328000,24.008000,25.240000
4.962,0.052000,-0.857000,0.234000,-5.321000,14.351000,27.321000,25.190000
4.974,-0.028000,-0.883000,0.232000,-7.885000,18.336000,29.947000,25.190000
4.980,-0.077000,-0.887000,0.244000,-18.344000,23.405000,31.687000,25.280000
4.994,-0.153000,-0.892000,0.231000,-17.794000,22.275000,34.580000,25.280000
5.005,-0.214000,-0.877000,0.211000,-25.748000,16.313000,36.641000,25.190000
5.012,-0.231000,-0.906000,0.178000,-29.618000,6.107000,40.099000,25.240000
5.024,-0.208000,-0.883000,0.140000,-31.511000,-7.847000,43.527000,25.140000
5.031,-0.205000,-0.844000,0.115000,-29.489000,-16.107000,43.344000,25.140000
5.044,-0.130000,-0.911000,0.115000,-28.344000,-17.336000,42.221000,25.190000
5.056,-0.145000,-0.948000,0.149000,-24.733000,-17.573000,42.000000,25.090000
5.062,-0.187000,-1.001000,0.183000,-22.863000,-18.748000,39.992000,25.280000
5.074,-0.242000,-0.979000,0.232000,-25.267000,-9.832000,36.679000,25.190000
5.081,-0.264000,-0.962000,0.282000,-25.580000,-3.206000,30.397000,25.240000
5.094,-0.237000,-0.963000,0.318000,-27.992000,4.137000,24.031000,25.240000
5.105,-0.163000,-0.973000,0.333000,-28.924000,14.519000,17.198000,25.240000
5.112,-0.154000,-0.989000,0.302000,-27.809000,30.046000,10.107000,25.240000
5.124,-0.155000,-0.952000,0.294000,-29.145000,39.710000,5.298000,25.280000
5.131,-0.223000,-0.954000,0.261000,-33.901000,39.863000,2.595000,25.190000
5.144,-0.222000,-0.946000,0.232000,-40.565000,44.466000,-2.092000,25.280000
5.150,-0.299000,-0.967000,0.186000,-44.305000,36.618000,-5.130000,25.190000
5.162,-0.302000,-0.957000,0.142000,-46.053000,16.817000,-6.313000,25.190000
5.175,-0.275000,-0.972000,0.124000,-42.534000,0.573000,-8.458000,25.330000
5.181,-0.253000,-0.992000,0.107000,-37.260000,-14.870000,-6.046000,25.140000
5.194,-0.200000,-0.934000,0.049000,-44.618000,-13.763000,-4.962000,25.240000
5.201,-0.156000,-0.982000,0.067000,-30.260000,-8.359000,-4.000000,25.240000
5.213,-0.232000,-1.024000,0.074000,-27.496000,2.107000,-2.832000,25.190000
5.225,-0.264000,-1.072000,0.043000,-23.328000,-7.718000,-1.298000,25.280000
5.231,-0.295000,-1.084000,0.076000,-23.580000,-21.885000,3.015000,25.190000
5.244,-0.276000,-1.075000,0.091000,-19.618000,-28.160000,-2.794000,25.190000
5.251,-0.235000,-1.074000,0.107000,-18.695000,-32.969000,-13.099000,25.240000
5.262,-0.133000,-1.050000,0.133000,-19.198000,-29.977000,-24.275000,25.330000
5.274,-0.034000,-0.989000,0.167000,-22.389000,-13.382000,-32.191000,25.240000
5.281,-0.041000,-1.068000,0.156000,-21.954000,-13.588000,-28.260000,25.330000
5.294,-0.068000,-1.143000,0.125000,-20.420000,-14.290000,-18.855000,25.380000
5.305,-0.038000,-1.185000,0.133000,-10.450000,-4.809000,-9.351000,25.280000
5.312,-0.054000,-1.171000,0.133000,-0.313000,10.244000,7.786000,25.380000
5.324,-0.093000,-1.130000,0.136000,5.519000,20.122000,25.313000,25.280000
5.331,-0.171000,-1.078000,0.150000,5.420000,16.634000,39.588000,25.280000
5.344,-0.222000,-1.084000,0.128000,3.504000,7.740000,42.550000,25.280000
5.351,-0.235000,-1.089000,0.158000,2.435000,1.282000,40.977000,25.330000
5.363,-0.230000,-1.116000,0.176000,7.725000,-2.687000,35.901000,25.240000
5.370,-0.140000,-1.101000,0.212000,16.466000,2.588000,31.672000,25.240000
5.382,-0.094000,-1.042000,0.239000,22.160000,20.389000,29.466000,25.280000
5.396,-0.061000,-0.964000,0.229000,22.832000,34.924000,32.282000,25.280000
5.403,-0.069000,-0.908000,0.221000,18.710000,39.786000,39.282000,25.280000
5.414,-0.165000,-0.881000,0.188000,10.679000,34.160000,48.443000,25.280000
5.421,-0.250000,-0.889000,0.169000,7.206000,26.916000,48.878000,25.240000
5.433,-0.335000,-0.951000,0.144000,3.885000,18.527000,41.458000,25.330000
5.441,-0.400000,-1.002000,0.124000,5.267000,0.519000,34.031000,25.240000
5.453,-0.423000,-1.014000,0.108000,4.565000,-15.107000,28.466000,25.330000
5.465,-0.288000,-1.011000,0.126000,2.702000,-22.099000,19.740000,25.280000
5.471,-0.276000,-1.020000,0.119000,-1.076000,-28.679000,17.069000,25.280000
5.484,-0.233000,-1.041000,0.116000,0.450000,-31.076000,15.588000,25.280000
5.492,-0.210000,-1.052000,0.109000,4.893000,-29.397000,17.672000,25.280000
5.503,-0.195000,-1.006000,0.120000,6.313000,-25.740000,22.275000,25.330000
5.515,-0.253000,-0.970000,0.125000,4.794000,-21.382000,27.137000,25.330000
5.522,-0.312000,-0.973000,0.136000,3.260000,-24.374000,28.389000,25.330000
5.535,-0.332000,-0.983000,0.133000,0.099000,-27.885000,27.939000,25.240000
5.542,-0.365000,-0.989000,0.116000,-1.130000,-27.489000,23.229000,25.380000
5.554,-0.373000,-0.982000,0.099000,3.084000,-27.206000,16.725000,25.380000
5.561,-0.353000,-0.989000,0.086000,8.542000,-25.351000,10.008000,25.380000
5.573,-0.318000,-0.963000,0.080000,10.924000,-21.137000,5.084000,25.280000
5.585,-0.320000,-0.952000,0.068000,10.443000,-16.099000,3.015000,25.420000
5.592,-0.351000,-0.963000,0.065000,12.252000,-20.351000,2.550000,25.330000
5.604,-0.366000,-0.947000,0.078000,12.481000,-21.779000,0.336000,25.240000
5.611,-0.376000,-0.927000,0.103000,10.015000,-22.443000,-3.649000,25.240000
5.623,-0.363000,-0.922000,0.108000,7.458000,-27.328000,-6.702000,25.330000
5.629,-0.327000,-0.925000,0.117000,4.908000,-32.473000,-8.389000,25.380000
5.644,-0.292000,-0.942000,0.107000,3.260000,-37.107000,-7.939000,25.380000
5.655,-0.277000,-0.951000,0.103000,3.206000,-41.328000,-5.580000,25.380000
5.662,-0.219000,-0.973000,0.102000,6.603000,-37.267000,-4.267000,25.280000
5.674,-0.195000,-0.977000,0.115000,10.840000,-27.031000,-2.977000,25.380000
5.680,-0.196000,-0.977000,0.117000,15.321000,-20.634000,-1.389000,25.420000
5.694,-0.185000,-0.961000,0.115000,19.809000,-13.992000,0.389000,25.330000
5.705,-0.179000,-0.951000,0.124000,24.496000,-8.710000,2.595000,25.330000
5.712,-0.188000,-0.956000,0.131000,34.634000,-10.687000,3.588000,25.280000
5.724,-0.147000,-0.935000,0.143000,34.809000,4.847000,2.626000,25.380000
5.731,-0.150000,-0.967000,0.169000,37.466000,12.878000,4.626000,25.280000
5.744,-0.184000,-0.935000,0.174000,37.954000,21.504000,7.260000,25.470000
5.751,-0.225000,-0.961000,0.185000,37.740000,24.084000,9.366000,25.330000
5.763,-0.260000,-0.963000,0.208000,39.969000,22.374000,10.183000,25.420000
5.775,-0.291000,-0.963000,0.244000,40.466000,18.244000,11.076000,25.420000
5.782,-0.298000,-0.946000,0.268000,40.191000,14.176000,9.626000,25.420000
5.795,-0.284000,-0.936000,0.308000,37.489000,8.344000,8.443000,25.380000
5.803,-0.264000,-0.923000,0.328000,34.031000,6.115000,7.771000,25.380000
5.814,-0.290000,-0.937000,0.349000,29.511000,6.000000,7.099000,25.380000
5.821,-0.328000,-0.937000,0.346000,27.443000,-0.099000,6.748000,25.470000
5.833,-0.326000,-0.920000,0.354000,25.557000,-5.023000,3.863000,25.330000
5.841,-0.309000,-0.906000,0.363000,23.496000,-8.618000,-1.405000,25.330000
5.853,-0.288000,-0.914000,0.349000,22.489000,-14.802000,-5.672000,25.420000
5.865,-0.246000,-0.911000,0.352000,22.145000,-17.718000,-8.244000,25.420000
5.871,-0.235000,-0.917000,0.331000,19.863000,-20.672000,-8.901000,25.420000
5.884,-0.213000,-0.916000,0.299000,17.947000,-20.931000,-7.038000,25.380000
5.891,-0.202000,-0.936000,0.278000,17.206000,-22.298000,-3.443000,25.380000
5.903,-0.217000,-0.941000,0.249000,14.176000,-24.160000,0.748000,25.380000
5.915,-0.206000,-0.965000,0.250000,17.847000,-24.206000,2.481000,25.470000
5.922,-0.225000,-0.945000,0.254000,19.229000,-23.137000,3.534000,25.420000
5.935,-0.232000,-0.938000,0.265000,18.840000,-26.550000,3.656000,25.420000
5.942,-0.213000,-0.912000,0.274000,18.725000,-26.718000,2.145000,25.420000
5.954,-0.191000,-0.894000,0.270000,16.672000,-25.214000,0.298000,25.420000
5.961,-0.182000,-0.893000,0.277000,13.229000,-23.947000,-0.366000,25.470000
5.973,-0.197000,-0.909000,0.274000,10.168000,-23.527000,0.565000,25.470000
5.985,-0.218000,-0.932000,0.267000,10.924000,-27.137000,2.237000,25.380000
5.992,-0.219000,-0.944000,0.305000,12.450000,-31.809000,4.710000,25.470000
6.004,-0.214000,-0.948000,0.335000,14.153000,-31.198000,4.718000,25.470000
6.011,-0.207000,-0.927000,0.366000,14.191000,-27.870000,3.382000,25.380000
6.023,-0.200000,-0.911000,0.384000,13.076000,-22.985000,1.603000,25.420000
6.029,-0.198000,-0.899000,0.414000,9.557000,-17.260000,0.924000,25.520000
6.044,-0.223000,-0.910000,0.408000,7.931000,-15.000000,1.305000,25.470000
6.056,-0.237000,-0.918000,0.415000,7.534000,-14.504000,2.153000,25.470000
6.062,-0.240000,-0.912000,0.416000,7.672000,-12.878000,1.985000,25.470000
6.074,-0.228000,-0.912000,0.421000,7.351000,-9.817000,1.382000,25.470000
6.081,-0.245000,-0.911000,0.400000,6.382000,-11.443000,2.595000,25.420000
6.094,-0.251000,-0.903000,0.408000,7.023000,-13.733000,3.076000,25.420000
6.101,-0.229000,-0.897000,0.388000,6.802000,-10.977000,1.679000,25.420000
6.113,-0.210000,-0.898000,0.381000,5.344000,-6.924000,-0.115000,25.420000
6.125,-0.186000,-0.905000,0.373000,3.527000,-3.008000,-0.374000,25.470000
6.132,-0.223000,-0.926000,0.357000,2.656000,-6.542000,1.885000,25.470000
6.146,-0.201000,-0.916000,0.350000,3.573000,-5.786000,3.153000,25.470000
6.153,-0.192000,-0.904000,0.340000,3.412000,-2.893000,3.878000,25.470000
6.164,-0.206000,-0.914000,0.342000,3.038000,-3.595000,5.588000,25.470000
6.171,-0.204000,-0.920000,0.344000,3.924000,-8.794000,8.504000,25.520000
6.184,-0.197000,-0.903000,0.353000,3.130000,-9.534000,9.534000,25.520000
6.191,-0.192000,-0.894000,0.363000,3.664000,-6.756000,9.053000,25.420000
6.204,-0.200000,-0.897000,0.369000,2.282000,-4.924000,7.389000,25.570000
6.211,-0.217000,-0.893000,0.370000,4.794000,-4.099000,5.267000,25.470000
6.223,-0.210000,-0.895000,0.367000,4.794000,-4.382000,4.435000,25.470000
6.235,-0.218000,-0.877000,0.360000,4.366000,-4.847000,3.313000,25.470000
6.243,-0.190000,-0.885000,0.369000,5.061000,-5.931000,2.695000,25.520000
6.255,-0.191000,-0.872000,0.380000,4.069000,-7.198000,3.435000,25.420000
6.262,-0.188000,-0.880000,0.386000,4.053000,-7.924000,3.366000,25.420000
6.274,-0.191000,-0.877000,0.396000,4.275000,-7.214000,3.260000,25.520000
6.281,-0.210000,-0.886000,0.382000,2.282000,-6.275000,1.618000,25.570000
6.294,-0.217000,-0.902000,0.399000,1.954000,-11.237000,3.366000,25.570000
6.301,-0.203000,-0.910000,0.404000,2.824000,-17.450000,3.985000,25.470000
6.313,-0.183000,-0.881000,0.413000,0.481000,-15.641000,4.412000,25.470000
6.325,-0.166000,-0.887000,0.423000,-0.916000,-12.908000,5.137000,25.470000
6.332,-0.156000,-0.885000,0.401000,-1.389000,-9.313000,6.336000,25.520000
6.344,-0.165000,-0.910000,0.394000,-0.427000,-4.832000,8.649000,25.520000
6.353,-0.166000,-0.920000,0.376000,0.870000,0.542000,9.733000,25.610000
6.364,-0.193000,-0.923000,0.367000,1.702000,4.786000,11.824000,25.470000
6.371,-0.211000,-0.913000,0.357000,2.901000,8.435000,13.130000,25.470000
6.383,-0.228000,-0.898000,0.351000,4.153000,12.000000,13.252000,25.470000
6.391,-0.247000,-0.893000,0.342000,5.053000,14.015000,12.771000,25.520000
6.403,-0.273000,-0.889000,0.329000,5.389000,13.847000,12.580000,25.610000
6.415,-0.305000,-0.878000,0.332000,4.115000,9.939000,12.550000,25.520000
6.422,-0.324000,-0.885000,0.323000,3.244000,4.817000,11.069000,25.520000
6.435,-0.324000,-0.872000,0.330000,2.435000,-0.137000,8.031000,25.570000
6.442,-0.315000,-0.861000,0.349000,1.137000,-2.305000,4.008000,25.570000
6.456,-0.309000,-0.854000,0.347000,0.115000,-6.000000,0.115000,25.470000
6.462,-0.285000,-0.845000,0.351000,-0.901000,-8.542000,-2.702000,25.570000
6.473,-0.257000,-0.860000,0.359000,-1.023000,-9.794000,-3.458000,25.610000
6.480,-0.244000,-0.865000,0.371000,-0.786000,-10.076000,-2.611000,25.520000
6.493,-0.235000,-0.887000,0.372000,-0.771000,-10.405000,-1.237000,25.520000
6.505,-0.243000,-0.896000,0.377000,0.863000,-12.489000,0.412000,25.420000
6.512,-0.232000,-0.877000,0.385000,1.718000,-11.382000,0.305000,25.520000
6.524,-0.226000,-0.870000,0.392000,2.443000,-9.298000,-0.733000,25.570000
6.531,-0.219000,-0.860000,0.396000,2.053000,-9.511000,-0.466000,25.570000
6.544,-0.212000,-0.860000,0.404000,0.855000,-9.122000,0.557000,25.470000
6.551,-0.207000,-0.855000,0.397000,-0.008000,-6.840000,0.809000,25.470000
6.563,-0.229000,-0.862000,0.401000,-0.382000,-7.458000,0.626000,25.610000
6.575,-0.220000,-0.868000,0.416000,-0.962000,-8.374000,-0.252000,25.520000
6.582,-0.217000,-0.885000,0.405000,-1.534000,-9.756000,-1.176000,25.520000
6.594,-0.209000,-0.882000,0.400000,-1.443000,-11.305000,-2.069000,25.520000
6.603,-0.189000,-0.870000,0.389000,-2.420000,-11.069000,-1.588000,25.470000
6.613,-0.179000,-0.880000,0.386000,-3.084000,-9.550000,-0.435000,25.570000
6.620,-0.169000,-0.895000,0.365000,-3.168000,-7.588000,0.718000,25.570000
6.632,-0.176000,-0.915000,0.367000,-3.076000,-8.687000,4.061000,25.570000
6.645,-0.178000,-0.909000,0.330000,-1.168000,-8.344000,6.359000,25.660000
6.653,-0.173000,-0.911000,0.336000,2.443000,-2.992000,7.176000,25.570000
6.664,-0.190000,-0.913000,0.329000,3.099000,0.710000,8.351000,25.610000
6.671,-0.205000,-0.911000,0.323000,4.824000,1.840000,10.015000,25.520000
6.685,-0.225000,-0.913000,0.325000,5.748000,2.779000,11.702000,25.570000
6.692,-0.240000,-0.909000,0.324000,6.534000,3.382000,12.344000,25.570000
6.704,-0.236000,-0.894000,0.331000,5.779000,7.427000,11.122000,25.570000
6.711,-0.283000,-0.902000,0.341000,5.374000,7.618000,9.878000,25.570000
6.723,-0.277000,-0.885000,0.354000,5.634000,7.092000,8.092000,25.610000
6.730,-0.285000,-0.875000,0.369000,5.084000,7.656000,6.053000,25.520000
6.744,-0.284000,-0.864000,0.375000,4.634000,5.679000,4.313000,25.520000
6.756,-0.274000,-0.853000,0.388000,3.794000,3.947000,3.382000,25.610000
6.763,-0.286000,-0.874000,0.374000,2.557000,0.191000,3.237000,25.570000
6.775,-0.269000,-0.873000,0.375000,3.206000,-2.305000,1.802000,25.570000
6.782,-0.254000,-0.867000,0.375000,3.427000,-2.450000,-0.282000,25.570000
6.794,-0.247000,-0.851000,0.375000,3.519000,-1.496000,-2.107000,25.570000
6.801,-0.223000,-0.849000,0.374000,3.626000,-0.053000,-3.702000,25.610000
6.813,-0.206000,-0.848000,0.370000,3.954000,1.870000,-4.015000,25.520000
6.821,-0.206000,-0.850000,0.377000,4.885000,3.443000,-3.435000,25.610000
6.833,-0.196000,-0.857000,0.372000,5.023000,6.695000,-2.290000,25.610000
6.841,-0.225000,-0.866000,0.368000,5.466000,4.420000,0.489000,25.570000
6.853,-0.224000,-0.860000,0.369000,6.817000,1.511000,2.313000,25.570000
6.865,-0.228000,-0.848000,0.381000,7.015000,1.168000,2.214000,25.570000
6.873,-0.231000,-0.848000,0.378000,6.282000,0.466000,1.137000,25.570000
6.885,-0.220000,-0.849000,0.375000,5.374000,1.282000,0.214000,25.610000
6.894,-0.217000,-0.868000,0.377000,6.366000,1.473000,-0.191000,25.610000
6.904,-0.224000,-0.881000,0.376000,7.534000,2.313000,-0.076000,25.520000
6.912,-0.222000,-0.901000,0.394000,8.771000,1.878000,1.137000,25.520000
6.924,-0.225000,-0.902000,0.380000,9.626000,-2.969000,3.580000,25.660000
6.931,-0.216000,-0.881000,0.409000,9.855000,-2.519000,4.710000,25.570000
6.944,-0.208000,-0.862000,0.406000,9.595000,3.168000,4.702000,25.570000
6.951,-0.234000,-0.871000,0.402000,9.389000,5.031000,4.733000,25.570000
6.964,-0.234000,-0.869000,0.408000,9.313000,7.061000,4.740000,25.570000
6.970,-0.253000,-0.873000,0.398000,8.893000,5.992000,4.908000,25.520000
6.983,-0.255000,-0.865000,0.401000,8.351000,4.634000,4.550000,25.610000
6.990,-0.248000,-0.880000,0.407000,7.573000,3.710000,3.122000,25.660000
7.003,-0.273000,-0.865000,0.408000,7.191000,2.908000,1.649000,25.570000
7.015,-0.274000,-0.863000,0.409000,6.611000,0.153000,0.359000,25.660000
7.022,-0.254000,-0.852000,0.407000,5.847000,-1.282000,-1.710000,25.570000
7.035,-0.245000,-0.860000,0.416000,4.931000,-1.611000,-2.824000,25.520000
7.042,-0.239000,-0.867000,0.417000,4.924000,-3.962000,-2.664000,25.610000
7.055,-0.226000,-0.863000,0.423000,5.008000,-4.443000,-2.198000,25.610000
7.062,-0.212000,-0.857000,0.419000,4.359000,-2.504000,-2.046000,25.610000
7.073,-0.218000,-0.857000,0.427000,4.359000,-0.351000,-1.275000,25.660000
7.080,-0.220000,-0.858000,0.421000,4.229000,1.786000,-0.832000,25.570000
7.094,-0.227000,-0.870000,0.420000,4.847000,2.870000,-0.221000,25.570000
7.105,-0.230000,-0.874000,0.412000,5.267000,1.580000,0.168000,25.610000
7.112,-0.242000,-0.871000,0.408000,5.595000,-0.092000,-0.084000,25.610000
7.124,-0.230000,-0.876000,0.410000,5.794000,-1.664000,-0.198000,25.610000
7.131,-0.232000,-0.871000,0.399000,5.969000,-2.496000,-0.229000,25.610000
7.144,-0.229000,-0.860000,0.396000,5.756000,-0.237000,-0.740000,25.660000
7.151,-0.229000,-0.866000,0.396000,6.489000,-0.656000,-0.809000,25.660000
7.163,-0.225000,-0.858000,0.408000,6.977000,-1.038000,-0.443000,25.570000
7.170,-0.216000,-0.854000,0.406000,7.527000,0.687000,-0.786000,25.660000
7.182,-0.232000,-0.855000,0.413000,7.397000,1.099000,-0.718000,25.610000
7.195,-0.229000,-0.849000,0.422000,6.252000,0.206000,-1.107000,25.610000
7.202,-0.223000,-0.841000,0.413000,4.695000,-0.267000,-1.412000,25.710000
7.214,-0.234000,-0.854000,0.418000,4.275000,-1.511000,-1.412000,25.710000
7.221,-0.216000,-0.860000,0.406000,5.275000,-0.748000,-1.779000,25.660000
7.234,-0.215000,-0.850000,0.405000,5.015000,0.023000,-1.573000,25.660000
7.242,-0.210000,-0.852000,0.405000,4.176000,0.023000,-0.748000,25.660000
7.253,-0.217000,-0.871000,0.410000,5.305000,0.435000,-0.198000,25.660000
7.261,-0.218000,-0.856000,0.421000,6.145000,3.137000,-0.206000,25.660000
7.273,-0.225000,-0.865000,0.414000,6.634000,2.405000,0.542000,25.710000
7.285,-0.235000,-0.868000,0.413000,6.718000,0.099000,1.710000,25.710000
7.294,-0.243000,-0.865000,0.434000,7.389000,0.702000,1.252000,25.710000
7.305,-0.253000,-0.857000,0.433000,7.412000,1.321000,0.160000,25.660000
7.312,-0.252000,-0.850000,0.435000,6.916000,0.718000,-0.885000,25.660000
7.325,-0.243000,-0.844000,0.438000,7.031000,0.115000,-1.786000,25.750000
7.331,-0.229000,-0.841000,0.432000,6.305000,0.130000,-1.824000,25.710000
7.345,-0.232000,-0.850000,0.421000,5.550000,0.344000,-2.275000,25.710000
7.351,-0.223000,-0.864000,0.420000,5.687000,-1.916000,-1.740000,25.710000
7.363,-0.213000,-0.863000,0.425000,7.008000,-0.893000,-1.832000,25.710000
7.370,-0.223000,-0.862000,0.417000,8.427000,1.344000,-2.565000,25.660000
7.383,-0.219000,-0.859000,0.423000,9.603000,2.534000,-2.924000,25.750000
7.396,-0.235000,-0.853000,0.435000,9.611000,3.168000,-2.771000,25.750000
7.403,-0.229000,-0.845000,0.443000,9.000000,3.122000,-2.809000,25.660000
7.415,-0.230000,-0.827000,0.443000,8.794000,2.924000,-3.000000,25.800000
7.435,-0.227000,-0.820000,0.450000,7.374000,2.695000,-3.000000,25.610000
7.436,-0.206000,-0.824000,0.447000,5.313000,2.634000,-2.878000,25.710000
