time_sec,ax,ay,az,gx,gy,gz,temp_c
0.014,-0.345000,-0.561000,0.705000,-65.267000,40.756000,90.137000,30.880000
0.018,-0.403000,-0.547000,0.706000,-66.412000,39.267000,86.779000,30.980000
0.030,-0.455000,-0.531000,0.753000,-66.031000,36.450000,79.634000,30.930000
0.037,-0.458000,-0.523000,0.747000,-66.511000,34.565000,72.008000,30.880000
0.049,-0.486000,-0.507000,0.743000,-69.153000,27.053000,63.206000,30.880000
0.056,-0.475000,-0.478000,0.714000,-77.023000,21.351000,55.695000,30.840000
0.068,-0.466000,-0.487000,0.673000,-84.885000,18.237000,50.015000,30.880000
0.083,-0.452000,-0.505000,0.634000,-93.298000,14.962000,46.695000,30.880000
0.090,-0.466000,-0.531000,0.592000,-97.252000,9.802000,45.046000,30.930000
0.100,-0.480000,-0.576000,0.569000,-100.496000,-0.885000,48.863000,30.930000
0.105,-0.453000,-0.594000,0.508000,-100.206000,-1.779000,46.282000,30.880000
0.118,-0.377000,-0.707000,0.536000,-98.817000,0.519000,41.687000,30.930000
0.129,-0.422000,-0.634000,0.462000,-105.336000,1.840000,41.420000,30.930000
0.136,-0.396000,-0.641000,0.430000,-101.198000,10.214000,36.023000,30.880000
0.148,-0.385000,-0.654000,0.380000,-103.229000,14.107000,34.046000,30.880000
0.155,-0.394000,-0.685000,0.338000,-96.076000,13.634000,33.885000,30.930000
0.167,-0.411000,-0.717000,0.290000,-92.992000,12.344000,33.840000,30.790000
0.180,-0.442000,-0.708000,0.269000,-91.580000,12.443000,30.504000,30.980000
0.187,-0.462000,-0.734000,0.227000,-88.962000,9.252000,29.809000,30.840000
0.198,-0.460000,-0.719000,0.205000,-83.702000,3.015000,24.908000,30.930000
0.205,-0.420000,-0.789000,0.171000,-72.466000,5.672000,19.084000,30.880000
0.217,-0.388000,-0.795000,0.135000,-62.878000,9.252000,17.214000,30.840000
0.230,-0.369000,-0.792000,0.129000,-52.527000,16.321000,16.756000,30.930000
0.237,-0.413000,-0.802000,0.096000,-43.908000,15.794000,18.695000,30.880000
0.248,-0.465000,-0.759000,0.067000,-35.313000,7.061000,23.168000,30.880000
0.255,-0.506000,-0.765000,0.077000,-36.336000,7.206000,23.168000,30.930000
0.267,-0.548000,-0.753000,0.093000,-32.977000,2.366000,19.893000,30.880000
0.280,-0.523000,-0.731000,0.142000,-31.847000,4.847000,11.168000,30.880000
0.288,-0.523000,-0.737000,0.141000,-27.611000,4.290000,4.534000,30.840000
0.299,-0.500000,-0.756000,0.172000,-21.718000,3.267000,-0.718000,30.840000
0.305,-0.477000,-0.765000,0.169000,-16.000000,3.611000,-3.191000,30.880000
0.317,-0.482000,-0.771000,0.164000,-9.786000,1.702000,-2.573000,30.840000
0.330,-0.484000,-0.767000,0.179000,-4.702000,-0.458000,-2.336000,30.930000
0.337,-0.495000,-0.774000,0.176000,-2.977000,-0.450000,-3.221000,30.790000
0.349,-0.531000,-0.779000,0.199000,-1.534000,-5.672000,-4.427000,30.880000
0.355,-0.518000,-0.767000,0.203000,-1.595000,-10.038000,-6.840000,30.930000
0.367,-0.492000,-0.761000,0.238000,-1.893000,-9.183000,-9.198000,30.930000
0.380,-0.456000,-0.798000,0.271000,2.466000,-7.969000,-9.756000,30.880000
0.387,-0.402000,-0.804000,0.288000,8.954000,-1.313000,-10.855000,30.930000
0.399,-0.373000,-0.847000,0.285000,16.397000,5.611000,-9.802000,30.840000
0.406,-0.364000,-0.822000,0.305000,21.870000,15.458000,-12.771000,30.790000
0.418,-0.415000,-0.809000,0.320000,24.985000,18.183000,-13.305000,30.930000
0.430,-0.458000,-0.740000,0.321000,20.855000,18.382000,-14.725000,30.930000
0.438,-0.556000,-0.685000,0.331000,9.267000,4.824000,-11.611000,30.880000
0.449,-0.581000,-0.703000,0.323000,0.763000,-11.351000,-9.557000,30.790000
0.456,-0.490000,-0.718000,0.357000,-4.298000,-17.565000,-10.809000,30.930000
0.468,-0.424000,-0.756000,0.357000,-7.382000,-21.221000,-10.458000,30.790000
0.480,-0.349000,-0.806000,0.345000,-9.679000,-20.061000,-8.473000,30.880000
0.487,-0.312000,-0.858000,0.346000,-6.328000,-12.313000,-5.473000,30.930000
0.499,-0.282000,-0.874000,0.345000,-0.611000,-3.626000,-2.191000,30.840000
0.505,-0.260000,-0.880000,0.355000,5.672000,14.267000,-3.359000,30.880000
0.518,-0.305000,-0.859000,0.347000,9.962000,25.137000,-4.351000,30.930000
0.530,-0.395000,-0.786000,0.326000,7.107000,18.901000,-2.847000,30.840000
0.537,-0.479000,-0.748000,0.306000,-1.290000,1.817000,1.282000,30.980000
0.549,-0.526000,-0.760000,0.292000,-8.618000,-18.863000,3.527000,30.840000
0.556,-0.499000,-0.794000,0.272000,-16.840000,-37.160000,6.252000,30.840000
0.568,-0.496000,-0.818000,0.245000,-8.153000,-47.191000,7.168000,30.880000
0.575,-0.388000,-0.928000,0.279000,-4.130000,-54.336000,2.229000,30.840000
0.587,-0.249000,-0.948000,0.296000,3.672000,-40.847000,-7.069000,30.840000
0.600,-0.168000,-0.969000,0.344000,14.382000,-8.244000,-18.519000,30.880000
0.606,-0.244000,-0.974000,0.354000,18.687000,10.458000,-22.298000,30.880000
0.618,-0.275000,-0.938000,0.376000,28.962000,22.679000,-24.618000,30.840000
0.630,-0.346000,-0.899000,0.390000,32.466000,26.038000,-23.656000,30.840000
0.637,-0.415000,-0.847000,0.409000,29.626000,21.374000,-22.779000,30.880000
0.649,-0.450000,-0.840000,0.417000,25.878000,13.313000,-21.718000,30.930000
0.656,-0.447000,-0.810000,0.445000,22.534000,5.176000,-21.168000,30.930000
0.668,-0.396000,-0.814000,0.465000,17.954000,4.267000,-22.366000,30.880000
0.680,-0.366000,-0.828000,0.494000,18.901000,2.565000,-21.290000,30.840000
0.687,-0.358000,-0.821000,0.489000,20.947000,-0.771000,-19.099000,30.840000
0.699,-0.352000,-0.821000,0.488000,20.679000,-0.298000,-18.176000,30.880000
0.706,-0.354000,-0.826000,0.496000,19.733000,6.618000,-20.496000,30.980000
0.718,-0.350000,-0.845000,0.499000,22.824000,12.595000,-24.740000,30.930000
0.730,-0.326000,-0.787000,0.517000,15.832000,30.588000,-32.595000,30.880000
0.737,-0.400000,-0.776000,0.492000,5.534000,33.527000,-35.908000,30.880000
0.749,-0.423000,-0.741000,0.470000,-2.496000,21.878000,-36.771000,30.840000
0.755,-0.417000,-0.761000,0.444000,-12.985000,7.137000,-33.664000,30.930000
0.767,-0.366000,-0.823000,0.396000,-19.382000,-4.710000,-31.107000,30.880000
0.780,-0.298000,-0.895000,0.365000,-21.817000,-5.565000,-30.076000,30.930000
0.787,-0.247000,-0.936000,0.363000,-15.435000,-7.725000,-31.321000,30.930000
0.798,-0.201000,-0.956000,0.359000,-10.687000,-3.656000,-30.618000,30.880000
0.805,-0.173000,-0.962000,0.352000,-6.779000,-2.382000,-28.832000,30.880000
0.817,-0.165000,-0.949000,0.382000,-2.924000,3.626000,-24.878000,30.840000
0.830,-0.196000,-0.907000,0.388000,-1.992000,4.702000,-19.427000,30.880000
0.837,-0.237000,-0.881000,0.391000,-3.290000,3.702000,-14.137000,30.880000
0.849,-0.265000,-0.869000,0.398000,-6.359000,-1.176000,-10.206000,30.930000
0.855,-0.264000,-0.853000,0.427000,-11.855000,-0.603000,-10.397000,30.840000
0.867,-0.280000,-0.878000,0.424000,-14.672000,-0.771000,-11.084000,30.790000
0.880,-0.285000,-0.900000,0.421000,-14.656000,-1.557000,-11.153000,30.930000
0.886,-0.280000,-0.900000,0.422000,-13.374000,-1.015000,-10.786000,30.930000
0.898,-0.322000,-0.888000,0.410000,-11.687000,-1.252000,-10.328000,30.930000
0.909,-0.341000,-0.855000,0.433000,-11.924000,-4.427000,-10.573000,30.880000
0.916,-0.355000,-0.823000,0.425000,-15.939000,-7.718000,-12.565000,30.840000
0.930,-0.352000,-0.815000,0.426000,-20.840000,-16.565000,-12.740000,30.880000
0.940,-0.342000,-0.834000,0.416000,-26.084000,-27.939000,-10.305000,30.790000
0.947,-0.325000,-0.857000,0.409000,-28.511000,-41.527000,-4.076000,30.840000
0.959,-0.321000,-0.888000,0.364000,-31.939000,-51.550000,2.374000,30.840000
0.966,-0.295000,-0.923000,0.317000,-31.840000,-58.908000,8.298000,30.880000
0.978,-0.234000,-0.945000,0.311000,-28.298000,-60.206000,12.550000,30.840000
0.991,-0.168000,-0.943000,0.318000,-24.679000,-47.366000,11.916000,30.930000
0.997,-0.154000,-0.925000,0.337000,-22.053000,-33.534000,12.458000,30.880000
1.008,-0.182000,-0.916000,0.347000,-19.511000,-22.718000,12.504000,30.790000
1.015,-0.225000,-0.912000,0.354000,-17.855000,-15.214000,13.038000,30.930000
1.027,-0.281000,-0.908000,0.356000,-17.802000,-14.855000,14.611000,30.930000
1.039,-0.292000,-0.921000,0.351000,-16.008000,-16.282000,14.504000,30.880000
1.047,-0.297000,-0.912000,0.370000,-13.031000,-16.511000,12.176000,30.930000
1.058,-0.301000,-0.921000,0.383000,-10.618000,-20.519000,11.206000,30.840000
1.070,-0.272000,-0.920000,0.376000,-8.695000,-18.969000,7.252000,30.880000
1.076,-0.261000,-0.913000,0.425000,-6.321000,-11.656000,2.534000,30.930000
1.090,-0.238000,-0.920000,0.428000,-4.084000,-4.824000,-1.458000,30.840000
1.095,-0.240000,-0.922000,0.439000,-3.786000,-2.130000,-3.702000,30.980000
1.108,-0.231000,-0.909000,0.422000,-7.611000,3.168000,-5.481000,30.790000
1.120,-0.249000,-0.920000,0.422000,-12.397000,6.893000,-6.405000,30.930000
1.127,-0.303000,-0.923000,0.381000,-18.458000,1.763000,-6.733000,30.880000
1.139,-0.338000,-0.952000,0.342000,-22.504000,-8.053000,-8.763000,30.880000
1.146,-0.314000,-0.984000,0.308000,-20.931000,-21.954000,-9.847000,30.930000
1.157,-0.249000,-1.034000,0.301000,-17.023000,-28.618000,-9.137000,30.930000
1.170,-0.174000,-1.062000,0.308000,-12.656000,-36.160000,-8.389000,30.980000
1.176,-0.150000,-1.064000,0.308000,-6.069000,-37.924000,-6.504000,30.930000
1.189,-0.128000,-1.035000,0.342000,-0.267000,-31.511000,-5.130000,30.740000
1.196,-0.185000,-0.979000,0.354000,3.122000,-21.008000,-4.618000,30.880000
1.207,-0.205000,-0.933000,0.389000,-2.229000,-8.412000,-8.359000,30.790000
1.219,-0.304000,-0.894000,0.396000,-3.084000,-8.427000,-11.282000,30.840000
1.226,-0.335000,-0.852000,0.406000,-10.664000,-15.878000,-12.504000,30.880000
1.240,-0.323000,-0.852000,0.368000,-16.412000,-26.344000,-15.206000,30.790000
1.250,-0.256000,-0.895000,0.350000,-14.908000,-31.695000,-17.504000,30.840000
1.256,-0.167000,-0.981000,0.324000,-8.290000,-26.695000,-17.885000,30.840000
1.269,-0.105000,-1.022000,0.324000,0.885000,-22.412000,-16.107000,30.880000
1.275,-0.107000,-0.983000,0.302000,6.420000,-21.542000,-13.931000,30.840000
1.290,-0.163000,-0.942000,0.318000,3.832000,-25.664000,-10.023000,30.930000
1.299,-0.221000,-0.872000,0.320000,-2.756000,-26.237000,-7.931000,30.840000
1.306,-0.244000,-0.835000,0.344000,-10.511000,-24.687000,-8.504000,30.880000
1.318,-0.248000,-0.842000,0.347000,-17.290000,-28.832000,-6.809000,30.840000
1.325,-0.225000,-0.884000,0.343000,-20.374000,-32.244000,-6.885000,30.880000
1.337,-0.193000,-0.938000,0.336000,-17.855000,-27.435000,-10.313000,30.790000
1.349,-0.146000,-0.932000,0.330000,-12.176000,-20.298000,-13.198000,30.930000
1.355,-0.124000,-0.956000,0.344000,-0.122000,-11.473000,-19.718000,30.840000
1.367,-0.155000,-0.905000,0.344000,2.282000,-3.015000,-22.947000,30.980000
1.380,-0.205000,-0.887000,0.309000,1.962000,-2.069000,-24.771000,30.880000
1.387,-0.269000,-0.876000,0.306000,3.229000,-12.351000,-23.473000,30.840000
1.399,-0.291000,-0.888000,0.285000,5.847000,-29.183000,-20.824000,30.790000
1.405,-0.276000,-0.838000,0.296000,6.435000,-41.977000,-19.748000,30.880000
1.417,-0.270000,-0.776000,0.342000,7.069000,-51.282000,-22.008000,30.840000
1.430,-0.175000,-0.750000,0.377000,1.260000,-53.290000,-24.756000,30.930000
1.437,-0.100000,-0.711000,0.402000,-2.580000,-50.321000,-26.130000,30.790000
1.449,-0.040000,-0.760000,0.420000,-5.473000,-45.328000,-25.389000,30.930000
1.455,0.008000,-0.827000,0.389000,-8.649000,-31.626000,-23.336000,30.930000
1.467,-0.003000,-0.864000,0.354000,-8.298000,-15.237000,-20.374000,30.980000
1.480,-0.055000,-0.925000,0.307000,-6.962000,-8.740000,-15.481000,30.880000
1.486,-0.077000,-0.959000,0.277000,-2.328000,-8.679000,-12.435000,30.840000
1.498,-0.054000,-0.955000,0.260000,-0.496000,-7.420000,-12.115000,30.880000
1.510,-0.068000,-0.932000,0.250000,-0.893000,-6.466000,-11.115000,30.980000
1.517,-0.042000,-0.909000,0.254000,-1.107000,-3.618000,-10.244000,30.930000
1.530,-0.028000,-0.919000,0.302000,-2.305000,5.328000,-12.061000,30.840000
1.536,-0.020000,-0.898000,0.282000,-3.534000,9.290000,-11.740000,30.880000
1.549,-0.017000,-0.888000,0.303000,-4.618000,17.405000,-12.038000,30.880000
1.560,-0.034000,-0.885000,0.306000,-4.740000,17.573000,-9.893000,30.930000
1.567,-0.051000,-0.934000,0.310000,-7.702000,14.573000,-6.992000,30.840000
1.580,-0.042000,-0.940000,0.310000,-6.435000,8.473000,-4.069000,30.880000
1.586,-0.044000,-0.968000,0.298000,-9.206000,7.290000,-0.702000,30.930000
1.599,-0.035000,-0.979000,0.317000,-7.473000,4.237000,2.336000,30.840000
1.605,-0.041000,-0.967000,0.316000,-7.595000,2.985000,4.832000,30.980000
1.617,-0.051000,-0.943000,0.306000,-9.115000,4.229000,5.450000,30.880000
1.630,-0.040000,-0.959000,0.286000,-10.878000,7.328000,4.885000,30.840000
1.637,-0.032000,-0.966000,0.288000,-11.893000,16.153000,1.153000,30.880000
1.649,-0.042000,-0.976000,0.271000,-10.931000,22.832000,-3.305000,30.880000
1.655,-0.049000,-1.000000,0.269000,-7.214000,24.229000,-5.664000,30.840000
1.668,-0.052000,-0.994000,0.254000,-1.366000,25.695000,-6.573000,30.930000
1.680,-0.068000,-0.977000,0.264000,0.718000,28.015000,-7.740000,30.980000
1.687,-0.121000,-0.957000,0.266000,-0.359000,24.038000,-4.977000,30.880000
1.699,-0.134000,-0.940000,0.259000,-2.038000,16.534000,-2.183000,30.930000
1.706,-0.120000,-0.944000,0.273000,-4.718000,6.130000,2.069000,31.020000
1.718,-0.100000,-0.967000,0.292000,-6.771000,0.954000,5.198000,30.790000
1.725,-0.072000,-0.973000,0.297000,-9.366000,2.260000,5.824000,30.840000
1.739,-0.073000,-0.997000,0.297000,-9.695000,2.099000,6.863000,30.840000
1.750,-0.058000,-1.022000,0.285000,-9.855000,3.061000,8.061000,30.880000
1.757,-0.038000,-1.007000,0.281000,-9.328000,7.641000,9.351000,30.930000
1.769,-0.054000,-1.011000,0.255000,-9.405000,8.740000,12.359000,30.930000
1.776,-0.067000,-1.004000,0.240000,-8.817000,4.221000,15.748000,30.880000
1.789,-0.063000,-0.989000,0.256000,-5.878000,5.321000,16.939000,30.880000
1.795,-0.086000,-0.963000,0.260000,-1.840000,8.985000,14.992000,30.740000
1.808,-0.143000,-0.944000,0.271000,-0.740000,9.550000,13.321000,30.840000
1.820,-0.184000,-0.923000,0.264000,-2.321000,5.916000,14.267000,30.880000
1.827,-0.182000,-0.905000,0.277000,-1.092000,0.389000,14.511000,30.930000
1.840,-0.194000,-0.895000,0.291000,-3.595000,-4.939000,15.237000,30.930000
1.846,-0.186000,-0.890000,0.292000,-7.282000,-6.947000,14.084000,30.930000
1.858,-0.162000,-0.897000,0.309000,-10.183000,-1.771000,10.122000,30.880000
1.870,-0.173000,-0.904000,0.317000,-11.626000,-3.107000,9.160000,30.930000
1.877,-0.172000,-0.911000,0.321000,-13.008000,-6.351000,8.466000,30.930000
1.889,-0.160000,-0.919000,0.310000,-13.786000,-10.420000,9.191000,30.880000
1.896,-0.137000,-0.918000,0.305000,-12.519000,-14.939000,9.634000,30.930000
1.908,-0.116000,-0.919000,0.319000,-12.557000,-16.397000,10.412000,30.840000
1.920,-0.117000,-0.910000,0.334000,-12.321000,-17.672000,12.382000,30.880000
1.926,-0.136000,-0.910000,0.333000,-11.901000,-14.824000,13.076000,30.980000
1.938,-0.191000,-0.893000,0.318000,-13.489000,-13.076000,13.405000,30.840000
1.946,-0.221000,-0.905000,0.303000,-15.527000,-12.107000,11.435000,30.980000
1.957,-0.258000,-0.900000,0.259000,-16.954000,-17.847000,9.427000,30.790000
1.969,-0.244000,-0.923000,0.246000,-17.000000,-25.466000,7.473000,30.930000
1.976,-0.195000,-0.940000,0.242000,-13.412000,-30.137000,6.061000,30.930000
1.989,-0.145000,-0.941000,0.256000,-8.153000,-31.305000,4.153000,30.880000
1.996,-0.109000,-0.942000,0.298000,-3.863000,-29.992000,2.084000,30.880000
2.007,-0.113000,-0.941000,0.326000,-2.084000,-26.145000,0.771000,30.930000
2.019,-0.119000,-0.942000,0.337000,-2.313000,-22.191000,-0.427000,30.880000
2.026,-0.096000,-0.952000,0.326000,-3.817000,-18.870000,-1.450000,30.980000
2.039,-0.075000,-0.967000,0.332000,-3.824000,-14.763000,-3.237000,30.840000
2.050,-0.072000,-0.977000,0.315000,-2.229000,-10.389000,-4.107000,30.930000
2.057,-0.056000,-0.986000,0.301000,0.069000,-8.023000,-3.817000,30.880000
2.069,-0.057000,-0.991000,0.315000,1.481000,-7.771000,-2.901000,30.840000
2.076,-0.070000,-0.994000,0.314000,2.321000,-10.282000,-0.893000,30.840000
2.088,-0.062000,-0.979000,0.326000,1.023000,-10.527000,1.000000,30.880000
2.096,-0.039000,-0.967000,0.333000,-1.962000,-8.481000,3.145000,30.880000
2.107,-0.026000,-0.948000,0.331000,-3.832000,-6.489000,6.687000,30.930000
2.120,-0.037000,-0.938000,0.328000,-4.763000,-3.435000,9.695000,30.740000
2.126,-0.072000,-0.938000,0.319000,-6.198000,-1.840000,11.718000,30.880000
2.140,-0.103000,-0.944000,0.314000,-7.794000,-4.115000,13.038000,30.840000
2.146,-0.124000,-0.937000,0.309000,-8.458000,-2.954000,12.580000,30.840000
2.158,-0.142000,-0.945000,0.292000,-9.092000,-3.626000,12.611000,30.790000
2.170,-0.147000,-0.933000,0.277000,-10.023000,-4.412000,12.099000,30.880000
2.176,-0.150000,-0.927000,0.267000,-11.038000,-6.359000,11.786000,30.840000
2.189,-0.131000,-0.941000,0.270000,-11.588000,-8.313000,11.947000,30.840000
2.196,-0.147000,-0.950000,0.258000,-11.931000,-12.237000,13.641000,30.980000
2.207,-0.168000,-0.949000,0.252000,-10.893000,-15.427000,13.832000,30.880000
2.219,-0.161000,-0.930000,0.254000,-10.237000,-16.916000,12.924000,30.840000
2.226,-0.170000,-0.934000,0.249000,-9.954000,-18.061000,11.198000,30.880000
2.239,-0.142000,-0.938000,0.244000,-8.718000,-20.366000,10.183000,30.880000
2.246,-0.114000,-0.940000,0.253000,-6.863000,-20.137000,8.931000,30.930000
2.257,-0.096000,-0.937000,0.253000,-6.328000,-13.947000,5.977000,30.930000
2.269,-0.118000,-0.948000,0.264000,-5.023000,-10.771000,4.947000,30.880000
2.276,-0.127000,-0.950000,0.244000,-4.031000,-8.901000,4.282000,30.840000
2.289,-0.139000,-0.940000,0.239000,-3.824000,-8.931000,3.847000,30.840000
2.296,-0.133000,-0.942000,0.222000,-3.336000,-10.328000,4.901000,30.880000
2.307,-0.132000,-0.930000,0.206000,-2.786000,-12.229000,6.863000,30.880000
2.320,-0.160000,-0.930000,0.203000,-2.053000,-16.443000,8.733000,30.840000
2.326,-0.180000,-0.918000,0.203000,-1.237000,-22.313000,9.779000,30.840000
2.339,-0.181000,-0.908000,0.214000,-0.779000,-25.672000,8.290000,30.880000
2.346,-0.172000,-0.906000,0.211000,0.176000,-28.481000,6.710000,30.880000
2.358,-0.131000,-0.907000,0.233000,2.252000,-28.954000,5.756000,30.840000
2.370,-0.127000,-0.900000,0.239000,2.847000,-27.122000,4.802000,30.980000
2.377,-0.119000,-0.905000,0.240000,3.107000,-27.733000,4.710000,30.980000
2.390,-0.132000,-0.899000,0.240000,4.137000,-28.137000,4.977000,30.930000
2.397,-0.142000,-0.888000,0.245000,4.687000,-31.481000,5.550000,30.840000
2.409,-0.144000,-0.874000,0.233000,4.672000,-37.321000,5.473000,30.880000
2.415,-0.128000,-0.896000,0.237000,3.489000,-39.206000,4.389000,30.880000
2.427,-0.079000,-0.907000,0.250000,4.809000,-39.832000,4.069000,30.840000
2.441,-0.048000,-0.907000,0.269000,6.733000,-34.031000,2.603000,30.980000
2.448,-0.042000,-0.911000,0.278000,7.053000,-26.046000,0.450000,30.880000
2.459,-0.076000,-0.901000,0.295000,7.069000,-21.878000,-1.069000,30.930000
2.466,-0.089000,-0.885000,0.283000,6.290000,-18.168000,-2.908000,30.930000
2.479,-0.080000,-0.891000,0.289000,6.519000,-16.328000,-3.977000,30.880000
2.490,-0.047000,-0.920000,0.265000,8.725000,-14.885000,-4.588000,30.930000
2.497,-0.041000,-0.943000,0.262000,10.931000,-13.435000,-2.359000,30.930000
2.509,-0.061000,-0.947000,0.264000,12.809000,-15.740000,0.237000,30.880000
2.516,-0.090000,-0.932000,0.278000,12.840000,-16.481000,1.580000,30.980000
2.528,-0.124000,-0.914000,0.285000,9.473000,-18.687000,2.588000,30.930000
2.535,-0.115000,-0.913000,0.293000,7.947000,-22.275000,2.328000,31.020000
2.548,-0.062000,-0.910000,0.285000,7.153000,-24.847000,2.252000,30.880000
2.560,0.007000,-0.934000,0.303000,9.038000,-19.282000,2.527000,30.930000
2.566,0.032000,-0.951000,0.347000,12.595000,-15.130000,4.794000,30.840000
2.580,-0.007000,-0.932000,0.365000,14.015000,-14.901000,8.832000,30.880000
2.586,-0.035000,-0.892000,0.376000,9.153000,-8.473000,12.160000,30.880000
2.599,-0.081000,-0.884000,0.368000,2.817000,-10.985000,12.702000,30.930000
2.610,-0.095000,-0.911000,0.353000,-3.092000,-7.847000,12.802000,30.980000
2.617,-0.115000,-0.932000,0.302000,-5.802000,-5.305000,12.466000,30.880000
2.630,-0.136000,-0.954000,0.266000,-4.740000,-3.771000,11.702000,30.930000
2.636,-0.159000,-0.948000,0.248000,-2.695000,-3.244000,9.160000,30.930000
2.649,-0.168000,-0.942000,0.234000,0.496000,-4.595000,7.053000,30.880000
2.655,-0.146000,-0.955000,0.245000,4.565000,-7.435000,5.725000,30.980000
2.668,-0.121000,-0.955000,0.231000,9.863000,-8.779000,3.733000,31.020000
2.680,-0.100000,-0.967000,0.258000,14.221000,-8.863000,1.832000,30.930000
2.688,-0.087000,-0.970000,0.267000,15.115000,-3.885000,0.168000,30.880000
2.699,-0.116000,-0.943000,0.281000,14.885000,-2.954000,-0.626000,30.840000
2.706,-0.129000,-0.914000,0.299000,13.649000,-3.992000,-1.405000,30.840000
2.718,-0.084000,-0.907000,0.294000,13.061000,-5.160000,-0.718000,30.880000
2.730,-0.067000,-0.923000,0.311000,14.260000,-4.290000,0.496000,30.840000
2.738,-0.070000,-0.944000,0.297000,15.122000,-4.504000,2.542000,30.930000
2.750,-0.080000,-0.970000,0.297000,16.282000,-7.557000,6.389000,30.880000
2.756,-0.105000,-0.960000,0.292000,17.328000,-12.206000,9.618000,30.880000
2.768,-0.114000,-0.931000,0.312000,14.389000,-12.282000,11.412000,30.840000
2.775,-0.136000,-0.897000,0.327000,11.664000,-13.443000,10.847000,30.880000
2.788,-0.129000,-0.870000,0.325000,9.412000,-15.298000,9.275000,30.880000
2.800,-0.130000,-0.871000,0.352000,8.069000,-16.580000,7.870000,30.930000
2.806,-0.119000,-0.894000,0.343000,7.344000,-19.336000,8.115000,30.930000
2.818,-0.101000,-0.939000,0.321000,6.962000,-21.359000,8.916000,30.930000
2.825,-0.102000,-0.960000,0.314000,7.489000,-21.137000,10.115000,30.880000
2.838,-0.109000,-0.958000,0.312000,10.489000,-21.168000,10.008000,30.930000
2.850,-0.095000,-0.932000,0.305000,11.450000,-19.115000,8.443000,30.880000
2.856,-0.097000,-0.898000,0.313000,12.252000,-17.344000,5.962000,30.980000
2.869,-0.091000,-0.870000,0.319000,13.267000,-18.847000,3.084000,30.840000
2.875,-0.064000,-0.904000,0.348000,14.672000,-19.718000,0.038000,30.930000
2.888,-0.027000,-0.948000,0.365000,17.000000,-21.603000,2.229000,30.880000
2.900,-0.022000,-0.956000,0.353000,17.504000,-24.473000,6.099000,30.880000
2.907,-0.033000,-0.933000,0.376000,18.557000,-21.260000,8.893000,30.840000
2.919,-0.062000,-0.906000,0.401000,16.702000,-19.534000,10.786000,30.980000
2.925,-0.100000,-0.900000,0.382000,13.962000,-22.321000,11.046000,30.880000
2.939,-0.092000,-0.892000,0.376000,10.992000,-25.267000,9.748000,31.020000
2.950,-0.055000,-0.917000,0.381000,9.656000,-26.206000,10.229000,30.930000
2.957,-0.040000,-0.914000,0.349000,7.359000,-25.786000,12.641000,30.790000
2.969,-0.080000,-0.913000,0.343000,6.313000,-25.183000,14.000000,30.930000
2.976,-0.151000,-0.892000,0.339000,3.015000,-28.695000,16.023000,30.840000
2.988,-0.180000,-0.870000,0.338000,2.435000,-31.672000,13.344000,30.980000
3.000,-0.205000,-0.884000,0.327000,2.252000,-36.260000,11.038000,30.880000
3.007,-0.067000,-0.900000,0.324000,9.511000,-40.282000,6.443000,31.020000
3.019,0.021000,-0.918000,0.330000,16.069000,-34.809000,5.145000,30.880000
3.026,0.049000,-0.942000,0.375000,25.466000,-33.939000,4.878000,30.880000
3.038,0.041000,-0.900000,0.386000,28.550000,-28.000000,8.206000,30.930000
3.046,0.006000,-0.867000,0.412000,26.885000,-21.626000,10.870000,30.840000
3.057,-0.066000,-0.829000,0.418000,22.519000,-20.206000,12.611000,30.880000
3.069,-0.102000,-0.789000,0.411000,14.817000,-17.374000,11.962000,30.840000
3.076,-0.132000,-0.769000,0.429000,7.664000,-17.023000,8.832000,30.930000
3.089,-0.081000,-0.801000,0.398000,5.351000,-20.046000,6.740000,30.930000
3.096,-0.022000,-0.822000,0.425000,7.450000,-19.740000,3.145000,30.980000
3.107,-0.015000,-0.872000,0.414000,11.588000,-16.137000,2.931000,31.020000
3.120,-0.006000,-0.875000,0.417000,15.962000,-12.130000,5.076000,30.880000
3.127,-0.030000,-0.860000,0.404000,15.603000,-0.496000,9.458000,30.980000
3.139,-0.113000,-0.837000,0.385000,13.443000,-9.359000,13.038000,30.930000
3.146,-0.135000,-0.822000,0.377000,11.221000,-16.069000,13.656000,30.930000
3.158,-0.114000,-0.829000,0.399000,11.641000,-20.412000,11.908000,30.880000
3.170,-0.078000,-0.839000,0.424000,12.168000,-22.282000,10.710000,30.880000
3.176,-0.058000,-0.854000,0.438000,13.130000,-22.260000,9.840000,30.930000
3.189,-0.055000,-0.839000,0.435000,12.809000,-16.481000,10.351000,30.980000
3.196,-0.093000,-0.833000,0.439000,8.321000,-12.336000,9.962000,30.880000
3.208,-0.108000,-0.838000,0.423000,7.504000,-14.321000,10.450000,30.840000
3.220,-0.099000,-0.847000,0.413000,4.550000,-12.710000,9.740000,30.930000
3.227,-0.097000,-0.856000,0.409000,4.466000,-11.153000,9.008000,30.880000
3.239,-0.108000,-0.871000,0.404000,7.183000,-9.145000,8.756000,30.840000
3.246,-0.131000,-0.853000,0.404000,7.282000,-6.260000,9.061000,30.840000
3.258,-0.154000,-0.832000,0.401000,6.489000,-5.053000,8.229000,30.880000
3.265,-0.205000,-0.825000,0.399000,5.809000,-8.992000,9.328000,30.980000
3.280,-0.221000,-0.790000,0.396000,2.435000,-13.573000,6.855000,30.930000
3.290,-0.194000,-0.804000,0.398000,0.893000,-20.847000,2.137000,30.980000
3.297,-0.141000,-0.828000,0.425000,-0.321000,-27.099000,-0.824000,30.980000
3.309,-0.078000,-0.855000,0.446000,1.595000,-28.229000,-3.145000,30.840000
3.316,-0.015000,-0.843000,0.467000,2.519000,-22.702000,-3.534000,30.840000
3.328,-0.027000,-0.848000,0.486000,4.252000,-22.298000,2.130000,30.880000
3.335,-0.035000,-0.849000,0.486000,3.031000,-21.305000,9.221000,30.930000
3.347,-0.050000,-0.851000,0.458000,-2.481000,-19.206000,14.015000,30.930000
3.360,-0.096000,-0.848000,0.450000,-5.389000,-21.863000,16.206000,30.840000
3.366,-0.091000,-0.858000,0.426000,-6.924000,-25.847000,16.863000,30.980000
3.378,-0.087000,-0.868000,0.428000,-6.420000,-30.305000,17.176000,31.020000
3.391,-0.085000,-0.839000,0.429000,-5.985000,-30.557000,16.641000,30.880000
3.397,-0.089000,-0.835000,0.431000,-6.000000,-27.130000,15.366000,30.980000
3.409,-0.080000,-0.847000,0.423000,-4.840000,-29.679000,14.450000,30.930000
3.416,-0.034000,-0.880000,0.441000,-4.183000,-24.985000,11.130000,30.930000
3.430,-0.017000,-0.894000,0.447000,-2.298000,-19.282000,10.153000,30.980000
3.441,-0.024000,-0.897000,0.438000,-1.786000,-14.878000,10.382000,30.930000
3.446,-0.044000,-0.925000,0.412000,-3.412000,-14.504000,13.237000,30.930000
3.459,-0.080000,-0.942000,0.375000,-3.168000,-22.290000,17.237000,30.980000
3.465,-0.120000,-0.952000,0.347000,-3.504000,-28.229000,22.389000,30.880000
3.477,-0.130000,-0.978000,0.305000,-1.908000,-35.809000,28.718000,30.840000
3.491,-0.147000,-0.928000,0.279000,-2.550000,-43.351000,32.947000,30.840000
3.497,-0.215000,-0.923000,0.282000,-0.969000,-56.328000,36.489000,30.880000
3.508,-0.249000,-0.863000,0.302000,-5.527000,-68.863000,39.679000,30.930000
3.515,-0.327000,-0.840000,0.320000,-5.901000,-88.458000,38.916000,30.930000
3.527,-0.255000,-0.834000,0.339000,-2.420000,-110.771000,35.405000,30.980000
3.539,-0.194000,-0.786000,0.388000,-2.153000,-122.069000,30.817000,30.930000
3.546,-0.120000,-0.794000,0.417000,-2.679000,-129.977000,27.466000,30.840000
3.558,-0.006000,-0.768000,0.444000,-4.069000,-133.786000,23.740000,30.880000
3.570,0.086000,-0.786000,0.518000,-2.863000,-128.626000,17.779000,30.880000
3.577,0.169000,-0.788000,0.540000,-1.382000,-122.748000,13.588000,30.930000
3.590,0.220000,-0.730000,0.627000,0.305000,-106.053000,13.305000,30.840000
3.597,0.327000,-0.800000,0.613000,6.443000,-84.000000,7.618000,30.980000
3.608,0.388000,-0.815000,0.624000,7.206000,-50.916000,5.038000,30.930000
3.615,0.450000,-0.869000,0.604000,11.969000,-18.382000,2.924000,30.930000
3.630,0.450000,-0.931000,0.533000,13.206000,23.053000,3.435000,30.930000
3.641,0.340000,-0.948000,0.442000,18.786000,51.977000,6.122000,30.880000
3.649,0.189000,-0.955000,0.362000,22.947000,78.450000,6.870000,30.930000
3.659,0.008000,-0.871000,0.350000,24.947000,87.817000,4.008000,30.980000
3.666,-0.285000,-0.810000,0.291000,15.931000,77.145000,6.550000,30.880000
3.680,-0.389000,-0.777000,0.310000,19.137000,47.718000,2.389000,30.840000
3.686,-0.293000,-0.732000,0.438000,22.802000,28.053000,-11.504000,30.930000
3.698,-0.151000,-0.819000,0.512000,22.382000,20.618000,-16.710000,30.980000
3.710,-0.033000,-0.709000,0.622000,28.840000,28.634000,-27.031000,30.840000
3.716,0.050000,-0.724000,0.686000,31.443000,35.405000,-28.298000,30.930000
3.730,0.049000,-0.751000,0.707000,26.137000,39.947000,-23.618000,30.880000
3.736,-0.004000,-0.775000,0.639000,13.916000,42.901000,-16.878000,30.880000
3.747,-0.089000,-0.795000,0.550000,-2.336000,34.496000,-8.084000,30.840000
3.759,-0.157000,-0.817000,0.498000,-10.954000,16.206000,1.847000,30.930000
3.766,-0.181000,-0.814000,0.461000,-13.084000,1.122000,7.779000,30.880000
3.780,-0.149000,-0.806000,0.468000,-12.267000,-4.328000,9.664000,30.930000
3.786,-0.106000,-0.812000,0.463000,-8.053000,-4.863000,8.023000,30.930000
3.798,-0.070000,-0.837000,0.446000,-3.885000,0.656000,2.473000,30.980000
3.810,-0.003000,-0.855000,0.443000,-0.267000,11.649000,-8.328000,30.930000
3.817,0.016000,-0.897000,0.429000,3.382000,22.809000,-16.740000,30.840000
3.830,0.066000,-0.946000,0.409000,8.718000,34.137000,-22.527000,30.880000
3.836,0.056000,-0.968000,0.395000,12.985000,46.725000,-24.107000,30.880000
3.848,-0.017000,-0.924000,0.406000,16.718000,51.817000,-21.962000,30.930000
3.860,-0.117000,-0.857000,0.390000,14.534000,48.275000,-14.351000,30.880000
3.867,-0.162000,-0.847000,0.341000,6.840000,38.969000,-8.840000,30.790000
3.880,-0.177000,-0.848000,0.347000,1.763000,24.832000,-5.084000,30.840000
3.886,-0.117000,-0.873000,0.338000,3.382000,15.298000,-5.733000,30.840000
3.899,-0.081000,-0.869000,0.381000,11.038000,15.031000,-5.573000,30.880000
3.905,-0.122000,-0.772000,0.468000,25.847000,23.779000,-8.603000,30.930000
3.917,-0.235000,-0.641000,0.609000,33.565000,43.840000,-18.565000,30.930000
3.930,-0.329000,-0.528000,0.695000,28.023000,61.023000,-36.412000,30.790000
3.936,-0.363000,-0.521000,0.679000,10.038000,65.336000,-54.076000,30.930000
3.948,-0.286000,-0.617000,0.603000,-5.260000,57.344000,-72.099000,30.930000
3.960,-0.105000,-0.744000,0.513000,-14.542000,49.336000,-83.115000,30.880000
3.967,0.073000,-0.938000,0.437000,-17.183000,39.557000,-80.420000,30.980000
3.980,0.225000,-1.053000,0.377000,-10.847000,32.443000,-67.832000,30.930000
3.986,0.292000,-1.142000,0.324000,-5.649000,31.969000,-47.069000,30.790000
3.999,0.220000,-1.160000,0.303000,3.305000,14.107000,-23.130000,30.880000
4.005,0.153000,-1.108000,0.295000,7.092000,1.260000,-0.351000,30.930000
4.017,0.084000,-0.983000,0.346000,7.237000,-0.176000,14.160000,30.930000
4.030,-0.039000,-0.857000,0.432000,10.748000,-2.718000,18.122000,30.980000
4.036,-0.078000,-0.775000,0.501000,7.412000,-3.985000,14.305000,30.930000
4.050,-0.059000,-0.769000,0.520000,2.664000,-6.634000,5.405000,30.840000
4.056,0.010000,-0.832000,0.515000,1.168000,-6.649000,-2.580000,30.880000
4.068,0.115000,-0.910000,0.481000,1.527000,-2.702000,-8.313000,30.930000
4.075,0.172000,-0.949000,0.434000,3.893000,7.718000,-8.504000,30.840000
4.088,0.127000,-0.930000,0.444000,7.000000,12.962000,-0.534000,30.880000
4.100,0.021000,-0.880000,0.454000,8.412000,13.473000,10.519000,30.880000
4.107,-0.079000,-0.810000,0.454000,5.626000,10.847000,15.435000,30.930000
4.119,-0.126000,-0.760000,0.460000,0.237000,2.214000,15.229000,30.790000
4.126,-0.073000,-0.810000,0.446000,-4.305000,-5.267000,10.076000,30.880000
4.139,0.013000,-0.896000,0.428000,-3.519000,-10.031000,4.580000,30.930000
4.146,0.108000,-0.957000,0.431000,4.031000,-7.847000,3.038000,31.020000
4.157,0.082000,-0.938000,0.450000,11.672000,-3.557000,7.366000,30.980000
4.170,0.019000,-0.856000,0.501000,11.412000,5.130000,12.336000,30.840000
4.177,-0.087000,-0.808000,0.506000,8.328000,2.718000,15.786000,30.930000
4.190,-0.104000,-0.773000,0.506000,2.000000,-4.595000,14.443000,30.880000
4.197,-0.031000,-0.826000,0.489000,-3.450000,-4.427000,8.389000,30.980000
4.208,0.040000,-0.892000,0.473000,-0.824000,-2.985000,5.466000,31.020000
4.215,0.049000,-0.884000,0.478000,5.298000,-0.115000,9.053000,30.880000
4.228,-0.049000,-0.822000,0.505000,7.305000,-3.992000,16.321000,30.790000
4.240,-0.145000,-0.735000,0.543000,6.244000,-12.313000,23.336000,30.930000
4.247,-0.168000,-0.683000,0.573000,-0.366000,-19.023000,23.183000,30.840000
4.259,-0.116000,-0.693000,0.576000,-5.275000,-23.908000,18.275000,30.880000
4.266,-0.039000,-0.756000,0.572000,-6.550000,-22.176000,12.679000,30.840000
4.280,0.024000,-0.821000,0.550000,-4.366000,-13.939000,9.069000,30.840000
4.291,0.034000,-0.836000,0.547000,-1.977000,-0.687000,7.740000,30.880000
4.297,-0.037000,-0.829000,0.509000,-4.802000,5.145000,9.618000,30.840000
4.309,-0.058000,-0.835000,0.468000,-7.473000,1.565000,12.908000,30.930000
4.316,-0.034000,-0.846000,0.431000,-10.542000,3.092000,10.672000,30.880000
4.330,-0.022000,-0.919000,0.415000,-7.809000,2.198000,12.260000,30.790000
4.336,-0.020000,-0.905000,0.419000,3.160000,3.901000,10.809000,30.930000
4.349,-0.049000,-0.891000,0.424000,4.565000,8.466000,13.519000,30.790000
4.360,-0.149000,-0.898000,0.428000,7.962000,4.992000,13.992000,30.880000
4.367,-0.125000,-0.829000,0.451000,3.679000,2.504000,14.420000,30.930000
4.381,-0.142000,-0.818000,0.442000,5.069000,-2.573000,10.321000,30.930000
4.386,-0.048000,-0.833000,0.488000,6.824000,-2.733000,4.618000,30.980000
4.399,-0.021000,-0.849000,0.474000,8.641000,-0.649000,2.099000,30.840000
4.406,-0.008000,-0.849000,0.470000,7.885000,2.908000,2.321000,30.930000
4.418,-0.070000,-0.837000,0.497000,10.962000,-0.382000,5.206000,30.880000
4.425,-0.086000,-0.821000,0.507000,7.489000,-1.115000,8.626000,30.930000
4.438,-0.085000,-0.777000,0.539000,5.267000,-0.092000,8.053000,30.840000
4.450,-0.075000,-0.726000,0.565000,2.466000,4.786000,6.038000,30.880000
4.457,-0.092000,-0.695000,0.582000,-0.939000,11.038000,3.214000,30.790000
4.469,-0.145000,-0.632000,0.605000,-5.412000,14.542000,2.221000,30.840000
4.476,-0.218000,-0.593000,0.610000,-14.260000,17.450000,3.176000,30.880000
4.489,-0.301000,-0.611000,0.571000,-26.672000,13.527000,4.664000,30.980000
4.494,-0.328000,-0.642000,0.503000,-40.351000,5.786000,3.740000,30.930000
4.507,-0.305000,-0.730000,0.460000,-47.931000,-10.473000,0.115000,30.930000
4.519,-0.246000,-0.816000,0.396000,-45.389000,-28.298000,-2.824000,30.880000
4.525,-0.105000,-0.860000,0.383000,-43.061000,-27.023000,-5.168000,30.930000
4.538,-0.061000,-0.910000,0.398000,-35.947000,-23.824000,-7.710000,30.930000
4.550,-0.089000,-0.867000,0.399000,-27.214000,-21.420000,-7.176000,30.840000
4.556,-0.080000,-0.828000,0.433000,-21.603000,-17.153000,-7.908000,30.880000
4.568,-0.066000,-0.807000,0.462000,-21.779000,-9.168000,-10.336000,30.840000
4.575,-0.054000,-0.768000,0.517000,-25.221000,-3.450000,-12.954000,30.880000
4.588,-0.048000,-0.765000,0.539000,-26.740000,-1.145000,-17.008000,30.980000
4.600,-0.022000,-0.799000,0.516000,-29.214000,3.328000,-19.389000,30.930000
4.606,0.018000,-0.815000,0.529000,-30.282000,1.076000,-22.099000,30.840000
4.618,0.078000,-0.864000,0.516000,-32.511000,6.290000,-22.382000,30.980000
4.630,0.157000,-0.889000,0.492000,-30.794000,19.481000,-24.824000,30.840000
4.637,0.122000,-0.880000,0.492000,-32.099000,38.366000,-24.748000,30.930000
4.650,0.020000,-0.866000,0.459000,-30.969000,43.198000,-23.069000,30.880000
4.655,-0.070000,-0.830000,0.449000,-31.969000,41.565000,-21.382000,30.980000
4.667,-0.101000,-0.772000,0.441000,-32.000000,37.557000,-23.817000,30.930000
4.680,-0.111000,-0.768000,0.470000,-33.954000,26.099000,-25.084000,30.840000
4.686,-0.066000,-0.796000,0.442000,-39.130000,16.435000,-25.130000,30.880000
4.699,0.054000,-0.866000,0.389000,-41.160000,10.595000,-24.519000,30.930000
4.705,0.140000,-0.936000,0.336000,-40.878000,13.992000,-25.435000,30.840000
4.717,0.195000,-0.949000,0.306000,-37.412000,24.847000,-26.634000,30.880000
4.730,0.227000,-0.950000,0.295000,-33.725000,35.718000,-23.634000,30.930000
4.736,0.217000,-0.945000,0.306000,-32.160000,44.061000,-17.939000,30.930000
4.749,0.169000,-0.938000,0.313000,-30.122000,47.450000,-11.244000,30.880000
4.755,0.159000,-0.895000,0.309000,-26.740000,45.466000,-7.267000,30.880000
4.767,0.165000,-0.898000,0.351000,-26.412000,44.916000,-1.748000,30.930000
4.780,0.193000,-0.921000,0.335000,-27.542000,48.672000,1.443000,30.880000
4.786,0.178000,-0.901000,0.308000,-30.015000,56.382000,2.366000,30.790000
4.799,0.121000,-0.907000,0.298000,-30.466000,62.427000,5.496000,30.840000
4.805,0.080000,-0.915000,0.259000,-32.137000,69.809000,5.336000,30.930000
4.818,0.024000,-0.930000,0.225000,-27.580000,69.328000,5.198000,30.880000
4.830,-0.000000,-1.008000,0.219000,-19.702000,66.076000,4.878000,30.930000
4.838,-0.008000,-1.004000,0.196000,-11.672000,66.519000,2.214000,30.930000
4.850,-0.013000,-0.992000,0.213000,-6.527000,67.519000,0.260000,30.790000
4.856,-0.010000,-0.965000,0.229000,-1.023000,70.351000,-2.443000,30.980000
4.868,0.007000,-0.953000,0.257000,4.366000,75.481000,-3.901000,30.930000
4.875,0.021000,-0.918000,0.274000,8.405000,85.183000,-5.626000,30.880000
4.888,-0.015000,-0.895000,0.294000,12.382000,94.725000,-4.435000,30.880000
4.899,-0.071000,-0.880000,0.294000,11.519000,103.336000,-2.069000,30.840000
4.906,-0.215000,-0.857000,0.258000,7.756000,100.137000,1.305000,30.930000
4.918,-0.314000,-0.796000,0.237000,2.809000,86.420000,6.099000,30.880000
4.925,-0.453000,-0.742000,0.208000,-8.046000,62.794000,6.328000,30.840000
4.938,-0.415000,-0.768000,0.257000,-7.863000,53.870000,-0.435000,30.930000
4.950,-0.322000,-0.775000,0.284000,-9.237000,40.779000,-6.656000,30.840000
4.957,-0.242000,-0.767000,0.340000,-10.618000,35.038000,-13.473000,30.880000
4.969,-0.188000,-0.812000,0.347000,-13.229000,32.359000,-15.237000,30.930000
4.975,-0.160000,-0.844000,0.316000,-15.802000,27.985000,-14.344000,30.880000
4.988,-0.134000,-0.850000,0.300000,-20.847000,26.794000,-10.137000,30.880000
4.999,-0.137000,-0.849000,0.287000,-23.031000,23.565000,-7.656000,30.840000
5.006,-0.126000,-0.882000,0.294000,-25.176000,22.481000,-6.031000,30.930000
5.018,-0.140000,-0.904000,0.287000,-24.260000,20.481000,-8.168000,30.790000
5.031,-0.111000,-0.888000,0.286000,-20.275000,25.130000,-10.656000,30.930000
5.037,-0.076000,-0.893000,0.313000,-14.947000,28.916000,-12.412000,30.840000
5.049,-0.094000,-0.948000,0.308000,-12.779000,33.420000,-13.527000,30.880000
5.056,-0.127000,-0.940000,0.272000,-10.924000,36.466000,-15.626000,30.880000
5.068,-0.157000,-0.946000,0.243000,-9.969000,34.397000,-16.802000,30.930000
5.080,-0.141000,-0.962000,0.234000,-8.794000,31.466000,-17.840000,30.840000
5.086,-0.091000,-0.942000,0.231000,-7.672000,35.397000,-21.939000,30.880000
5.099,-0.062000,-0.899000,0.244000,-3.710000,35.695000,-23.008000,30.840000
5.105,-0.036000,-0.882000,0.305000,-2.107000,37.061000,-22.160000,30.930000
5.117,-0.017000,-0.869000,0.332000,-2.122000,39.122000,-19.718000,30.880000
5.130,-0.051000,-0.862000,0.351000,-6.359000,41.618000,-16.962000,30.930000
5.136,-0.101000,-0.842000,0.342000,-8.588000,32.740000,-15.206000,30.840000
5.148,-0.090000,-0.825000,0.329000,-13.244000,35.611000,-15.405000,30.980000
5.160,-0.074000,-0.798000,0.311000,-14.992000,36.969000,-21.931000,30.980000
5.167,-0.040000,-0.809000,0.324000,-16.237000,40.519000,-26.763000,30.930000
5.181,0.013000,-0.879000,0.313000,-11.069000,42.656000,-30.542000,30.880000
5.186,0.058000,-0.966000,0.297000,-9.954000,53.038000,-31.458000,30.880000
5.198,0.001000,-0.996000,0.252000,-8.298000,56.122000,-25.298000,30.840000
5.210,-0.087000,-0.984000,0.203000,-8.542000,52.786000,-19.115000,30.840000
5.216,-0.167000,-0.957000,0.146000,-12.321000,43.977000,-13.908000,30.980000
5.230,-0.170000,-0.876000,0.111000,-16.053000,29.031000,-10.061000,30.930000
5.236,-0.119000,-0.877000,0.079000,-13.580000,14.145000,-5.840000,30.840000
5.248,-0.046000,-0.931000,0.127000,-4.527000,8.412000,-2.641000,30.880000
5.260,-0.046000,-0.918000,0.154000,3.237000,13.214000,-0.198000,30.790000
5.267,-0.187000,-0.896000,0.195000,3.038000,20.550000,-2.351000,30.930000
5.280,-0.369000,-0.895000,0.198000,-2.519000,12.504000,-6.580000,30.790000
5.286,-0.439000,-0.929000,0.165000,-10.107000,-1.916000,-14.122000,30.880000
5.298,-0.436000,-0.946000,0.122000,-17.069000,-18.779000,-22.076000,30.840000
5.309,-0.325000,-0.934000,0.103000,-17.748000,-32.198000,-29.198000,30.930000
5.316,-0.177000,-0.910000,0.121000,-17.221000,-37.282000,-31.366000,30.880000
5.328,-0.073000,-0.890000,0.125000,-18.183000,-39.000000,-28.519000,30.840000
5.341,-0.023000,-0.861000,0.164000,-13.031000,-41.542000,-26.496000,30.840000
5.347,-0.004000,-0.864000,0.206000,-12.786000,-45.969000,-23.885000,30.930000
5.358,-0.025000,-0.855000,0.241000,-16.847000,-44.863000,-25.992000,30.790000
5.365,-0.018000,-0.870000,0.251000,-20.176000,-40.397000,-31.824000,30.930000
5.377,0.029000,-0.871000,0.258000,-21.672000,-37.252000,-37.725000,30.980000
5.389,0.108000,-0.875000,0.243000,-22.290000,-25.916000,-42.092000,30.880000
5.396,0.147000,-0.915000,0.255000,-17.107000,-16.740000,-43.725000,30.930000
5.407,0.212000,-0.973000,0.239000,-14.053000,-10.405000,-40.832000,30.840000
5.420,0.176000,-1.000000,0.207000,-9.962000,-6.137000,-38.076000,30.880000
5.426,0.144000,-1.032000,0.217000,-6.053000,-1.656000,-35.802000,30.840000
5.445,0.074000,-1.050000,0.218000,-8.313000,3.313000,-34.611000,30.840000
5.446,0.058000,-1.035000,0.206000,-9.130000,2.458000,-33.916000,30.880000
5.458,0.093000,-1.014000,0.207000,-11.977000,5.496000,-33.450000,30.880000
5.470,0.158000,-0.966000,0.186000,-13.160000,9.122000,-33.794000,30.840000
5.477,0.233000,-0.957000,0.187000,-15.031000,16.855000,-32.336000,30.840000
5.489,0.261000,-1.072000,0.182000,-6.534000,21.260000,-30.885000,30.980000
5.496,0.209000,-1.145000,0.158000,-0.641000,26.198000,-27.687000,30.930000
5.508,0.146000,-1.122000,0.189000,2.847000,28.153000,-25.489000,30.930000
5.515,0.131000,-1.111000,0.196000,3.328000,28.366000,-23.206000,30.790000
5.527,0.161000,-1.076000,0.203000,-0.313000,35.176000,-22.313000,30.840000
5.540,0.194000,-1.047000,0.191000,-2.748000,41.542000,-20.061000,30.840000
5.548,0.274000,-1.005000,0.182000,-4.458000,51.977000,-15.328000,30.880000
5.558,0.248000,-0.988000,0.160000,-2.092000,52.649000,-8.672000,30.840000
5.565,0.185000,-1.018000,0.165000,-1.359000,49.809000,-1.450000,30.930000
5.578,0.089000,-1.010000,0.179000,-0.191000,45.855000,1.023000,30.980000
5.591,0.022000,-0.991000,0.179000,-3.885000,40.153000,2.710000,30.880000
5.597,0.011000,-0.977000,0.148000,-6.840000,34.466000,3.443000,30.930000
5.609,0.047000,-0.985000,0.144000,-5.557000,33.603000,2.359000,30.840000
5.616,0.125000,-0.953000,0.139000,-3.229000,36.000000,0.588000,30.790000
5.630,0.201000,-0.922000,0.152000,0.252000,39.656000,0.687000,30.840000
5.636,0.238000,-0.910000,0.172000,3.221000,43.160000,2.252000,30.840000
5.649,0.197000,-0.909000,0.180000,4.107000,48.435000,5.260000,30.880000
5.655,0.100000,-0.921000,0.198000,1.847000,52.496000,6.359000,30.840000
5.668,-0.002000,-0.927000,0.170000,-1.977000,53.061000,6.504000,30.930000
5.680,-0.027000,-0.971000,0.110000,-5.153000,49.802000,5.443000,30.980000
5.688,-0.007000,-1.026000,0.073000,-5.344000,44.672000,4.015000,30.880000
5.699,0.040000,-1.064000,0.039000,-1.053000,37.267000,3.519000,30.930000
5.706,0.115000,-1.114000,0.063000,6.168000,27.206000,8.427000,30.880000
5.718,0.157000,-1.108000,0.110000,12.534000,24.076000,13.397000,30.880000
5.725,0.138000,-1.089000,0.169000,13.359000,30.115000,15.511000,30.930000
5.738,0.077000,-1.060000,0.177000,10.244000,39.374000,14.565000,30.930000
5.750,0.042000,-1.056000,0.153000,7.031000,47.695000,12.939000,30.880000
5.757,0.017000,-1.079000,0.122000,6.847000,48.198000,12.634000,30.930000
5.769,0.024000,-1.057000,0.087000,11.443000,40.527000,13.679000,30.930000
5.776,0.110000,-1.050000,0.097000,18.275000,33.427000,14.160000,30.880000
5.788,0.171000,-1.052000,0.157000,26.046000,26.153000,16.557000,30.880000
5.795,0.193000,-1.004000,0.235000,31.947000,25.840000,18.412000,30.840000
5.807,0.163000,-0.957000,0.279000,33.099000,25.969000,21.947000,31.070000
5.820,0.127000,-0.898000,0.293000,29.153000,30.282000,23.664000,30.790000
5.827,0.084000,-0.841000,0.292000,21.298000,37.267000,25.382000,30.840000
5.839,0.019000,-0.814000,0.254000,14.344000,39.130000,27.336000,30.930000
5.846,-0.040000,-0.819000,0.230000,8.824000,36.084000,31.130000,30.880000
5.858,-0.078000,-0.839000,0.201000,7.618000,31.916000,32.679000,30.930000
5.865,-0.154000,-0.903000,0.181000,8.649000,22.099000,34.420000,30.930000
5.877,-0.192000,-0.932000,0.202000,12.160000,10.260000,33.313000,30.880000
5.890,-0.194000,-0.922000,0.225000,14.489000,-1.115000,31.008000,30.980000
5.896,-0.128000,-0.929000,0.250000,14.802000,-5.534000,27.145000,30.930000
5.908,-0.063000,-0.934000,0.268000,17.305000,-6.374000,22.992000,30.880000
5.915,0.001000,-0.966000,0.278000,20.344000,-2.038000,23.061000,30.880000
5.927,0.008000,-0.974000,0.279000,23.985000,5.405000,25.947000,30.930000
5.940,-0.059000,-0.970000,0.292000,26.527000,14.954000,25.687000,30.930000
5.947,-0.170000,-0.967000,0.309000,25.504000,19.099000,23.901000,30.880000
5.959,-0.235000,-0.971000,0.297000,24.160000,21.351000,19.756000,30.930000
5.965,-0.243000,-0.960000,0.287000,22.519000,19.412000,15.748000,30.930000
5.978,-0.215000,-0.956000,0.260000,22.916000,12.611000,15.290000,30.790000
5.991,-0.152000,-0.962000,0.277000,24.489000,6.214000,16.649000,30.930000
5.998,-0.115000,-0.965000,0.291000,26.069000,3.366000,20.267000,30.930000
6.009,-0.101000,-0.958000,0.337000,29.473000,4.504000,23.298000,30.840000
6.016,-0.163000,-0.916000,0.372000,27.626000,11.214000,25.237000,30.880000
6.029,-0.255000,-0.875000,0.372000,22.664000,16.740000,23.733000,30.840000
6.035,-0.322000,-0.854000,0.330000,11.565000,13.382000,23.519000,30.980000
6.048,-0.338000,-0.856000,0.297000,7.008000,0.802000,25.573000,30.790000
6.060,-0.327000,-0.865000,0.249000,2.336000,-18.847000,30.084000,30.930000
6.066,-0.271000,-0.911000,0.251000,3.656000,-36.901000,35.481000,31.020000
6.081,-0.191000,-0.942000,0.279000,4.824000,-48.725000,38.634000,30.880000
6.086,-0.149000,-0.959000,0.306000,5.450000,-52.809000,39.229000,30.840000
6.097,-0.112000,-0.967000,0.342000,3.046000,-45.573000,37.443000,30.840000
6.110,-0.118000,-0.954000,0.366000,0.198000,-35.382000,32.855000,30.880000
6.116,-0.138000,-0.964000,0.335000,-2.229000,-28.802000,31.611000,30.880000
6.130,-0.153000,-0.980000,0.291000,-1.847000,-22.725000,30.405000,30.840000
6.136,-0.176000,-0.978000,0.271000,-0.710000,-20.122000,30.550000,30.930000
6.147,-0.206000,-1.002000,0.269000,0.977000,-21.466000,29.092000,30.880000
6.159,-0.251000,-1.011000,0.272000,2.443000,-24.053000,26.176000,30.840000
6.166,-0.264000,-1.043000,0.275000,0.359000,-27.160000,24.557000,30.930000
6.181,-0.269000,-1.036000,0.298000,1.580000,-33.527000,21.733000,30.880000
6.186,-0.224000,-1.022000,0.320000,3.069000,-37.107000,19.061000,30.880000
6.199,-0.154000,-1.018000,0.360000,4.107000,-33.237000,15.130000,30.930000
6.210,-0.120000,-1.024000,0.368000,5.710000,-26.458000,11.748000,30.880000
6.216,-0.096000,-1.051000,0.400000,10.748000,-18.244000,9.359000,30.980000
6.230,-0.099000,-1.018000,0.404000,13.115000,-10.618000,6.160000,30.840000
6.236,-0.118000,-0.978000,0.413000,11.359000,-5.206000,4.519000,30.790000
6.248,-0.155000,-0.938000,0.385000,6.519000,-3.908000,5.458000,30.880000
6.255,-0.172000,-0.914000,0.375000,0.389000,-9.328000,7.809000,30.930000
6.267,-0.188000,-0.911000,0.366000,-5.473000,-11.626000,12.924000,30.840000
6.280,-0.202000,-0.917000,0.330000,-10.718000,-18.122000,18.336000,30.880000
6.286,-0.202000,-0.921000,0.323000,-12.740000,-21.084000,23.260000,30.880000
6.299,-0.218000,-0.940000,0.296000,-12.565000,-26.656000,27.679000,30.930000
6.310,-0.211000,-0.924000,0.270000,-11.366000,-29.481000,26.588000,30.880000
6.316,-0.228000,-0.889000,0.268000,-9.725000,-32.099000,25.466000,30.980000
6.330,-0.209000,-0.895000,0.255000,-7.008000,-34.748000,23.053000,31.020000
6.336,-0.201000,-0.893000,0.238000,-3.794000,-34.366000,20.427000,30.880000
6.348,-0.203000,-0.891000,0.242000,1.107000,-29.977000,16.328000,30.880000
6.360,-0.219000,-0.892000,0.247000,3.626000,-21.176000,9.779000,30.840000
6.367,-0.227000,-0.917000,0.262000,8.214000,-20.977000,3.053000,30.930000
6.381,-0.189000,-0.940000,0.261000,12.198000,-19.275000,-4.092000,30.880000
6.386,-0.152000,-0.933000,0.278000,13.817000,-15.550000,-10.435000,30.930000
6.398,-0.131000,-0.946000,0.297000,16.740000,-15.664000,-14.244000,30.930000
6.409,-0.105000,-0.993000,0.309000,17.153000,-16.542000,-14.313000,30.840000
6.416,-0.073000,-0.973000,0.323000,17.550000,-15.557000,-12.389000,30.880000
6.430,-0.103000,-1.063000,0.326000,15.458000,-19.916000,-5.244000,30.840000
6.436,-0.049000,-0.959000,0.337000,16.053000,-13.458000,-5.221000,30.880000
6.448,-0.074000,-0.956000,0.360000,13.809000,-9.664000,-2.023000,30.980000
6.459,-0.104000,-0.943000,0.368000,11.870000,-8.397000,-2.137000,30.930000
6.466,-0.093000,-0.935000,0.394000,7.366000,0.031000,-6.878000,30.840000
6.481,-0.113000,-0.947000,0.383000,3.534000,3.603000,-9.489000,30.880000
6.486,-0.118000,-0.928000,0.371000,2.481000,2.290000,-7.160000,30.740000
6.499,-0.113000,-0.907000,0.349000,1.817000,4.496000,-6.298000,30.840000
6.505,-0.146000,-0.903000,0.367000,1.939000,5.725000,-5.298000,30.980000
6.517,-0.172000,-0.869000,0.361000,0.153000,5.916000,-5.435000,30.880000
6.530,-0.220000,-0.834000,0.365000,-3.023000,5.527000,-8.847000,30.930000
6.536,-0.238000,-0.781000,0.370000,-7.130000,7.542000,-15.504000,30.840000
6.549,-0.240000,-0.799000,0.363000,-15.458000,8.336000,-20.550000,30.880000
6.555,-0.196000,-0.827000,0.319000,-20.458000,4.260000,-21.244000,30.930000
6.567,-0.177000,-0.927000,0.296000,-15.916000,2.962000,-21.931000,30.840000
6.580,-0.166000,-0.958000,0.256000,-11.710000,0.740000,-22.916000,30.880000
6.586,-0.154000,-0.943000,0.257000,-8.626000,-1.137000,-24.641000,30.930000
6.599,-0.145000,-0.922000,0.286000,-8.557000,1.244000,-29.832000,30.930000
6.605,-0.141000,-0.938000,0.306000,-8.435000,-0.473000,-35.809000,30.980000
6.617,-0.116000,-0.907000,0.327000,-5.817000,-4.405000,-43.282000,30.880000
6.630,-0.073000,-0.919000,0.375000,-2.931000,2.260000,-54.313000,30.930000
6.636,-0.006000,-0.858000,0.408000,-6.595000,15.588000,-68.221000,30.880000
6.649,0.050000,-0.861000,0.439000,-8.710000,39.550000,-79.870000,30.880000
6.655,0.113000,-0.906000,0.450000,-1.824000,47.985000,-77.779000,30.930000
6.667,0.175000,-1.024000,0.364000,4.038000,49.092000,-57.481000,30.840000
6.680,0.195000,-1.016000,0.328000,9.885000,54.748000,-39.847000,30.880000
6.686,0.117000,-1.032000,0.307000,11.740000,41.786000,-16.183000,30.840000
6.700,0.037000,-0.999000,0.309000,10.466000,27.137000,0.634000,30.740000
6.706,0.001000,-0.989000,0.321000,5.000000,12.977000,10.298000,30.880000
6.718,-0.014000,-0.947000,0.359000,4.412000,3.794000,11.489000,30.880000
6.725,0.053000,-0.907000,0.416000,1.092000,8.351000,5.573000,30.930000
6.738,0.084000,-0.897000,0.453000,-5.137000,21.412000,-2.824000,30.880000
6.750,0.061000,-0.892000,0.454000,-8.588000,23.252000,-6.137000,30.880000
6.756,0.026000,-0.883000,0.449000,-15.389000,24.260000,-4.962000,30.840000
6.769,-0.038000,-0.907000,0.392000,-20.931000,17.046000,1.420000,30.930000
6.775,-0.106000,-0.907000,0.381000,-21.511000,4.687000,8.275000,30.880000
6.790,-0.122000,-0.889000,0.345000,-25.954000,-7.336000,14.580000,30.840000
6.800,-0.119000,-0.927000,0.322000,-26.031000,-21.084000,19.382000,30.930000
6.806,-0.059000,-0.933000,0.339000,-25.618000,-24.084000,19.450000,30.930000
6.818,-0.006000,-0.969000,0.337000,-26.412000,-19.382000,17.038000,30.880000
6.825,0.031000,-1.001000,0.337000,-22.855000,-10.198000,12.794000,30.840000
6.837,0.006000,-1.060000,0.337000,-14.847000,-0.153000,10.015000,30.880000
6.850,-0.002000,-1.060000,0.284000,-7.344000,2.557000,11.160000,30.980000
6.856,-0.050000,-1.069000,0.252000,-1.756000,3.679000,8.733000,30.930000
6.869,-0.090000,-1.047000,0.211000,3.962000,-4.641000,5.817000,30.930000
6.876,-0.082000,-1.062000,0.207000,10.603000,-14.840000,5.534000,30.880000
6.888,-0.033000,-1.096000,0.225000,21.321000,-20.695000,6.046000,30.880000
6.900,0.014000,-1.076000,0.239000,29.985000,-19.954000,6.275000,30.840000
6.907,-0.035000,-1.027000,0.265000,34.374000,-19.206000,7.221000,30.790000
6.919,-0.097000,-0.972000,0.259000,31.374000,-19.122000,6.305000,30.880000
6.926,-0.045000,-0.869000,0.315000,17.473000,4.099000,-4.924000,30.930000
6.939,-0.159000,-0.868000,0.335000,8.641000,11.137000,-9.840000,30.930000
6.945,-0.190000,-0.842000,0.340000,1.809000,2.542000,-8.336000,30.980000
6.957,-0.196000,-0.847000,0.334000,-3.824000,-7.282000,-4.496000,30.840000
6.970,-0.203000,-0.902000,0.333000,-6.542000,-16.550000,-0.595000,30.840000
6.976,-0.155000,-0.927000,0.325000,-12.107000,-21.908000,3.458000,30.980000
6.989,-0.131000,-0.964000,0.314000,-12.168000,-23.687000,7.405000,30.880000
6.996,-0.088000,-0.991000,0.309000,-6.595000,-22.374000,8.580000,30.930000
7.007,-0.055000,-0.946000,0.328000,1.962000,-14.672000,7.366000,30.880000
7.020,0.021000,-0.938000,0.334000,-2.107000,-2.519000,3.992000,30.880000
7.027,0.064000,-0.924000,0.364000,-2.565000,27.450000,-7.855000,30.930000
7.039,0.012000,-0.937000,0.378000,1.115000,37.603000,-8.969000,30.840000
7.047,-0.042000,-0.932000,0.396000,3.412000,40.099000,-11.061000,30.980000
7.058,-0.041000,-0.898000,0.368000,0.008000,40.443000,-15.107000,30.880000
7.070,-0.061000,-0.883000,0.343000,-8.733000,28.542000,-11.573000,30.840000
7.077,-0.037000,-0.883000,0.304000,-15.588000,9.023000,-3.710000,31.020000
7.090,0.013000,-0.968000,0.267000,-16.527000,-8.137000,10.511000,30.980000
7.096,0.091000,-1.030000,0.255000,-10.565000,-14.267000,23.672000,30.930000
7.108,0.160000,-1.012000,0.286000,-6.198000,3.008000,28.588000,30.930000
7.115,0.101000,-1.005000,0.303000,1.435000,20.931000,30.160000,30.980000
7.127,0.029000,-1.019000,0.297000,9.885000,25.229000,32.947000,30.840000
7.141,-0.092000,-0.952000,0.292000,7.260000,20.695000,36.557000,30.930000
7.147,-0.198000,-0.865000,0.299000,3.611000,15.679000,33.679000,30.980000
7.159,-0.219000,-0.841000,0.278000,-1.458000,7.832000,26.160000,30.880000
7.166,-0.183000,-0.843000,0.273000,-3.702000,2.695000,18.092000,30.930000
7.180,-0.123000,-0.870000,0.287000,-2.015000,5.137000,10.496000,30.880000
7.185,-0.082000,-0.878000,0.282000,-4.718000,14.534000,5.267000,30.880000
7.199,-0.150000,-0.901000,0.273000,-2.427000,11.061000,9.122000,30.930000
7.210,-0.191000,-0.932000,0.271000,3.031000,5.450000,9.725000,30.930000
7.216,-0.155000,-0.968000,0.291000,-1.634000,14.863000,9.061000,30.880000
7.230,-0.231000,-1.045000,0.300000,1.023000,19.130000,6.802000,30.840000
7.236,-0.242000,-1.062000,0.328000,6.252000,19.160000,2.450000,31.020000
7.249,-0.249000,-1.117000,0.309000,9.840000,14.557000,0.656000,30.880000
7.255,-0.243000,-1.063000,0.331000,13.916000,14.374000,-4.786000,30.880000
7.269,-0.194000,-1.031000,0.365000,17.237000,18.313000,-12.626000,30.930000
7.280,-0.120000,-0.937000,0.400000,13.565000,26.427000,-21.947000,30.880000
7.286,-0.116000,-0.876000,0.406000,1.916000,28.313000,-24.534000,30.880000
7.299,-0.134000,-0.874000,0.373000,-8.908000,16.214000,-17.481000,30.840000
7.305,-0.131000,-0.896000,0.334000,-17.313000,3.626000,-6.962000,31.020000
7.317,-0.124000,-0.927000,0.321000,-20.756000,-5.763000,3.908000,30.880000
7.331,-0.108000,-0.969000,0.295000,-17.977000,-8.504000,9.702000,30.930000
7.336,-0.082000,-0.983000,0.293000,-11.053000,-5.481000,11.527000,30.840000
7.349,-0.048000,-0.989000,0.282000,-0.237000,-1.511000,7.924000,31.020000
7.356,-0.065000,-1.015000,0.277000,6.756000,-0.496000,6.550000,30.790000
7.368,-0.055000,-0.984000,0.298000,11.130000,2.603000,0.435000,30.930000
7.380,-0.083000,-0.939000,0.304000,12.168000,8.947000,-6.160000,30.880000
7.387,-0.103000,-0.915000,0.310000,11.557000,8.229000,-7.992000,30.880000
7.399,-0.102000,-0.921000,0.312000,8.672000,2.313000,-6.252000,30.930000
7.406,-0.103000,-0.915000,0.339000,6.298000,-1.840000,-3.252000,30.930000
7.419,-0.104000,-0.917000,0.344000,5.321000,-7.145000,1.313000,30.880000
7.425,-0.096000,-0.909000,0.339000,4.595000,-10.015000,5.130000,30.880000
7.437,-0.101000,-0.916000,0.345000,5.084000,-10.076000,6.099000,30.840000
7.450,-0.119000,-0.929000,0.341000,5.542000,-8.366000,5.260000,30.980000
7.457,-0.145000,-0.922000,0.327000,6.099000,-9.527000,3.191000,30.980000
7.469,-0.111000,-0.930000,0.322000,4.702000,-3.244000,-4.313000,30.930000
7.476,-0.113000,-0.938000,0.331000,5.267000,2.145000,-10.107000,30.930000
7.489,-0.092000,-0.937000,0.313000,4.634000,4.130000,-12.969000,30.880000
7.496,-0.080000,-0.948000,0.295000,2.008000,3.916000,-12.710000,30.930000
7.507,-0.098000,-0.963000,0.271000,-1.550000,-0.893000,-7.901000,30.930000
7.520,-0.104000,-1.003000,0.241000,-1.305000,-5.588000,-2.053000,30.880000
7.526,-0.098000,-1.034000,0.217000,0.252000,-5.427000,1.748000,30.880000
7.540,-0.106000,-1.057000,0.214000,3.229000,-2.405000,0.763000,30.840000
7.547,-0.107000,-1.058000,0.205000,7.153000,2.046000,-3.366000,30.880000
7.558,-0.108000,-1.060000,0.214000,14.160000,2.832000,-6.977000,30.880000
7.565,-0.091000,-1.042000,0.204000,20.855000,3.710000,-11.237000,30.840000
7.577,-0.073000,-0.998000,0.198000,22.901000,6.466000,-15.710000,30.840000
7.590,-0.100000,-0.983000,0.171000,20.679000,3.863000,-16.672000,30.880000
7.596,-0.147000,-0.931000,0.154000,13.344000,-5.748000,-16.107000,30.930000
7.608,-0.219000,-0.922000,0.133000,5.595000,-23.107000,-10.450000,30.930000
7.615,-0.210000,-0.983000,0.145000,6.573000,-43.130000,-2.122000,30.840000
7.627,-0.146000,-0.996000,0.199000,13.710000,-46.885000,-1.405000,30.980000
7.639,-0.099000,-0.980000,0.230000,21.069000,-41.779000,-4.756000,30.930000
7.646,-0.045000,-0.956000,0.258000,28.374000,-31.229000,-13.863000,30.880000
7.658,-0.012000,-0.917000,0.282000,33.542000,-17.038000,-20.832000,30.880000
7.670,-0.012000,-0.896000,0.308000,36.916000,-8.595000,-24.725000,30.930000
7.677,-0.043000,-0.902000,0.336000,43.824000,-5.626000,-25.038000,30.930000
7.690,-0.050000,-0.841000,0.354000,49.855000,5.176000,-27.573000,30.880000
7.696,-0.059000,-0.789000,0.395000,53.962000,13.618000,-30.718000,30.840000
7.708,-0.078000,-0.758000,0.404000,57.389000,11.366000,-31.977000,30.930000
7.720,-0.065000,-0.744000,0.419000,58.840000,5.992000,-32.473000,30.980000
7.727,-0.025000,-0.733000,0.436000,60.206000,6.397000,-34.168000,30.880000
7.739,0.002000,-0.740000,0.447000,61.290000,6.183000,-33.427000,30.840000
7.747,0.013000,-0.682000,0.452000,54.618000,7.359000,-30.473000,30.930000
7.758,-0.007000,-0.740000,0.415000,53.267000,-1.053000,-25.092000,30.980000
7.770,-0.029000,-0.760000,0.397000,49.931000,-13.504000,-16.885000,30.930000
7.777,-0.028000,-0.777000,0.397000,46.672000,-23.779000,-10.832000,31.020000
7.789,0.001000,-0.814000,0.421000,45.023000,-24.634000,-9.389000,30.880000
7.796,0.062000,-0.799000,0.479000,43.580000,-8.328000,-16.496000,30.930000
7.808,0.068000,-0.794000,0.540000,43.985000,5.275000,-20.237000,30.840000
7.820,0.071000,-0.778000,0.558000,43.779000,7.817000,-19.305000,30.980000
7.827,0.085000,-0.752000,0.585000,39.893000,10.420000,-18.206000,30.980000
7.839,0.075000,-0.766000,0.595000,33.916000,11.122000,-15.168000,30.930000
7.846,0.044000,-0.772000,0.619000,32.427000,9.947000,-10.084000,30.880000
7.858,0.030000,-0.766000,0.648000,28.214000,9.473000,-6.618000,30.980000
7.865,0.024000,-0.785000,0.643000,26.252000,3.824000,-3.458000,30.840000
7.878,0.006000,-0.782000,0.635000,22.931000,-5.489000,-0.893000,30.930000
7.891,0.019000,-0.787000,0.642000,19.466000,-13.573000,0.939000,30.980000
7.897,0.077000,-0.796000,0.644000,13.573000,-11.069000,-1.115000,30.930000
7.909,0.096000,-0.811000,0.667000,7.298000,0.244000,-5.092000,30.930000
7.916,0.070000,-0.818000,0.658000,3.740000,2.214000,-3.534000,30.880000
7.930,0.056000,-0.813000,0.639000,1.473000,0.817000,-1.802000,30.880000
7.936,0.041000,-0.791000,0.640000,-1.947000,0.748000,0.511000,30.930000
7.949,0.031000,-0.791000,0.609000,-5.053000,-3.076000,3.076000,30.880000
7.955,0.038000,-0.801000,0.609000,-7.664000,-6.115000,5.107000,30.980000
7.967,0.052000,-0.814000,0.596000,-9.374000,-5.038000,6.374000,30.840000
7.980,0.051000,-0.813000,0.572000,-9.695000,-6.794000,7.351000,30.930000
7.987,0.052000,-0.823000,0.559000,-11.595000,-7.519000,7.847000,30.980000
7.999,0.058000,-0.833000,0.542000,-12.641000,-8.092000,10.427000,30.930000
8.006,0.055000,-0.864000,0.517000,-12.305000,-14.443000,14.595000,30.930000
8.017,0.026000,-0.876000,0.493000,-13.733000,-17.099000,18.427000,30.880000
8.030,0.017000,-0.874000,0.463000,-17.084000,-12.176000,16.534000,30.790000
8.037,-0.031000,-0.896000,0.438000,-17.863000,-10.046000,15.710000,30.930000
8.048,-0.059000,-0.886000,0.416000,-12.634000,-13.015000,13.115000,30.880000
8.055,-0.031000,-0.889000,0.427000,-14.855000,-8.519000,8.939000,30.980000
8.067,-0.026000,-0.903000,0.417000,-11.198000,-9.206000,2.916000,30.930000
8.081,0.002000,-0.903000,0.416000,-5.328000,-8.725000,-2.420000,30.980000
8.086,0.042000,-0.896000,0.421000,-0.389000,-3.359000,-8.008000,30.880000
8.099,0.068000,-0.901000,0.426000,3.550000,0.504000,-10.718000,30.840000
8.106,0.073000,-0.902000,0.420000,9.397000,0.763000,-9.588000,30.930000
8.118,0.066000,-0.868000,0.437000,13.313000,2.573000,-7.359000,30.880000
8.125,0.032000,-0.853000,0.459000,14.779000,1.740000,-4.389000,30.840000
8.137,0.035000,-0.831000,0.485000,15.321000,-0.153000,-4.305000,30.930000
8.150,0.051000,-0.815000,0.488000,10.031000,-0.305000,-7.275000,30.930000
8.157,0.027000,-0.815000,0.503000,6.740000,-4.405000,-7.565000,30.880000
8.169,0.031000,-0.823000,0.508000,5.198000,-8.954000,-4.542000,31.020000
8.176,0.067000,-0.836000,0.516000,5.023000,-11.878000,-1.115000,30.790000
8.189,0.093000,-0.823000,0.523000,5.328000,-10.466000,3.641000,30.980000
8.196,0.088000,-0.823000,0.513000,5.313000,-8.046000,9.412000,30.930000
8.208,0.060000,-0.809000,0.503000,3.847000,-4.344000,14.023000,30.880000
8.220,0.021000,-0.799000,0.498000,1.954000,-1.153000,15.267000,30.980000
8.227,-0.034000,-0.826000,0.483000,-0.641000,-2.290000,15.573000,30.930000
8.240,-0.070000,-0.842000,0.464000,0.336000,-4.626000,14.023000,30.840000
8.246,-0.065000,-0.833000,0.481000,0.282000,-3.847000,10.145000,30.880000
8.258,-0.044000,-0.828000,0.485000,-0.588000,-0.511000,5.130000,30.930000
8.265,-0.047000,-0.851000,0.472000,-0.695000,-1.183000,3.954000,30.840000
8.280,-0.025000,-0.864000,0.470000,-0.595000,-1.198000,2.656000,30.930000
8.291,-0.015000,-0.875000,0.459000,0.015000,0.763000,1.611000,30.980000
8.298,-0.010000,-0.915000,0.457000,7.305000,-0.038000,1.061000,30.930000
8.309,0.027000,-0.908000,0.479000,7.427000,5.298000,1.374000,30.880000
8.316,0.024000,-0.883000,0.486000,11.099000,11.069000,-1.588000,30.980000
8.331,0.031000,-0.859000,0.503000,11.840000,17.534000,-4.832000,30.930000
8.336,0.042000,-0.834000,0.509000,9.656000,21.557000,-7.580000,30.930000
8.348,0.034000,-0.834000,0.501000,6.656000,22.237000,-6.687000,30.980000
8.356,0.002000,-0.837000,0.519000,6.740000,15.252000,-1.916000,31.020000
8.367,-0.029000,-0.831000,0.515000,8.061000,8.053000,1.229000,30.930000
8.380,-0.011000,-0.815000,0.505000,7.366000,0.786000,2.321000,30.880000
8.387,0.021000,-0.828000,0.518000,7.321000,-6.397000,2.756000,30.980000
8.400,0.056000,-0.834000,0.533000,9.824000,-9.733000,3.374000,30.930000
8.406,0.097000,-0.817000,0.552000,14.275000,-7.473000,2.794000,31.020000
8.419,0.121000,-0.797000,0.564000,11.756000,0.496000,1.176000,30.980000
8.426,0.099000,-0.791000,0.558000,8.840000,5.466000,1.206000,30.840000
8.439,0.070000,-0.779000,0.560000,7.718000,5.832000,2.794000,30.880000
8.446,0.041000,-0.784000,0.559000,4.679000,3.565000,4.931000,30.980000
8.458,-0.021000,-0.785000,0.543000,2.198000,-2.878000,6.084000,30.840000
8.470,-0.045000,-0.801000,0.540000,0.435000,-10.595000,8.244000,30.930000
8.477,-0.034000,-0.804000,0.539000,-0.626000,-15.443000,8.763000,30.880000
8.489,-0.003000,-0.815000,0.551000,-1.099000,-15.176000,8.870000,30.930000
8.497,0.024000,-0.826000,0.542000,-0.855000,-10.969000,8.382000,30.930000
8.508,0.030000,-0.820000,0.551000,-1.412000,-7.061000,8.595000,30.980000
8.515,0.006000,-0.820000,0.539000,-3.275000,-3.382000,8.832000,30.840000
8.529,-0.013000,-0.820000,0.531000,-4.595000,-0.084000,7.290000,30.840000
8.541,-0.029000,-0.840000,0.514000,-5.435000,1.977000,6.092000,30.930000
8.547,-0.038000,-0.862000,0.498000,-4.649000,2.122000,4.191000,30.980000
8.559,-0.057000,-0.855000,0.501000,-3.733000,0.840000,2.557000,30.930000
8.566,-0.058000,-0.851000,0.509000,-2.229000,-1.718000,1.237000,30.980000
8.580,-0.033000,-0.833000,0.515000,-2.061000,-3.450000,0.366000,30.880000
8.585,0.001000,-0.833000,0.532000,-2.435000,-3.275000,-0.496000,30.930000
8.598,0.030000,-0.828000,0.525000,-1.260000,-0.802000,-1.275000,30.980000
8.610,0.064000,-0.820000,0.540000,-0.397000,2.008000,-2.153000,30.980000
8.617,0.058000,-0.813000,0.548000,-0.588000,3.863000,-3.405000,30.930000
8.631,0.045000,-0.809000,0.541000,-0.679000,0.359000,-2.916000,30.930000
8.636,0.061000,-0.799000,0.538000,-1.053000,-1.794000,-2.779000,30.880000
8.649,0.070000,-0.809000,0.534000,-2.573000,-2.702000,-1.000000,30.930000
8.656,0.089000,-0.822000,0.522000,-2.099000,-3.145000,1.046000,30.930000
8.668,0.106000,-0.836000,0.502000,-1.718000,-3.206000,4.260000,30.980000
8.680,0.089000,-0.833000,0.493000,-0.656000,-5.176000,9.107000,31.020000
8.687,0.053000,-0.844000,0.476000,0.420000,-7.863000,13.679000,30.840000
8.700,0.038000,-0.835000,0.483000,2.153000,-8.893000,16.450000,30.980000
8.706,0.021000,-0.819000,0.478000,3.344000,-9.015000,17.374000,30.880000
8.719,0.001000,-0.831000,0.484000,5.122000,-8.969000,15.252000,30.930000
8.726,-0.013000,-0.833000,0.498000,6.824000,-8.519000,12.328000,30.880000
8.738,-0.017000,-0.822000,0.505000,7.374000,-7.496000,9.244000,30.880000
8.745,-0.002000,-0.819000,0.518000,6.985000,-5.534000,6.122000,30.930000
8.757,-0.008000,-0.796000,0.533000,3.924000,-1.076000,3.321000,30.930000
8.770,-0.015000,-0.789000,0.552000,0.107000,2.305000,2.176000,30.880000
8.777,-0.030000,-0.793000,0.552000,-2.901000,3.618000,1.786000,31.020000
8.789,-0.034000,-0.800000,0.538000,-4.695000,2.985000,1.588000,30.840000
8.797,-0.048000,-0.808000,0.534000,-5.893000,1.954000,0.809000,30.930000
8.808,-0.020000,-0.828000,0.528000,-5.588000,2.290000,-1.084000,30.880000
8.815,-0.011000,-0.837000,0.521000,-3.351000,1.954000,-2.176000,30.930000
8.827,-0.002000,-0.828000,0.523000,-0.794000,1.985000,-2.450000,30.880000
8.840,0.008000,-0.831000,0.522000,-0.366000,2.298000,-1.702000,30.880000
8.847,0.011000,-0.817000,0.489000,-0.939000,2.107000,-0.153000,30.930000
8.859,0.018000,-0.830000,0.484000,-1.450000,1.336000,0.099000,30.980000
8.866,0.002000,-0.846000,0.484000,-1.779000,0.038000,0.786000,30.880000
8.880,0.006000,-0.848000,0.482000,-0.145000,-0.511000,0.496000,30.930000
8.886,0.008000,-0.851000,0.500000,1.771000,0.450000,-0.458000,30.840000
8.900,0.011000,-0.850000,0.497000,2.466000,1.542000,-0.809000,30.880000
8.905,0.045000,-0.836000,0.498000,2.634000,2.183000,-2.046000,30.930000
8.918,0.027000,-0.822000,0.494000,2.542000,2.107000,-0.076000,30.930000
8.923,0.025000,-0.812000,0.499000,2.710000,4.153000,1.191000,30.980000
8.938,0.014000,-0.809000,0.492000,1.954000,5.527000,0.840000,30.930000
8.950,0.000000,-0.821000,0.498000,2.359000,3.473000,0.496000,30.930000
8.957,-0.007000,-0.833000,0.488000,3.618000,0.237000,-0.565000,30.980000
8.969,0.001000,-0.839000,0.501000,5.542000,-1.412000,-1.634000,30.880000
8.977,0.026000,-0.826000,0.515000,6.046000,0.817000,-3.893000,30.930000
8.989,0.030000,-0.818000,0.527000,5.695000,1.336000,-4.573000,30.790000
8.996,0.025000,-0.819000,0.543000,5.198000,-1.893000,-2.687000,30.880000
9.008,0.041000,-0.816000,0.532000,4.160000,-4.221000,-0.664000,30.930000
9.015,0.042000,-0.820000,0.530000,3.221000,-3.298000,0.450000,30.930000
9.028,0.055000,-0.820000,0.526000,2.557000,-1.198000,0.489000,30.880000
9.041,0.039000,-0.831000,0.529000,2.000000,2.115000,0.389000,30.930000
9.047,0.035000,-0.812000,0.532000,2.137000,3.947000,0.183000,31.020000
9.060,0.019000,-0.820000,0.526000,2.481000,3.649000,0.939000,30.980000
9.067,-0.002000,-0.817000,0.529000,2.618000,3.618000,1.565000,30.930000
9.080,-0.003000,-0.819000,0.532000,2.450000,3.244000,1.191000,30.930000
9.086,-0.013000,-0.816000,0.534000,3.405000,1.328000,1.550000,30.880000
9.099,-0.018000,-0.813000,0.529000,3.565000,0.664000,0.985000,30.930000
9.106,-0.016000,-0.801000,0.524000,3.748000,1.901000,-0.901000,31.020000
9.118,-0.007000,-0.813000,0.511000,4.260000,2.038000,-2.443000,30.880000
9.125,-0.006000,-0.808000,0.513000,4.916000,0.832000,-2.916000,30.880000
9.138,0.006000,-0.813000,0.516000,5.626000,2.046000,-3.847000,30.930000
9.150,0.012000,-0.821000,0.501000,6.557000,2.198000,-4.336000,30.880000
9.157,0.007000,-0.835000,0.503000,8.679000,1.092000,-4.282000,30.880000
9.169,0.024000,-0.824000,0.516000,10.099000,1.840000,-4.802000,30.930000
9.176,0.013000,-0.831000,0.516000,10.069000,1.221000,-4.252000,30.930000
9.189,0.002000,-0.824000,0.525000,9.588000,-1.374000,-2.466000,30.880000
9.196,0.009000,-0.800000,0.539000,8.336000,-2.023000,-1.519000,30.930000
9.208,0.017000,-0.798000,0.550000,5.153000,0.336000,-1.962000,30.840000
9.215,0.010000,-0.813000,0.544000,4.313000,0.809000,-1.916000,30.880000
9.227,0.003000,-0.829000,0.526000,4.252000,0.626000,-2.191000,31.020000
9.241,0.013000,-0.816000,0.533000,5.145000,2.122000,-3.931000,30.930000
9.248,0.016000,-0.820000,0.548000,5.565000,3.847000,-6.389000,30.980000
9.259,0.018000,-0.815000,0.539000,5.939000,2.626000,-5.992000,30.880000
9.266,0.026000,-0.806000,0.542000,6.885000,3.328000,-6.382000,30.930000
9.280,0.026000,-0.803000,0.533000,6.153000,4.275000,-6.481000,30.880000
9.286,0.026000,-0.797000,0.542000,5.916000,3.313000,-4.786000,30.790000
9.299,0.025000,-0.800000,0.544000,6.611000,1.168000,-3.099000,30.930000
9.305,0.007000,-0.796000,0.533000,5.611000,-1.466000,-2.145000,30.930000
9.318,0.022000,-0.800000,0.546000,5.260000,-1.183000,-2.603000,30.880000
9.323,0.034000,-0.801000,0.549000,5.176000,0.374000,-3.863000,30.930000
9.337,0.040000,-0.793000,0.566000,5.130000,3.298000,-5.351000,30.930000
9.350,0.048000,-0.804000,0.561000,5.252000,4.954000,-5.519000,30.880000
9.357,0.042000,-0.805000,0.549000,6.206000,4.473000,-4.275000,30.930000
9.369,0.042000,-0.800000,0.541000,5.771000,4.687000,-3.260000,30.930000
9.376,0.029000,-0.808000,0.531000,6.061000,5.779000,-3.664000,30.980000
9.390,0.025000,-0.811000,0.526000,7.618000,6.473000,-4.282000,30.980000
9.396,0.027000,-0.805000,0.537000,7.962000,7.489000,-6.137000,31.020000
9.408,0.038000,-0.804000,0.531000,8.046000,7.817000,-7.603000,31.020000
9.415,0.052000,-0.803000,0.541000,8.168000,9.206000,-8.748000,30.880000
9.428,0.052000,-0.804000,0.534000,7.924000,9.794000,-7.885000,30.930000
9.440,0.044000,-0.809000,0.523000,8.557000,8.565000,-5.206000,30.930000
9.449,0.038000,-0.818000,0.526000,9.557000,8.015000,-2.672000,30.880000
9.459,0.023000,-0.798000,0.539000,9.275000,8.573000,-2.779000,30.840000
9.467,0.005000,-0.793000,0.541000,9.153000,9.374000,-3.649000,30.930000
9.480,-0.017000,-0.785000,0.554000,10.244000,9.618000,-5.504000,30.980000
9.486,-0.017000,-0.776000,0.574000,10.718000,9.237000,-8.275000,30.980000
9.499,-0.014000,-0.760000,0.580000,11.069000,9.137000,-10.076000,30.930000
9.504,-0.011000,-0.757000,0.586000,10.412000,8.489000,-10.977000,30.980000
9.517,0.001000,-0.755000,0.583000,9.489000,8.366000,-11.321000,30.880000
9.541,0.002000,-0.765000,0.573000,8.183000,8.595000,-11.924000,30.930000
9.542,0.019000,-0.779000,0.571000,8.115000,8.130000,-11.702000,30.930000
