time_sec,ax,ay,az,gx,gy,gz,temp_c
0.016,0.133000,0.169000,0.799000,-30.389000,-28.053000,-3.794000,24.010000
0.016,0.173000,0.151000,0.790000,-26.817000,-24.573000,-7.802000,23.820000
0.024,0.185000,0.116000,0.754000,-21.656000,-18.481000,-11.450000,23.870000
0.036,0.207000,0.065000,0.731000,-12.565000,-12.450000,-13.771000,23.970000
0.043,0.249000,0.061000,0.696000,-2.023000,-1.427000,-17.122000,23.870000
0.056,0.234000,0.078000,0.697000,5.252000,7.389000,-18.809000,23.870000
0.063,0.191000,0.107000,0.719000,10.679000,6.573000,-19.458000,23.870000
0.075,0.101000,0.161000,0.754000,6.450000,-10.290000,-13.481000,23.870000
0.086,0.079000,0.165000,0.747000,-0.832000,-33.710000,-5.221000,23.870000
0.095,0.119000,0.145000,0.755000,-7.282000,-57.885000,3.702000,23.820000
0.103,0.182000,0.138000,0.736000,-11.298000,-75.115000,10.107000,23.920000
0.115,0.244000,0.096000,0.721000,-15.473000,-81.634000,12.389000,23.920000
0.126,0.311000,0.039000,0.688000,-14.145000,-75.504000,12.740000,23.820000
0.133,0.350000,-0.045000,0.649000,-5.771000,-66.237000,11.725000,23.820000
0.145,0.504000,-0.044000,0.627000,14.985000,-35.458000,-0.634000,23.920000
0.152,0.658000,-0.079000,0.661000,50.916000,10.366000,-13.595000,23.870000
0.164,0.755000,0.034000,0.718000,86.695000,66.580000,-22.427000,23.780000
0.171,0.639000,0.256000,0.807000,103.473000,113.328000,-18.557000,23.970000
0.185,0.422000,0.324000,0.868000,107.565000,136.710000,-11.099000,23.970000
0.196,0.254000,0.403000,0.876000,100.443000,137.626000,-3.603000,23.870000
0.203,0.182000,0.553000,0.893000,83.695000,116.092000,9.435000,23.870000
0.215,0.010000,0.512000,0.865000,72.305000,87.107000,16.328000,23.870000
0.222,0.036000,0.624000,0.812000,49.344000,53.611000,19.771000,23.920000
0.235,0.087000,0.597000,0.763000,32.435000,26.885000,22.305000,23.920000
0.243,0.175000,0.519000,0.654000,30.076000,10.817000,23.275000,23.920000
0.255,0.307000,0.414000,0.566000,43.962000,13.794000,20.122000,24.010000
0.261,0.345000,0.394000,0.544000,75.847000,30.771000,18.115000,23.920000
0.274,0.235000,0.601000,0.708000,97.000000,36.466000,22.260000,23.920000
0.286,0.047000,0.948000,0.973000,92.336000,24.412000,24.473000,23.870000
0.293,-0.264000,1.140000,1.197000,57.756000,-18.458000,25.740000,23.870000
0.305,-0.430000,1.151000,1.238000,19.771000,-81.427000,21.832000,23.870000
0.312,-0.383000,0.979000,1.143000,-9.153000,-146.718000,15.206000,23.970000
0.324,-0.083000,0.759000,1.019000,-14.870000,-187.084000,9.939000,23.870000
0.333,0.337000,0.647000,1.030000,-8.664000,-183.420000,3.336000,23.870000
0.344,0.715000,0.622000,1.107000,-0.176000,-131.634000,-6.435000,23.870000
0.356,0.847000,0.612000,1.155000,-1.802000,-60.931000,-11.397000,23.920000
0.363,0.818000,0.649000,1.082000,-8.069000,0.855000,-21.282000,23.920000
0.375,0.597000,0.539000,1.002000,-16.794000,30.588000,-18.229000,24.010000
0.384,0.431000,0.422000,0.931000,-10.885000,36.275000,-13.756000,23.920000
0.399,0.351000,0.498000,0.947000,-12.649000,26.527000,-6.664000,23.920000
0.403,0.342000,0.521000,0.966000,-16.458000,10.160000,4.924000,23.920000
0.414,0.403000,0.574000,0.968000,-31.191000,3.473000,14.282000,23.970000
0.426,0.371000,0.502000,0.923000,-42.427000,1.634000,20.145000,23.970000
0.434,0.317000,0.472000,0.869000,-47.015000,3.656000,18.893000,23.870000
0.446,0.356000,0.455000,0.768000,-50.008000,7.427000,16.305000,23.870000
0.453,0.326000,0.347000,0.663000,-48.496000,8.092000,10.573000,23.870000
0.465,0.374000,0.340000,0.628000,-39.603000,13.824000,-1.779000,23.870000
0.472,0.410000,0.303000,0.621000,-36.916000,19.519000,-5.489000,23.780000
0.485,0.371000,0.274000,0.629000,-27.832000,19.359000,-3.008000,23.970000
0.492,0.339000,0.316000,0.669000,-22.962000,19.466000,-0.870000,23.870000
0.504,0.281000,0.312000,0.704000,-21.267000,15.153000,2.527000,23.920000
0.516,0.251000,0.327000,0.727000,-17.176000,9.038000,2.771000,23.920000
0.524,0.259000,0.344000,0.775000,-16.328000,7.321000,4.901000,23.920000
0.536,0.279000,0.375000,0.828000,-15.359000,7.252000,4.412000,23.920000
0.543,0.327000,0.475000,0.823000,-19.718000,18.580000,-0.939000,23.870000
0.555,0.304000,0.390000,0.767000,-26.832000,30.550000,-3.878000,23.870000
0.562,0.242000,0.293000,0.691000,-23.267000,35.389000,-3.962000,23.870000
0.575,0.138000,0.240000,0.679000,-13.695000,28.611000,-4.916000,23.870000
0.583,0.094000,0.292000,0.770000,-4.206000,16.702000,-5.084000,23.870000
0.595,0.101000,0.406000,0.934000,-3.809000,11.160000,-4.298000,23.870000
0.602,0.132000,0.500000,1.066000,-4.328000,17.382000,-8.107000,23.920000
0.614,0.118000,0.520000,1.106000,-10.405000,30.969000,-10.718000,23.820000
0.626,0.142000,0.522000,1.069000,-18.137000,48.695000,-14.573000,23.820000
0.634,0.120000,0.396000,0.944000,-23.450000,55.656000,-16.252000,23.920000
0.645,0.052000,0.246000,0.833000,-19.252000,53.725000,-19.939000,23.920000
0.652,0.053000,0.220000,0.856000,-9.557000,42.061000,-20.344000,23.920000
0.664,0.074000,0.311000,0.938000,-3.924000,33.046000,-22.611000,23.820000
0.671,0.129000,0.415000,1.022000,-4.061000,32.008000,-22.947000,23.970000
0.684,0.223000,0.478000,1.020000,-8.267000,41.282000,-26.160000,23.970000
0.696,0.218000,0.366000,0.944000,-10.733000,54.229000,-28.168000,23.870000
0.703,0.150000,0.294000,0.888000,-3.763000,56.641000,-27.473000,23.870000
0.715,0.096000,0.299000,0.890000,-0.176000,56.282000,-27.771000,23.970000
0.722,0.043000,0.339000,0.953000,-3.794000,45.855000,-26.672000,23.870000
0.735,0.025000,0.390000,1.026000,-3.603000,39.344000,-27.313000,23.870000
0.742,0.048000,0.477000,1.069000,-5.504000,33.435000,-27.550000,23.820000
0.754,0.047000,0.485000,1.046000,-9.168000,35.733000,-29.649000,24.010000
0.766,0.082000,0.430000,1.017000,-12.977000,38.336000,-35.733000,23.820000
0.773,0.070000,0.314000,0.931000,-6.771000,38.763000,-38.656000,24.010000
0.786,0.056000,0.304000,0.889000,-2.618000,39.229000,-39.008000,23.920000
0.793,0.097000,0.318000,0.906000,-3.145000,39.977000,-35.679000,23.920000
0.805,0.088000,0.434000,0.972000,-2.489000,32.565000,-33.924000,23.920000
0.812,0.118000,0.540000,1.062000,-9.176000,31.191000,-33.916000,23.970000
0.824,0.152000,0.563000,1.070000,-19.954000,30.763000,-36.779000,23.970000
0.836,0.177000,0.464000,1.017000,-30.290000,35.443000,-36.160000,23.870000
0.844,0.220000,0.351000,0.947000,-31.855000,38.489000,-29.244000,23.870000
0.856,0.209000,0.273000,0.874000,-28.015000,48.870000,-21.382000,23.870000
0.862,0.190000,0.179000,0.831000,-28.534000,58.359000,-13.374000,23.870000
0.875,0.086000,0.209000,0.843000,-24.580000,63.496000,-3.634000,23.920000
0.882,-0.011000,0.284000,0.888000,-19.817000,60.443000,-2.840000,23.820000
0.894,-0.122000,0.369000,0.948000,-19.046000,48.992000,-3.969000,24.010000
0.906,-0.196000,0.416000,1.009000,-20.878000,30.710000,-3.947000,23.920000
0.913,-0.168000,0.379000,1.015000,-22.656000,16.824000,-9.229000,23.920000
0.925,-0.071000,0.247000,0.972000,-24.916000,19.344000,-14.817000,24.010000
0.933,0.003000,0.144000,0.925000,-27.229000,32.656000,-19.084000,23.870000
0.945,0.014000,0.166000,0.912000,-22.893000,48.863000,-17.885000,23.870000
0.952,-0.067000,0.259000,0.909000,-21.519000,55.076000,-18.519000,23.870000
0.963,-0.157000,0.319000,0.927000,-20.267000,48.198000,-19.634000,23.870000
0.976,-0.251000,0.333000,0.953000,-18.534000,30.969000,-19.550000,23.870000
0.983,-0.262000,0.338000,0.969000,-14.290000,7.519000,-21.557000,23.870000
0.995,-0.183000,0.309000,0.967000,-14.496000,-2.878000,-33.374000,23.970000
1.002,-0.084000,0.233000,0.923000,-22.863000,-7.153000,-43.611000,23.870000
1.014,0.066000,0.184000,0.899000,-22.481000,3.038000,-43.420000,23.870000
1.026,0.128000,0.165000,0.863000,-22.557000,18.756000,-39.145000,23.920000
1.034,0.032000,0.166000,0.889000,-19.115000,26.290000,-31.611000,24.010000
1.046,-0.064000,0.278000,0.896000,-15.748000,27.748000,-24.916000,23.920000
1.053,-0.138000,0.246000,0.896000,-12.527000,18.290000,-22.107000,24.010000
1.064,-0.181000,0.273000,0.917000,-16.420000,4.573000,-19.557000,23.970000
1.076,-0.172000,0.255000,0.907000,-19.313000,-8.458000,-17.748000,23.870000
1.084,-0.058000,0.203000,0.884000,-13.985000,-14.710000,-16.000000,23.970000
1.096,0.056000,0.135000,0.870000,-10.115000,-0.359000,-14.252000,23.970000
1.103,0.118000,0.167000,0.864000,-6.511000,24.443000,-11.573000,23.970000
1.115,-0.014000,0.119000,0.860000,-4.023000,44.328000,-9.924000,23.870000
1.122,-0.127000,0.188000,0.859000,-7.702000,57.076000,-9.198000,23.920000
1.137,-0.293000,0.168000,0.864000,-14.275000,50.115000,-8.962000,23.920000
1.148,-0.390000,0.226000,0.901000,-19.863000,30.115000,-2.832000,23.920000
1.154,-0.417000,0.230000,0.923000,-21.053000,7.779000,2.969000,24.010000
1.166,-0.327000,0.263000,0.914000,-20.534000,-7.634000,2.305000,23.820000
1.173,-0.284000,0.196000,0.944000,-18.092000,-14.511000,1.382000,23.870000
1.185,-0.247000,0.212000,0.930000,-14.771000,-14.733000,-2.664000,24.060000
1.193,-0.182000,0.201000,0.861000,-15.916000,-10.969000,-12.611000,23.970000
1.204,-0.108000,0.161000,0.795000,-17.504000,-6.786000,-20.176000,23.870000
1.216,-0.061000,0.099000,0.769000,-12.969000,-7.557000,-21.435000,23.870000
1.223,-0.024000,0.083000,0.776000,-11.908000,-9.740000,-18.771000,23.870000
1.235,-0.037000,0.160000,0.844000,-8.702000,-13.710000,-6.786000,23.870000
1.244,-0.119000,0.144000,0.909000,-6.534000,-22.947000,0.183000,23.920000
1.255,-0.135000,0.202000,0.984000,-5.168000,-27.511000,3.710000,23.920000
1.261,-0.102000,0.232000,0.985000,-6.832000,-28.076000,3.489000,23.920000
1.273,-0.087000,0.182000,0.955000,-8.130000,-27.015000,4.031000,23.920000
1.286,0.000000,0.191000,0.891000,-9.626000,-20.008000,5.802000,23.920000
1.294,-0.014000,0.065000,0.826000,-7.885000,-12.916000,7.908000,23.920000
1.306,0.011000,0.082000,0.814000,-8.878000,0.084000,4.763000,23.870000
1.312,0.002000,-0.002000,0.786000,-2.061000,14.573000,0.824000,23.870000
1.325,-0.064000,-0.034000,0.794000,7.916000,26.550000,-7.160000,23.970000
1.333,-0.103000,0.040000,0.852000,20.641000,34.878000,-12.305000,23.870000
1.344,-0.135000,0.085000,0.872000,21.962000,37.412000,-18.534000,23.970000
1.356,-0.135000,0.069000,0.908000,19.206000,33.084000,-19.656000,23.870000
1.363,-0.132000,0.109000,0.912000,19.252000,22.992000,-11.672000,23.870000
1.376,-0.134000,0.143000,0.961000,21.519000,12.771000,-0.580000,23.920000
1.384,-0.142000,0.239000,1.029000,22.473000,6.611000,9.779000,23.920000
1.396,-0.166000,0.304000,1.093000,18.496000,8.328000,7.901000,23.920000
1.403,-0.213000,0.294000,1.115000,7.092000,10.321000,2.565000,23.820000
1.415,-0.187000,0.209000,1.081000,2.450000,13.427000,-4.748000,23.920000
1.422,-0.110000,0.151000,1.023000,1.496000,20.931000,-8.214000,23.920000
1.435,-0.094000,0.147000,1.014000,2.695000,29.618000,-6.191000,24.010000
1.443,-0.180000,0.170000,1.028000,2.534000,33.183000,-1.221000,23.920000
1.454,-0.269000,0.202000,1.051000,2.893000,26.916000,2.229000,23.970000
1.466,-0.325000,0.240000,1.073000,-1.847000,10.939000,8.977000,23.970000
1.473,-0.304000,0.267000,1.044000,-7.504000,-0.740000,11.504000,23.970000
1.486,-0.197000,0.219000,1.037000,-11.832000,-1.603000,9.908000,23.870000
1.493,-0.138000,0.196000,1.004000,-13.298000,5.305000,6.183000,23.970000
1.505,-0.117000,0.151000,0.978000,-12.405000,15.252000,0.954000,23.970000
1.512,-0.131000,0.168000,0.965000,-11.221000,24.313000,-2.779000,23.870000
1.524,-0.165000,0.191000,0.956000,-11.038000,28.580000,-3.931000,23.970000
1.533,-0.229000,0.173000,0.949000,-12.000000,25.939000,-4.840000,23.970000
1.544,-0.238000,0.194000,0.940000,-13.794000,19.824000,-2.679000,23.970000
1.556,-0.251000,0.177000,0.917000,-16.053000,7.305000,-0.008000,23.870000
1.563,-0.215000,0.140000,0.893000,-14.916000,-4.061000,4.015000,23.970000
1.575,-0.145000,0.121000,0.904000,-12.626000,-7.145000,6.137000,23.970000
1.584,-0.105000,0.160000,0.922000,-10.389000,-3.290000,8.427000,24.010000
1.595,-0.163000,0.222000,1.007000,-9.756000,0.939000,9.832000,23.920000
1.602,-0.214000,0.293000,1.039000,-16.679000,5.725000,8.763000,23.920000
1.614,-0.283000,0.266000,1.032000,-21.260000,6.817000,6.893000,23.920000
1.621,-0.341000,0.239000,1.004000,-23.473000,6.366000,3.351000,23.820000
1.634,-0.324000,0.191000,0.928000,-26.725000,2.656000,-1.985000,23.970000
1.646,-0.281000,0.096000,0.852000,-25.832000,-4.489000,-5.427000,23.970000
1.653,-0.264000,0.116000,0.886000,-22.221000,-13.344000,-1.046000,23.970000
1.665,-0.285000,0.164000,0.958000,-19.840000,-24.160000,3.817000,23.870000
1.672,-0.349000,0.223000,1.078000,-17.626000,-35.550000,8.901000,23.970000
1.685,-0.392000,0.302000,1.197000,-18.069000,-42.443000,7.748000,23.870000
1.697,-0.282000,0.287000,1.194000,-27.084000,-36.176000,-2.053000,23.970000
1.703,-0.169000,0.191000,1.102000,-34.031000,-18.634000,-10.733000,23.970000
1.715,-0.070000,0.105000,0.968000,-33.763000,2.450000,-17.252000,23.920000
1.722,-0.119000,0.020000,0.887000,-31.405000,15.366000,-18.611000,23.920000
1.735,-0.196000,0.032000,0.855000,-27.947000,17.840000,-16.305000,23.820000
1.747,-0.231000,0.054000,0.814000,-26.481000,10.855000,-15.023000,23.920000
1.753,-0.289000,-0.009000,0.823000,-25.374000,-3.229000,-10.557000,23.920000
1.765,-0.255000,0.074000,0.832000,-23.427000,-15.519000,-7.863000,23.920000
1.772,-0.162000,-0.007000,0.809000,-26.061000,-22.870000,-9.031000,23.920000
1.785,-0.046000,-0.052000,0.804000,-22.794000,-24.366000,-6.198000,23.820000
1.796,0.060000,-0.066000,0.791000,-21.046000,-16.802000,-5.336000,23.970000
1.803,0.071000,-0.098000,0.816000,-16.031000,-7.160000,-0.992000,23.870000
1.816,-0.043000,-0.013000,0.900000,-9.267000,-0.954000,2.672000,23.970000
1.823,-0.161000,0.091000,0.972000,-14.260000,-1.031000,5.214000,23.970000
1.835,-0.290000,0.115000,1.052000,-15.855000,-8.580000,8.389000,23.870000
1.842,-0.266000,0.157000,1.036000,-22.008000,-14.542000,7.450000,23.970000
1.854,-0.218000,0.047000,0.957000,-31.115000,-13.305000,1.977000,23.870000
1.866,-0.144000,-0.070000,0.906000,-26.115000,-6.305000,4.885000,23.870000
1.873,-0.094000,-0.064000,0.871000,-21.649000,9.710000,-0.145000,24.010000
1.886,-0.145000,-0.087000,0.907000,-13.336000,24.115000,-8.137000,24.010000
1.893,-0.219000,-0.017000,0.940000,-9.740000,28.153000,-10.710000,24.010000
1.905,-0.343000,0.088000,1.004000,-16.511000,17.229000,-7.412000,24.010000
1.911,-0.540000,0.073000,1.068000,-24.603000,-13.916000,-0.763000,23.920000
1.924,-0.530000,0.154000,1.089000,-29.160000,-44.740000,4.695000,23.920000
1.936,-0.315000,0.099000,0.992000,-40.931000,-50.763000,-0.206000,23.920000
1.943,-0.079000,-0.100000,0.872000,-39.550000,-38.908000,-11.313000,23.920000
1.955,0.122000,-0.161000,0.783000,-31.824000,-14.748000,-20.748000,23.870000
1.961,0.167000,-0.221000,0.786000,-23.282000,2.366000,-15.847000,23.870000
1.974,0.109000,-0.138000,0.865000,-14.435000,6.649000,1.580000,23.970000
1.987,0.020000,-0.060000,0.933000,-14.214000,6.504000,16.626000,23.870000
1.993,0.005000,-0.038000,0.944000,-14.069000,14.374000,20.008000,23.970000
2.005,-0.006000,-0.049000,0.931000,-12.969000,27.885000,12.901000,23.970000
2.012,-0.104000,-0.108000,0.913000,-12.260000,37.817000,2.916000,23.870000
2.024,-0.166000,-0.082000,0.919000,-13.603000,35.099000,-4.198000,23.970000
2.034,-0.175000,-0.079000,0.905000,-16.122000,23.794000,-7.679000,23.870000
2.044,-0.119000,-0.148000,0.879000,-17.145000,16.740000,-10.832000,23.920000
2.055,-0.071000,-0.161000,0.868000,-13.466000,13.916000,-10.534000,23.920000
2.062,-0.089000,-0.153000,0.877000,-10.969000,14.618000,-8.267000,23.920000
2.074,-0.158000,-0.131000,0.903000,-8.260000,13.824000,-5.550000,23.820000
2.085,-0.208000,-0.070000,0.915000,-10.076000,10.786000,-3.954000,24.010000
2.095,-0.197000,-0.096000,0.892000,-15.687000,9.977000,-5.237000,23.920000
2.106,-0.183000,-0.142000,0.851000,-14.718000,9.656000,-4.985000,23.920000
2.113,-0.158000,-0.137000,0.826000,-11.588000,13.702000,-5.183000,23.920000
2.125,-0.163000,-0.140000,0.820000,-8.649000,18.443000,-3.733000,23.920000
2.132,-0.214000,-0.065000,0.856000,-3.908000,22.046000,-4.275000,23.970000
2.144,-0.279000,-0.024000,0.901000,-1.641000,23.405000,-6.336000,23.870000
2.156,-0.308000,-0.002000,0.945000,-1.611000,23.977000,-9.779000,23.870000
2.163,-0.338000,-0.006000,0.973000,-2.359000,19.779000,-10.359000,23.870000
2.175,-0.268000,-0.010000,0.940000,-5.672000,19.450000,-13.412000,23.870000
2.184,-0.229000,-0.111000,0.895000,-4.130000,19.344000,-19.298000,23.870000
2.195,-0.213000,-0.121000,0.905000,2.618000,19.672000,-21.023000,23.970000
2.202,-0.199000,-0.094000,0.921000,3.137000,15.405000,-25.267000,23.970000
2.214,-0.171000,-0.095000,0.944000,4.641000,11.611000,-25.611000,23.970000
2.226,-0.179000,-0.090000,0.961000,4.954000,6.573000,-20.298000,23.970000
2.234,-0.204000,-0.100000,0.962000,4.840000,-1.389000,-13.794000,23.870000
2.246,-0.213000,-0.138000,0.974000,5.328000,-6.275000,-11.160000,23.920000
2.252,-0.175000,-0.119000,1.017000,8.908000,-4.076000,-13.321000,23.920000
2.264,-0.194000,-0.100000,1.072000,10.260000,-1.473000,-16.634000,23.920000
2.276,-0.154000,-0.125000,1.120000,11.924000,2.489000,-23.954000,24.010000
2.285,-0.065000,-0.089000,1.155000,12.962000,13.603000,-30.939000,23.920000
2.295,-0.136000,-0.068000,1.173000,7.802000,21.702000,-30.420000,24.010000
2.303,-0.273000,-0.045000,1.143000,-0.359000,15.443000,-22.160000,23.870000
2.314,-0.353000,-0.037000,1.054000,-11.527000,-1.748000,-15.458000,23.870000
2.326,-0.332000,-0.091000,0.951000,-15.275000,-19.634000,-12.122000,23.970000
2.334,-0.205000,-0.084000,0.848000,-17.038000,-28.076000,-11.672000,23.870000
2.346,-0.126000,-0.116000,0.761000,-15.252000,-31.374000,-6.924000,23.870000
2.352,-0.115000,-0.109000,0.682000,-11.115000,-33.832000,3.595000,24.060000
2.364,-0.106000,-0.119000,0.625000,-4.626000,-30.305000,11.618000,23.970000
2.376,-0.123000,-0.104000,0.619000,7.504000,-19.427000,11.412000,23.970000
2.385,-0.150000,-0.095000,0.635000,16.611000,-4.053000,1.389000,23.970000
2.396,-0.197000,-0.142000,0.677000,25.153000,5.534000,-7.405000,23.920000
2.403,-0.260000,-0.116000,0.759000,33.634000,2.160000,-4.412000,23.920000
2.415,-0.287000,-0.040000,0.854000,34.634000,-7.305000,0.504000,23.920000
2.422,-0.296000,-0.009000,0.965000,35.130000,-15.290000,2.443000,24.010000
2.434,-0.274000,0.053000,1.045000,32.427000,-18.710000,1.076000,23.920000
2.441,-0.220000,0.099000,1.066000,24.313000,-19.313000,-5.878000,23.820000
2.453,-0.166000,0.023000,1.009000,17.840000,-20.221000,-8.947000,23.920000
2.466,-0.095000,-0.056000,0.949000,14.977000,-24.710000,-2.931000,23.920000
2.472,-0.030000,-0.098000,0.921000,15.267000,-26.046000,4.359000,23.870000
2.485,-0.004000,-0.117000,0.903000,18.878000,-24.672000,13.183000,23.870000
2.494,-0.029000,-0.032000,0.952000,18.824000,-21.145000,20.718000,23.870000
2.504,-0.071000,0.020000,0.954000,13.534000,-17.389000,22.756000,23.970000
2.516,-0.089000,-0.037000,0.897000,7.458000,-19.504000,25.359000,23.970000
2.523,-0.077000,-0.098000,0.826000,7.595000,-31.656000,31.817000,23.780000
2.536,-0.028000,-0.188000,0.805000,10.733000,-41.122000,40.420000,23.970000
2.543,0.038000,-0.207000,0.864000,16.985000,-42.695000,49.794000,23.870000
2.554,-0.039000,-0.142000,0.993000,24.328000,-45.557000,59.305000,23.820000
2.567,-0.065000,0.017000,1.088000,21.947000,-44.023000,63.641000,23.920000
2.573,-0.118000,-0.002000,1.110000,13.878000,-43.534000,62.733000,23.920000
2.586,-0.142000,-0.014000,1.041000,7.336000,-48.511000,65.267000,24.010000
2.593,-0.107000,-0.125000,0.921000,6.191000,-47.290000,61.771000,23.920000
2.605,-0.116000,-0.214000,0.886000,12.122000,-45.458000,59.901000,23.920000
2.611,-0.146000,-0.199000,0.885000,21.015000,-45.588000,59.771000,23.920000
2.624,-0.125000,-0.171000,0.878000,25.275000,-40.435000,53.969000,23.920000
2.637,-0.201000,-0.239000,0.875000,31.626000,-35.573000,46.954000,24.010000
2.643,-0.309000,-0.135000,0.947000,42.817000,-49.137000,46.366000,23.870000
2.655,-0.292000,0.065000,1.007000,34.985000,-61.450000,42.145000,23.970000
2.662,-0.225000,0.104000,1.001000,15.527000,-63.389000,36.756000,23.870000
2.674,-0.165000,0.041000,0.881000,5.069000,-63.519000,36.496000,23.870000
2.688,-0.130000,-0.101000,0.796000,7.275000,-59.275000,35.977000,23.870000
2.693,-0.084000,-0.105000,0.770000,20.420000,-47.672000,29.176000,23.870000
2.705,-0.121000,-0.105000,0.805000,36.435000,-29.260000,15.206000,23.870000
2.712,-0.215000,-0.022000,0.853000,47.878000,-13.519000,1.977000,23.970000
2.725,-0.297000,0.042000,0.869000,55.939000,-14.664000,-9.786000,23.970000
2.733,-0.260000,0.154000,0.934000,52.321000,-31.885000,-14.031000,23.920000
2.744,-0.161000,0.202000,0.981000,42.115000,-45.466000,-10.092000,23.920000
2.756,-0.009000,0.136000,0.907000,34.847000,-50.359000,-7.534000,23.920000
2.763,0.183000,-0.065000,0.842000,43.481000,-38.069000,-11.817000,23.920000
2.775,0.236000,-0.103000,0.857000,63.756000,-12.183000,-14.641000,24.010000
2.783,0.164000,-0.095000,0.861000,80.725000,15.389000,-20.947000,23.920000
2.794,-0.002000,-0.015000,0.885000,91.870000,34.725000,-28.550000,24.010000
2.806,-0.168000,0.134000,0.847000,92.061000,35.580000,-34.534000,23.920000
2.813,-0.314000,0.211000,0.831000,88.023000,7.198000,-35.229000,23.920000
2.825,-0.335000,0.224000,0.825000,80.305000,-34.634000,-25.450000,23.920000
2.833,-0.189000,0.193000,0.816000,76.817000,-64.069000,-16.076000,23.870000
2.845,0.003000,0.167000,0.873000,84.427000,-68.328000,-12.130000,23.970000
2.853,0.098000,0.212000,0.926000,92.290000,-48.748000,-21.908000,23.970000
2.864,0.138000,0.412000,1.016000,82.863000,-18.366000,-33.229000,23.970000
2.876,0.081000,0.355000,1.026000,75.908000,2.099000,-42.702000,23.970000
2.885,0.018000,0.544000,1.041000,55.336000,14.504000,-43.275000,23.870000
2.896,-0.043000,0.518000,1.059000,38.450000,-1.916000,-25.931000,23.970000
2.902,0.011000,0.414000,0.969000,22.557000,-25.611000,-4.046000,23.970000
2.915,0.107000,0.353000,0.920000,17.786000,-41.076000,16.214000,23.870000
2.921,0.135000,0.260000,0.900000,22.656000,-48.534000,24.519000,23.970000
2.934,0.200000,0.279000,0.901000,28.145000,-39.137000,17.595000,23.970000
2.947,0.193000,0.280000,0.910000,32.137000,-24.969000,6.626000,23.970000
2.954,0.166000,0.279000,0.889000,33.794000,-13.344000,-4.542000,24.010000
2.966,0.185000,0.223000,0.827000,37.206000,-6.885000,-14.618000,23.920000
2.973,0.226000,0.211000,0.788000,41.122000,0.260000,-17.687000,23.920000
2.986,0.170000,0.238000,0.756000,43.298000,-4.229000,-12.115000,24.010000
2.993,0.085000,0.254000,0.768000,39.084000,-18.321000,0.992000,24.010000
3.004,0.066000,0.317000,0.790000,39.458000,-41.374000,16.748000,23.920000
3.011,0.097000,0.321000,0.790000,38.832000,-58.229000,24.725000,23.920000
3.024,0.220000,0.260000,0.789000,47.847000,-56.931000,22.053000,23.870000
3.038,0.313000,0.317000,0.823000,63.382000,-34.389000,7.802000,23.870000
3.044,0.303000,0.407000,0.889000,75.588000,-5.756000,-13.176000,23.970000
3.056,0.237000,0.500000,0.938000,77.122000,15.634000,-30.832000,23.870000
3.063,0.181000,0.591000,0.994000,72.023000,25.634000,-34.130000,24.060000
3.075,0.053000,0.681000,0.981000,57.511000,8.359000,-20.725000,23.970000
3.083,0.049000,0.682000,0.967000,39.252000,-25.611000,4.290000,24.060000
3.095,0.143000,0.600000,0.935000,16.450000,-60.611000,28.832000,23.870000
3.102,0.290000,0.497000,0.918000,8.374000,-81.206000,52.710000,23.970000
3.114,0.441000,0.375000,0.924000,16.412000,-74.198000,60.053000,23.820000
3.126,0.511000,0.461000,0.968000,29.359000,-38.053000,45.878000,23.920000
3.134,0.447000,0.549000,1.016000,37.947000,2.985000,21.557000,23.920000
3.146,0.252000,0.582000,1.000000,40.382000,23.748000,-5.427000,23.920000
3.153,0.073000,0.616000,0.961000,30.763000,18.771000,-12.061000,23.920000
3.166,-0.036000,0.580000,0.919000,20.153000,-13.794000,3.916000,24.010000
3.172,0.020000,0.452000,0.847000,11.153000,-57.496000,29.206000,24.010000
3.185,0.219000,0.419000,0.824000,7.489000,-84.366000,47.908000,23.920000
3.194,0.393000,0.368000,0.810000,10.473000,-85.420000,56.092000,24.010000
3.205,0.481000,0.354000,0.793000,16.275000,-66.237000,54.702000,23.870000
3.216,0.454000,0.349000,0.777000,23.031000,-41.427000,48.389000,23.970000
3.223,0.378000,0.364000,0.740000,29.802000,-22.260000,40.298000,23.970000
3.236,0.293000,0.359000,0.707000,34.130000,-11.130000,33.771000,23.970000
3.243,0.202000,0.400000,0.699000,38.466000,-12.160000,33.053000,23.870000
3.255,0.110000,0.460000,0.745000,39.947000,-27.542000,36.733000,23.970000
3.262,0.075000,0.540000,0.787000,35.947000,-52.679000,43.954000,23.970000
3.274,0.102000,0.561000,0.806000,25.931000,-77.244000,51.221000,23.970000
3.288,0.167000,0.526000,0.763000,14.298000,-96.015000,57.893000,23.970000
3.295,0.257000,0.445000,0.704000,11.473000,-104.588000,59.550000,23.920000
3.306,0.363000,0.427000,0.660000,16.053000,-96.107000,52.626000,23.920000
3.313,0.455000,0.412000,0.638000,23.504000,-74.756000,40.824000,23.920000
3.325,0.483000,0.422000,0.657000,33.313000,-47.664000,26.336000,23.920000
3.333,0.449000,0.505000,0.675000,43.145000,-27.649000,12.542000,23.920000
3.345,0.389000,0.587000,0.798000,49.015000,-14.534000,5.145000,23.820000
3.352,0.338000,0.660000,0.874000,48.160000,-15.763000,4.664000,23.920000
3.364,0.357000,0.746000,0.894000,41.733000,-19.901000,8.779000,24.010000
3.376,0.313000,0.709000,0.917000,26.069000,-30.069000,12.885000,23.920000
3.384,0.380000,0.633000,0.856000,17.206000,-31.832000,16.626000,23.970000
3.396,0.491000,0.472000,0.790000,20.794000,-13.328000,11.435000,23.970000
3.404,0.598000,0.431000,0.788000,39.053000,28.580000,-6.000000,23.970000
3.415,0.553000,0.538000,0.807000,54.084000,72.611000,-25.748000,24.060000
3.422,0.217000,0.707000,0.927000,57.733000,77.206000,-28.260000,23.970000
3.436,-0.035000,0.903000,1.033000,41.496000,36.458000,-15.618000,23.970000
3.442,-0.094000,0.888000,1.074000,6.802000,-27.802000,4.855000,23.870000
3.454,0.129000,0.765000,0.965000,-17.870000,-77.863000,21.756000,23.870000
3.466,0.395000,0.493000,0.733000,-35.092000,-89.405000,36.351000,23.870000
3.473,0.600000,0.269000,0.591000,-19.718000,-62.908000,35.611000,23.920000
3.485,0.711000,0.211000,0.557000,18.252000,-8.954000,17.985000,24.010000
3.493,0.663000,0.432000,0.649000,48.595000,47.565000,-9.855000,23.920000
3.505,0.413000,0.659000,0.768000,58.580000,71.115000,-24.443000,23.820000
3.511,0.147000,0.810000,0.843000,39.099000,56.069000,-19.000000,23.920000
3.524,-0.002000,0.803000,0.823000,13.153000,12.298000,-3.794000,23.920000
3.538,0.057000,0.686000,0.715000,-3.733000,-30.878000,13.634000,23.920000
3.544,0.178000,0.595000,0.670000,-3.389000,-57.160000,24.435000,23.920000
3.556,0.331000,0.586000,0.700000,5.061000,-59.260000,20.405000,23.970000
3.563,0.531000,0.625000,0.702000,2.924000,-35.076000,7.336000,23.970000
3.575,0.562000,0.493000,0.598000,-7.702000,0.145000,0.061000,23.970000
3.584,0.524000,0.377000,0.465000,-3.244000,25.649000,-14.855000,24.060000
3.596,0.429000,0.412000,0.420000,7.847000,31.519000,-27.863000,23.970000
3.603,0.250000,0.405000,0.482000,27.908000,4.931000,-16.817000,23.970000
3.614,0.182000,0.564000,0.616000,42.924000,-33.771000,-3.290000,23.870000
3.621,0.253000,0.693000,0.740000,39.527000,-60.802000,8.374000,23.970000
3.634,0.439000,0.741000,0.809000,37.504000,-69.870000,14.664000,23.970000
3.646,0.597000,0.779000,0.731000,18.076000,-57.542000,19.557000,23.970000
3.654,0.580000,0.627000,0.656000,11.733000,-37.855000,18.389000,23.870000
3.665,0.519000,0.600000,0.644000,20.977000,-25.198000,8.573000,23.970000
3.673,0.460000,0.615000,0.645000,27.008000,-16.573000,0.412000,23.920000
3.685,0.405000,0.692000,0.749000,32.580000,-12.458000,-3.916000,23.920000
3.694,0.403000,0.805000,0.825000,31.031000,-14.893000,-6.809000,23.920000
3.705,0.432000,0.855000,0.826000,12.198000,-14.710000,-6.611000,23.920000
3.711,0.530000,0.781000,0.687000,-9.779000,-8.832000,-3.321000,23.920000
3.724,0.506000,0.500000,0.458000,-25.733000,-4.931000,4.168000,24.010000
3.737,0.461000,0.310000,0.305000,-8.504000,-10.481000,4.779000,23.970000
3.744,0.455000,0.275000,0.334000,23.809000,-22.214000,4.565000,24.060000
3.756,0.432000,0.419000,0.503000,50.840000,-35.023000,11.489000,23.870000
3.763,0.401000,0.633000,0.708000,60.412000,-42.908000,18.618000,23.970000
3.775,0.486000,0.891000,0.818000,51.885000,-41.481000,18.168000,23.870000
3.784,0.516000,0.887000,0.789000,22.160000,-33.366000,20.008000,23.970000
3.796,0.546000,0.722000,0.665000,6.153000,-19.382000,15.519000,23.970000
3.802,0.545000,0.565000,0.584000,7.450000,-10.595000,9.893000,23.970000
3.814,0.529000,0.542000,0.570000,19.046000,-5.122000,4.489000,23.970000
3.826,0.517000,0.619000,0.634000,24.702000,-2.122000,-0.344000,23.920000
3.834,0.513000,0.702000,0.692000,23.450000,-1.595000,-0.832000,23.920000
3.847,0.547000,0.768000,0.677000,9.840000,0.595000,2.130000,23.920000
3.855,0.554000,0.703000,0.592000,-6.977000,3.389000,10.237000,23.920000
3.866,0.517000,0.562000,0.480000,-9.053000,1.588000,17.901000,24.010000
3.873,0.514000,0.536000,0.430000,1.198000,-2.557000,20.939000,23.920000
3.885,0.464000,0.515000,0.442000,14.122000,-6.458000,24.191000,23.920000
3.894,0.410000,0.574000,0.525000,26.618000,-11.008000,24.130000,24.010000
3.905,0.396000,0.663000,0.624000,32.252000,-13.802000,18.847000,23.870000
3.912,0.452000,0.757000,0.640000,26.626000,-9.947000,14.107000,23.970000
3.924,0.462000,0.768000,0.608000,14.824000,-2.206000,12.099000,23.970000
3.933,0.431000,0.680000,0.533000,10.084000,1.725000,10.130000,23.870000
3.944,0.367000,0.605000,0.493000,13.389000,-1.595000,6.595000,23.870000
3.956,0.343000,0.597000,0.515000,21.656000,-14.618000,0.542000,23.970000
3.963,0.375000,0.664000,0.612000,26.427000,-28.725000,-3.588000,23.970000
3.976,0.477000,0.708000,0.707000,21.756000,-34.863000,-1.473000,23.970000
3.984,0.600000,0.738000,0.731000,7.145000,-28.557000,3.977000,23.970000
3.996,0.657000,0.722000,0.680000,0.405000,-15.947000,9.366000,23.970000
4.003,0.682000,0.660000,0.605000,-6.023000,2.947000,9.290000,23.920000
4.028,0.585000,0.560000,0.562000,-2.832000,11.947000,8.656000,23.920000
4.029,0.486000,0.574000,0.579000,2.916000,10.366000,7.786000,23.920000
