time_sec,ax,ay,az,gx,gy,gz,temp_c
0.016,0.307000,0.396000,0.889000,0.489000,-11.359000,10.053000,24.290000
0.019,0.300000,0.434000,0.881000,-3.366000,-3.832000,9.733000,24.340000
0.032,0.280000,0.387000,0.820000,-6.542000,1.061000,6.344000,24.440000
0.039,0.272000,0.344000,0.785000,-5.046000,3.565000,3.519000,24.340000
0.052,0.252000,0.333000,0.796000,-1.573000,1.687000,4.870000,24.340000
0.059,0.223000,0.341000,0.844000,1.183000,-3.008000,6.824000,24.440000
0.071,0.194000,0.380000,0.902000,-0.099000,-8.191000,7.863000,24.250000
0.079,0.222000,0.435000,0.910000,-7.237000,-9.878000,7.252000,24.290000
0.091,0.251000,0.369000,0.870000,-11.710000,-9.489000,3.214000,24.390000
0.099,0.279000,0.301000,0.811000,-8.092000,-6.656000,-0.412000,24.390000
0.111,0.290000,0.295000,0.789000,-2.672000,-5.031000,-1.176000,24.290000
0.123,0.314000,0.304000,0.821000,2.076000,-3.313000,-1.313000,24.290000
0.131,0.304000,0.338000,0.882000,4.115000,-2.748000,0.412000,24.390000
0.143,0.291000,0.384000,0.931000,1.702000,0.305000,2.313000,24.390000
0.150,0.299000,0.445000,0.914000,-7.168000,6.069000,1.618000,24.340000
0.163,0.271000,0.354000,0.821000,-10.954000,6.847000,-2.191000,24.340000
0.170,0.266000,0.312000,0.779000,-8.573000,7.855000,-9.870000,24.340000
0.182,0.290000,0.283000,0.806000,-3.924000,8.023000,-17.092000,24.340000
0.190,0.323000,0.281000,0.867000,2.458000,10.084000,-9.962000,24.440000
0.202,0.352000,0.354000,0.948000,5.809000,18.908000,-2.817000,24.440000
0.209,0.291000,0.401000,1.014000,1.969000,27.115000,-2.443000,24.340000
0.222,0.167000,0.430000,1.041000,-4.221000,25.756000,-2.786000,24.390000
0.228,0.102000,0.509000,0.970000,-16.885000,13.947000,-3.099000,24.290000
0.241,0.039000,0.398000,0.879000,-25.344000,-6.351000,-6.969000,24.290000
0.254,0.117000,0.365000,0.801000,-24.061000,-28.458000,-6.290000,24.290000
0.260,0.191000,0.337000,0.817000,-18.985000,-33.756000,-14.298000,24.290000
0.272,0.291000,0.370000,0.816000,-20.962000,-34.130000,-16.534000,24.390000
0.279,0.372000,0.373000,0.865000,-18.649000,-25.603000,-17.931000,24.340000
0.291,0.365000,0.378000,0.917000,-16.718000,-16.550000,-17.985000,24.440000
0.298,0.351000,0.359000,0.979000,-16.176000,-1.893000,-16.489000,24.340000
0.310,0.366000,0.449000,1.017000,-18.229000,13.061000,-13.183000,24.340000
0.322,0.354000,0.483000,0.988000,-27.160000,28.580000,-12.359000,24.250000
0.329,0.309000,0.407000,0.928000,-24.198000,39.336000,-14.611000,24.340000
0.342,0.284000,0.397000,0.899000,-17.985000,43.748000,-17.420000,24.340000
0.349,0.236000,0.392000,0.885000,-22.061000,38.252000,-22.489000,24.340000
0.361,0.211000,0.365000,0.915000,-23.542000,28.244000,-16.634000,24.340000
0.373,0.230000,0.386000,0.942000,-25.115000,19.328000,-13.817000,24.390000
0.380,0.271000,0.388000,0.980000,-25.527000,16.229000,-11.962000,24.290000
0.393,0.346000,0.460000,0.960000,-31.473000,26.084000,-10.954000,24.390000
0.399,0.392000,0.438000,0.863000,-36.359000,35.031000,-13.641000,24.290000
0.412,0.308000,0.313000,0.757000,-29.107000,38.550000,-16.817000,24.340000
0.418,0.258000,0.250000,0.720000,-20.069000,37.397000,-22.511000,24.340000
0.431,0.261000,0.277000,0.721000,-13.939000,28.221000,-27.466000,24.440000
0.443,0.289000,0.252000,0.771000,-10.931000,17.595000,-28.130000,24.440000
0.450,0.336000,0.261000,0.829000,-6.267000,12.344000,-23.008000,24.250000
0.462,0.327000,0.312000,0.849000,-0.267000,8.550000,-18.725000,24.340000
0.469,0.319000,0.363000,0.953000,3.901000,9.473000,-15.427000,24.390000
0.482,0.270000,0.445000,0.992000,-4.954000,12.214000,-15.153000,24.390000
0.489,0.155000,0.411000,0.989000,-13.000000,0.573000,-16.626000,24.290000
0.501,0.099000,0.395000,0.949000,-16.847000,-12.412000,-25.687000,24.390000
0.513,0.182000,0.312000,0.857000,-16.313000,-19.008000,-39.534000,24.290000
0.520,0.320000,0.236000,0.828000,-9.756000,-12.878000,-45.855000,24.290000
0.534,0.418000,0.230000,0.823000,-1.511000,2.840000,-41.687000,24.340000
0.540,0.401000,0.273000,0.870000,6.702000,17.832000,-33.565000,24.340000
0.552,0.325000,0.358000,0.911000,9.870000,27.580000,-29.000000,24.340000
0.559,0.270000,0.440000,0.927000,9.832000,30.473000,-27.145000,24.340000
0.571,0.209000,0.513000,0.978000,4.817000,30.954000,-18.000000,24.340000
0.578,0.099000,0.468000,0.908000,-8.611000,25.847000,-12.443000,24.440000
0.592,0.068000,0.328000,0.843000,-15.137000,19.786000,-11.260000,24.390000
0.603,0.050000,0.215000,0.792000,-6.366000,12.580000,-13.840000,24.290000
0.610,0.114000,0.190000,0.809000,4.824000,7.756000,-13.427000,24.480000
0.623,0.213000,0.244000,0.871000,10.687000,2.405000,-9.084000,24.390000
0.630,0.296000,0.326000,0.962000,13.076000,2.710000,-3.954000,24.390000
0.643,0.306000,0.377000,1.033000,8.397000,5.939000,3.885000,24.290000
0.651,0.286000,0.374000,1.083000,6.031000,13.565000,12.183000,24.340000
0.662,0.209000,0.312000,1.043000,0.611000,23.954000,16.870000,24.340000
0.669,0.094000,0.274000,1.017000,-2.718000,33.847000,13.786000,24.440000
0.682,0.028000,0.302000,1.017000,-1.870000,37.420000,11.840000,24.340000
0.691,-0.038000,0.412000,1.045000,-5.840000,31.511000,5.450000,24.340000
0.701,-0.070000,0.444000,1.074000,-11.656000,22.794000,-6.511000,24.340000
0.708,-0.029000,0.430000,1.090000,-19.115000,16.107000,-14.588000,24.340000
0.720,0.057000,0.386000,1.093000,-24.511000,19.947000,-22.000000,24.390000
0.732,0.111000,0.303000,1.027000,-32.397000,26.786000,-27.122000,24.390000
0.740,0.205000,0.234000,0.994000,-34.771000,34.305000,-24.939000,24.390000
0.752,0.243000,0.225000,0.972000,-32.947000,38.817000,-15.550000,24.390000
0.759,0.200000,0.261000,0.983000,-28.855000,36.000000,-7.656000,24.390000
0.771,0.160000,0.290000,1.005000,-22.198000,27.206000,0.702000,24.290000
0.778,0.161000,0.326000,1.011000,-17.634000,19.847000,5.214000,24.250000
0.791,0.200000,0.309000,1.012000,-16.855000,24.443000,7.702000,24.340000
0.803,0.148000,0.287000,0.991000,-16.710000,33.412000,9.260000,24.340000
0.810,0.098000,0.214000,0.949000,-19.137000,48.481000,1.137000,24.440000
0.822,0.043000,0.176000,0.910000,-22.740000,59.931000,-4.237000,24.340000
0.829,-0.042000,0.186000,0.918000,-25.771000,60.779000,-3.527000,24.340000
0.842,-0.095000,0.216000,0.952000,-28.840000,52.427000,-1.840000,24.340000
0.849,-0.152000,0.301000,1.020000,-35.038000,33.122000,5.573000,24.340000
0.861,-0.216000,0.360000,1.096000,-40.618000,8.771000,12.427000,24.390000
0.873,-0.202000,0.377000,1.104000,-41.550000,-9.107000,11.092000,24.390000
0.880,-0.125000,0.322000,1.084000,-41.985000,-12.985000,2.885000,24.200000
0.893,-0.025000,0.290000,1.041000,-42.405000,-6.069000,-6.893000,24.480000
0.904,0.079000,0.264000,0.980000,-47.527000,5.542000,-16.840000,24.480000
0.912,0.134000,0.175000,0.889000,-49.718000,16.641000,-21.046000,24.340000
0.918,0.079000,0.126000,0.849000,-45.809000,17.168000,-22.870000,24.340000
0.931,0.050000,0.160000,0.836000,-42.954000,7.985000,-22.939000,24.340000
0.943,0.014000,0.200000,0.865000,-40.695000,-7.595000,-17.015000,24.340000
0.950,0.032000,0.238000,0.889000,-37.115000,-23.359000,-10.947000,24.340000
0.962,0.084000,0.214000,0.892000,-34.084000,-28.534000,-9.061000,24.440000
0.969,0.117000,0.184000,0.880000,-33.588000,-26.626000,-7.298000,24.290000
0.981,0.131000,0.107000,0.872000,-34.336000,-20.687000,-6.611000,24.290000
0.989,0.143000,0.131000,0.845000,-42.168000,-9.115000,-5.023000,24.290000
1.001,0.075000,0.093000,0.833000,-50.504000,-1.634000,-1.298000,24.390000
1.013,-0.003000,0.095000,0.849000,-50.221000,-1.137000,-0.298000,24.290000
1.020,-0.053000,0.113000,0.831000,-53.924000,-4.374000,1.649000,24.390000
1.032,-0.112000,0.080000,0.879000,-52.183000,-12.183000,-0.008000,24.290000
1.040,-0.108000,0.064000,0.860000,-44.931000,-18.542000,-7.092000,24.340000
1.051,-0.067000,0.062000,0.862000,-38.672000,-22.153000,-22.916000,24.440000
1.063,0.050000,0.086000,0.849000,-36.282000,-15.282000,-36.786000,24.440000
1.070,0.203000,0.041000,0.792000,-36.649000,-3.924000,-40.588000,24.340000
1.082,0.301000,-0.044000,0.722000,-31.137000,6.076000,-32.473000,24.340000
1.089,0.281000,-0.045000,0.747000,-20.557000,8.794000,-13.359000,24.340000
1.102,0.166000,0.046000,0.840000,-14.282000,-1.298000,4.275000,24.340000
1.109,0.067000,0.162000,0.957000,-15.252000,-13.679000,15.282000,24.390000
1.121,0.045000,0.149000,0.979000,-20.130000,-19.458000,15.458000,24.390000
1.135,0.097000,0.028000,0.927000,-19.137000,-14.420000,9.153000,24.390000
1.141,0.175000,0.021000,0.889000,-12.573000,5.267000,2.145000,24.390000
1.153,0.108000,0.034000,0.880000,-9.214000,22.664000,-3.656000,24.390000
1.159,-0.022000,0.115000,0.938000,-7.817000,24.794000,-4.473000,24.290000
1.172,-0.083000,0.146000,0.962000,-12.786000,14.855000,-2.740000,24.340000
1.179,-0.126000,0.093000,0.976000,-16.573000,-4.023000,-0.122000,24.440000
1.192,-0.062000,0.074000,0.945000,-16.595000,-21.290000,1.008000,24.440000
1.198,0.108000,-0.004000,0.848000,-17.634000,-25.672000,-0.069000,24.340000
1.210,0.252000,-0.098000,0.790000,-13.458000,-17.626000,1.191000,24.340000
1.222,0.306000,-0.114000,0.764000,-6.466000,0.718000,2.702000,24.340000
1.230,0.222000,-0.050000,0.844000,0.046000,12.695000,7.092000,24.340000
1.243,0.082000,0.109000,1.010000,1.313000,13.786000,14.382000,24.390000
1.250,-0.033000,0.192000,1.099000,-4.344000,6.702000,17.969000,24.390000
1.262,-0.131000,0.174000,1.189000,-9.718000,-7.740000,21.206000,24.390000
1.268,-0.087000,0.136000,1.150000,-18.000000,-20.534000,22.023000,24.290000
1.281,0.075000,0.058000,1.017000,-26.954000,-18.221000,21.496000,24.390000
1.293,0.231000,-0.055000,0.852000,-28.542000,2.733000,19.237000,24.290000
1.300,0.266000,-0.152000,0.762000,-23.916000,29.992000,16.473000,24.440000
1.312,0.153000,-0.148000,0.789000,-9.725000,50.374000,19.298000,24.250000
1.319,-0.047000,0.013000,0.912000,-4.092000,54.573000,22.153000,24.340000
1.332,-0.209000,0.049000,1.019000,-5.840000,43.214000,24.000000,24.340000
1.339,-0.375000,0.098000,1.078000,-11.870000,14.489000,30.473000,24.340000
1.351,-0.395000,0.064000,1.040000,-17.550000,-17.435000,30.336000,24.250000
1.363,-0.278000,-0.053000,0.927000,-20.893000,-37.038000,23.092000,24.440000
1.369,-0.104000,-0.132000,0.866000,-21.573000,-43.718000,16.382000,24.340000
1.382,0.065000,-0.204000,0.875000,-11.618000,-32.802000,9.542000,24.340000
1.389,0.188000,-0.195000,0.943000,-4.107000,-10.679000,4.405000,24.390000
1.402,0.146000,-0.138000,1.048000,-1.366000,6.557000,3.099000,24.290000
1.408,0.067000,-0.049000,1.194000,0.626000,15.038000,6.656000,24.390000
1.421,0.057000,0.009000,1.220000,-9.840000,21.504000,8.084000,24.290000
1.428,0.051000,-0.062000,1.167000,-19.550000,27.183000,7.893000,24.340000
1.441,0.024000,-0.158000,1.102000,-23.618000,29.046000,10.779000,24.340000
1.453,-0.016000,-0.250000,1.035000,-20.939000,27.191000,13.504000,24.340000
1.459,-0.084000,-0.213000,1.040000,-14.153000,24.817000,15.267000,24.340000
1.472,-0.177000,-0.169000,1.139000,-11.198000,19.298000,13.733000,24.340000
1.478,-0.191000,-0.024000,1.217000,-10.962000,20.573000,8.908000,24.340000
1.491,-0.153000,0.026000,1.182000,-22.672000,31.221000,-0.985000,24.340000
1.503,-0.161000,0.048000,1.194000,-30.962000,40.023000,-11.695000,24.390000
1.509,-0.111000,0.085000,1.086000,-47.679000,43.221000,-25.992000,24.390000
1.522,-0.052000,-0.088000,0.984000,-57.687000,35.267000,-32.496000,24.290000
1.528,-0.042000,-0.169000,0.892000,-62.069000,11.000000,-22.038000,24.290000
1.541,0.036000,-0.291000,0.732000,-58.939000,-14.855000,-10.817000,24.390000
1.553,0.129000,-0.355000,0.707000,-45.595000,-33.458000,0.481000,24.390000
1.560,0.237000,-0.260000,0.772000,-33.336000,-35.275000,6.763000,24.390000
1.572,0.278000,-0.249000,0.820000,-23.511000,-20.130000,1.802000,24.340000
1.579,0.218000,-0.164000,0.955000,-12.130000,-4.023000,-2.382000,24.340000
1.592,0.139000,0.016000,1.080000,-12.908000,2.603000,-6.198000,24.340000
1.598,0.031000,0.035000,1.123000,-28.305000,-6.733000,-12.718000,24.340000
1.610,-0.050000,-0.038000,1.090000,-46.290000,-37.855000,-6.176000,24.340000
1.622,0.010000,-0.147000,0.980000,-56.779000,-74.962000,7.656000,24.340000
1.629,0.191000,-0.333000,0.868000,-51.420000,-94.557000,16.435000,24.390000
1.642,0.445000,-0.330000,0.791000,-40.817000,-83.557000,22.908000,24.290000
1.648,0.540000,-0.396000,0.745000,-28.389000,-52.427000,24.603000,24.390000
1.660,0.409000,-0.326000,0.796000,-18.969000,-25.534000,34.595000,24.390000
1.673,0.183000,-0.156000,0.837000,-18.870000,-15.809000,41.443000,24.290000
1.679,-0.055000,-0.121000,0.867000,-23.176000,-22.092000,43.641000,24.390000
1.692,-0.092000,-0.175000,0.828000,-27.985000,-31.237000,37.122000,24.390000
1.698,0.072000,-0.283000,0.690000,-21.939000,-21.847000,18.702000,24.340000
1.711,0.157000,-0.399000,0.678000,-4.878000,-10.191000,9.053000,24.340000
1.716,0.212000,-0.312000,0.742000,7.771000,-2.947000,6.069000,24.340000
1.730,0.174000,-0.286000,0.821000,11.214000,3.389000,11.130000,24.340000
1.743,0.016000,-0.255000,0.839000,10.786000,-0.405000,19.511000,24.340000
1.750,-0.128000,-0.233000,0.864000,9.015000,-9.756000,28.260000,24.340000
1.762,-0.170000,-0.230000,0.880000,10.458000,-16.641000,25.099000,24.390000
1.769,-0.139000,-0.196000,0.964000,14.405000,-16.687000,8.779000,24.290000
1.781,-0.020000,-0.108000,1.053000,13.397000,-5.328000,-10.893000,24.290000
1.793,0.084000,-0.099000,1.091000,12.542000,11.641000,-26.458000,24.290000
1.800,0.132000,-0.112000,1.057000,10.321000,23.351000,-32.954000,24.290000
1.812,0.064000,-0.133000,0.996000,5.450000,16.366000,-22.802000,24.390000
1.819,-0.012000,-0.188000,0.887000,-3.435000,-6.641000,-3.855000,24.440000
1.831,-0.023000,-0.238000,0.799000,-5.794000,-30.137000,13.511000,24.440000
1.839,0.076000,-0.324000,0.731000,-0.832000,-33.183000,13.573000,24.340000
1.851,0.176000,-0.354000,0.723000,11.679000,-17.489000,-0.527000,24.440000
1.863,0.199000,-0.279000,0.802000,20.511000,-0.763000,-11.206000,24.340000
1.870,0.239000,-0.228000,0.842000,22.832000,13.618000,-13.191000,24.340000
1.882,0.205000,-0.248000,0.802000,22.634000,22.351000,-8.679000,24.340000
1.890,-0.084000,-0.172000,0.887000,23.641000,-0.397000,10.160000,24.340000
1.902,-0.249000,-0.071000,0.955000,15.573000,-37.679000,24.405000,24.340000
1.908,-0.232000,-0.137000,0.885000,7.611000,-63.351000,25.565000,24.440000
1.920,-0.134000,-0.207000,0.847000,10.962000,-76.733000,16.901000,24.390000
1.935,0.104000,-0.324000,0.837000,16.237000,-67.412000,2.756000,24.480000
1.940,0.257000,-0.381000,0.890000,25.252000,-37.084000,-11.824000,24.390000
1.952,0.318000,-0.282000,0.953000,33.008000,-0.626000,-28.916000,24.290000
1.958,0.275000,-0.294000,0.974000,36.748000,30.107000,-45.916000,24.340000
1.971,0.207000,-0.243000,0.988000,32.305000,33.679000,-45.802000,24.440000
1.984,0.098000,-0.186000,0.973000,19.992000,13.740000,-31.275000,24.250000
1.990,-0.045000,-0.209000,0.940000,5.534000,-32.916000,-0.565000,24.340000
2.003,-0.057000,-0.207000,0.918000,-3.244000,-85.260000,26.046000,24.340000
2.009,0.049000,-0.232000,0.999000,2.031000,-112.290000,34.374000,24.440000
2.021,0.218000,-0.216000,1.093000,8.916000,-101.328000,23.672000,24.340000
2.028,0.412000,-0.109000,1.135000,6.382000,-54.740000,-0.763000,24.290000
2.041,0.585000,-0.177000,1.044000,2.183000,9.076000,-28.122000,24.390000
2.053,0.587000,-0.392000,0.844000,-2.069000,64.855000,-41.084000,24.390000
2.060,0.447000,-0.505000,0.703000,4.214000,93.771000,-38.183000,24.290000
2.072,0.152000,-0.358000,0.742000,16.626000,81.122000,-23.565000,24.390000
2.079,-0.158000,-0.179000,0.935000,26.153000,25.954000,-2.351000,24.390000
2.091,-0.274000,-0.027000,1.106000,20.443000,-45.466000,20.092000,24.440000
2.098,-0.120000,0.065000,1.238000,10.000000,-105.458000,32.672000,24.340000
2.110,0.226000,0.067000,1.281000,4.718000,-115.504000,35.252000,24.340000
2.123,0.571000,0.093000,1.220000,-4.412000,-74.534000,21.290000,24.340000
2.130,0.752000,0.007000,1.096000,-16.122000,-8.298000,-3.084000,24.440000
2.142,0.698000,-0.193000,0.857000,-22.794000,52.053000,-20.282000,24.340000
2.149,0.481000,-0.333000,0.681000,-17.397000,81.397000,-19.015000,24.440000
2.161,0.201000,-0.341000,0.664000,4.710000,71.260000,-9.038000,24.290000
2.168,-0.056000,-0.199000,0.775000,23.000000,28.069000,7.740000,24.390000
2.180,-0.206000,-0.083000,0.911000,24.954000,-34.069000,26.908000,24.390000
2.193,-0.115000,-0.073000,0.942000,16.412000,-83.519000,36.237000,24.480000
2.201,0.099000,-0.166000,0.916000,13.435000,-96.702000,34.580000,24.390000
2.212,0.307000,-0.205000,0.872000,16.947000,-76.420000,20.809000,24.390000
2.219,0.437000,-0.202000,0.848000,27.389000,-35.282000,2.374000,24.340000
2.231,0.378000,-0.170000,0.833000,25.214000,6.557000,-16.878000,24.250000
2.239,0.237000,-0.157000,0.857000,21.313000,25.038000,-23.046000,24.250000
2.251,0.150000,-0.107000,0.918000,20.107000,25.153000,-20.626000,24.340000
2.262,0.073000,-0.042000,1.015000,21.191000,10.802000,-13.374000,24.340000
2.269,0.002000,0.041000,1.094000,16.084000,-14.420000,-6.420000,24.340000
2.282,0.042000,0.029000,1.107000,8.023000,-35.458000,-0.802000,24.290000
2.289,0.151000,-0.053000,1.038000,3.061000,-38.206000,-3.794000,24.390000
2.301,0.285000,-0.141000,0.957000,7.695000,-19.267000,-15.664000,24.390000
2.308,0.372000,-0.191000,0.885000,15.198000,16.160000,-34.908000,24.390000
2.320,0.397000,-0.236000,0.822000,30.145000,58.878000,-57.198000,24.290000
2.333,0.251000,-0.129000,0.803000,39.382000,79.053000,-66.779000,24.390000
2.340,0.003000,-0.070000,0.908000,36.534000,54.641000,-52.122000,24.290000
2.352,-0.073000,-0.029000,0.953000,31.992000,3.954000,-24.534000,24.340000
2.359,-0.074000,-0.109000,0.806000,-1.389000,-60.771000,6.160000,24.340000
2.371,0.150000,-0.195000,0.739000,-2.046000,-88.015000,28.099000,24.340000
2.377,0.350000,-0.189000,0.732000,14.084000,-74.611000,25.924000,24.340000
2.391,0.383000,-0.149000,0.768000,36.977000,-30.641000,1.794000,24.340000
2.403,0.294000,-0.043000,0.835000,53.626000,14.344000,-30.435000,24.340000
2.409,0.212000,-0.001000,0.834000,63.656000,54.237000,-64.229000,24.440000
2.422,0.096000,0.066000,0.814000,67.191000,72.008000,-84.519000,24.340000
2.428,-0.059000,0.081000,0.818000,60.282000,51.916000,-81.595000,24.340000
2.441,-0.079000,0.050000,0.786000,50.046000,5.252000,-57.695000,24.390000
2.447,0.009000,0.026000,0.753000,44.153000,-36.084000,-30.786000,24.290000
2.460,0.145000,0.007000,0.757000,55.534000,-55.023000,-18.122000,24.390000
2.472,0.269000,0.075000,0.801000,64.626000,-43.389000,-24.183000,24.290000
2.479,0.361000,0.104000,0.873000,73.405000,-5.336000,-48.397000,24.440000
2.493,0.458000,0.130000,0.902000,79.321000,48.458000,-74.267000,24.340000
2.500,0.281000,0.151000,0.911000,77.229000,80.405000,-88.130000,24.340000
2.511,-0.048000,0.136000,1.005000,74.611000,58.847000,-64.771000,24.440000
2.523,-0.310000,0.216000,1.038000,68.160000,-11.275000,-27.053000,24.340000
2.530,-0.303000,0.213000,0.966000,46.374000,-86.389000,0.176000,24.340000
2.543,0.016000,0.224000,0.981000,40.618000,-124.000000,6.771000,24.480000
2.550,0.269000,0.273000,1.013000,48.359000,-117.496000,7.405000,24.390000
2.562,0.390000,0.335000,1.127000,60.779000,-69.733000,-17.214000,24.390000
2.569,0.388000,0.440000,1.211000,64.420000,-7.359000,-56.603000,24.390000
2.581,0.365000,0.489000,1.221000,50.282000,51.031000,-96.649000,24.390000
2.589,0.261000,0.472000,1.151000,37.924000,75.611000,-114.038000,24.390000
2.600,0.087000,0.354000,1.056000,31.550000,54.000000,-97.382000,24.340000
2.612,-0.024000,0.282000,0.885000,10.924000,-4.450000,-65.504000,24.340000
2.619,0.096000,0.145000,0.747000,6.008000,-72.771000,-18.214000,24.340000
2.638,0.376000,0.149000,0.739000,24.870000,-91.794000,5.740000,24.340000
2.642,0.491000,0.227000,0.809000,41.542000,-69.748000,10.603000,24.440000
2.651,0.474000,0.303000,0.895000,42.053000,-26.656000,-0.611000,24.250000
2.660,0.412000,0.281000,0.831000,26.252000,18.840000,-20.718000,24.440000
2.671,0.370000,0.211000,0.650000,15.290000,52.214000,-40.244000,24.390000
2.684,0.292000,0.142000,0.495000,9.824000,64.969000,-50.580000,24.390000
2.690,0.126000,0.099000,0.489000,20.092000,50.481000,-38.275000,24.290000
2.702,-0.050000,0.182000,0.555000,40.985000,6.885000,-12.832000,24.290000
2.709,-0.101000,0.279000,0.686000,57.000000,-39.580000,2.885000,24.290000
2.722,-0.056000,0.396000,0.799000,65.443000,-71.435000,5.786000,24.390000
2.729,0.083000,0.465000,0.863000,58.405000,-82.466000,-0.405000,24.290000
2.741,0.258000,0.467000,0.847000,47.275000,-79.489000,-10.924000,24.340000
2.748,0.422000,0.416000,0.813000,41.511000,-64.802000,-16.542000,24.340000
2.760,0.559000,0.370000,0.791000,40.336000,-38.160000,-19.405000,24.340000
2.773,0.625000,0.353000,0.794000,46.260000,1.183000,-26.298000,24.340000
2.779,0.641000,0.365000,0.850000,56.626000,49.397000,-39.176000,24.340000
2.792,0.470000,0.473000,0.934000,61.565000,77.985000,-43.122000,24.340000
2.799,0.216000,0.540000,0.977000,53.328000,67.695000,-31.145000,24.340000
2.811,0.041000,0.567000,0.973000,32.099000,20.397000,-6.237000,24.390000
2.818,0.012000,0.509000,0.889000,13.145000,-41.122000,23.244000,24.290000
2.831,0.114000,0.386000,0.748000,1.046000,-93.328000,46.366000,24.390000
2.843,0.320000,0.234000,0.579000,4.290000,-112.649000,56.397000,24.390000
2.850,0.558000,0.199000,0.596000,30.618000,-87.458000,49.000000,24.390000
2.862,0.648000,0.322000,0.738000,65.763000,-34.885000,34.397000,24.290000
2.869,0.541000,0.498000,0.908000,77.336000,17.603000,11.053000,24.340000
2.882,0.372000,0.624000,1.002000,69.969000,49.870000,-8.557000,24.250000
2.891,0.230000,0.655000,1.000000,57.405000,57.267000,-20.634000,24.340000
2.901,0.118000,0.607000,0.937000,41.824000,39.954000,-19.603000,24.340000
2.909,0.109000,0.528000,0.849000,26.611000,8.779000,-10.412000,24.340000
2.921,0.236000,0.453000,0.797000,21.679000,-20.244000,2.710000,24.250000
2.934,0.443000,0.394000,0.800000,26.618000,-24.870000,12.344000,24.340000
2.940,0.613000,0.453000,0.903000,42.115000,-3.908000,15.466000,24.340000
2.954,0.675000,0.540000,0.979000,50.908000,33.916000,10.656000,24.340000
2.959,0.524000,0.616000,1.023000,40.130000,65.069000,10.061000,24.390000
2.972,0.312000,0.606000,0.985000,26.183000,65.771000,17.260000,24.290000
2.979,0.166000,0.549000,0.889000,14.107000,36.893000,27.603000,24.390000
2.992,0.090000,0.456000,0.833000,8.344000,-4.389000,44.389000,24.390000
3.000,0.118000,0.445000,0.838000,15.641000,-41.824000,57.863000,24.250000
3.011,0.215000,0.517000,0.916000,24.809000,-58.954000,55.366000,24.440000
3.018,0.418000,0.508000,0.951000,23.023000,-42.481000,38.931000,24.340000
3.030,0.545000,0.464000,0.865000,12.595000,-3.847000,19.573000,24.340000
3.043,0.581000,0.373000,0.766000,7.542000,36.435000,3.611000,24.340000
3.050,0.488000,0.290000,0.686000,14.252000,65.145000,-8.756000,24.440000
3.062,0.321000,0.409000,0.696000,30.550000,67.153000,-7.305000,24.340000
3.069,0.063000,0.468000,0.787000,40.672000,26.771000,6.099000,24.390000
3.082,-0.053000,0.556000,0.880000,42.298000,-27.107000,21.893000,24.290000
3.089,0.061000,0.604000,0.922000,33.015000,-71.321000,32.534000,24.290000
3.101,0.229000,0.579000,0.867000,21.908000,-91.504000,36.458000,24.390000
3.109,0.432000,0.561000,0.859000,15.893000,-81.115000,33.344000,24.290000
3.121,0.557000,0.536000,0.815000,15.305000,-53.550000,22.656000,24.390000
3.134,0.611000,0.467000,0.811000,27.695000,-13.649000,10.313000,24.340000
3.140,0.577000,0.524000,0.824000,42.115000,26.427000,-4.107000,24.340000
3.152,0.527000,0.580000,0.889000,50.023000,60.122000,-14.290000,24.340000
3.159,0.357000,0.663000,0.952000,48.489000,70.214000,-14.710000,24.440000
3.172,0.264000,0.699000,0.939000,31.725000,67.580000,-8.550000,24.340000
3.179,0.198000,0.579000,0.807000,7.206000,53.527000,0.099000,24.440000
3.192,0.210000,0.484000,0.682000,3.527000,37.115000,3.489000,24.440000
3.199,0.263000,0.415000,0.604000,9.053000,24.176000,1.527000,24.390000
3.211,0.304000,0.392000,0.596000,26.206000,14.802000,3.664000,24.390000
3.218,0.290000,0.482000,0.671000,43.603000,2.275000,8.832000,24.390000
3.231,0.308000,0.569000,0.771000,46.634000,-7.351000,11.733000,24.290000
3.239,0.384000,0.604000,0.774000,35.985000,-2.389000,12.771000,24.290000
3.251,0.455000,0.570000,0.746000,25.824000,12.183000,12.466000,24.290000
3.263,0.514000,0.546000,0.692000,23.863000,32.000000,10.901000,24.340000
3.270,0.407000,0.517000,0.711000,28.397000,41.573000,13.656000,24.440000
3.282,0.200000,0.590000,0.798000,36.069000,30.351000,22.214000,24.440000
3.290,0.003000,0.708000,0.904000,38.466000,-3.000000,29.603000,24.340000
3.302,-0.045000,0.793000,0.999000,28.718000,-45.557000,32.198000,24.440000
3.309,0.023000,0.744000,0.924000,5.969000,-77.817000,31.656000,24.440000
3.321,0.169000,0.609000,0.849000,-5.374000,-95.069000,31.214000,24.290000
3.328,0.393000,0.596000,0.762000,-8.710000,-87.435000,24.679000,24.390000
3.341,0.507000,0.503000,0.668000,-12.756000,-63.885000,13.748000,24.390000
3.353,0.594000,0.438000,0.624000,0.412000,-35.412000,3.947000,24.390000
3.360,0.600000,0.469000,0.623000,18.389000,-13.695000,-3.458000,24.290000
3.372,0.555000,0.490000,0.675000,31.237000,-0.183000,-5.115000,24.390000
3.379,0.521000,0.561000,0.739000,37.481000,8.756000,2.290000,24.290000
3.393,0.535000,0.664000,0.714000,23.321000,20.618000,12.023000,24.440000
3.401,0.413000,0.537000,0.639000,14.511000,18.351000,19.557000,24.440000
3.411,0.312000,0.528000,0.593000,19.221000,9.664000,22.366000,24.440000
3.418,0.296000,0.543000,0.568000,20.389000,-1.687000,20.557000,24.340000
3.431,0.337000,0.568000,0.673000,26.763000,-12.580000,22.366000,24.340000
3.439,0.430000,0.658000,0.740000,24.160000,-10.786000,26.931000,24.440000
3.451,0.515000,0.653000,0.779000,18.176000,4.580000,28.298000,24.440000
3.463,0.590000,0.650000,0.728000,12.885000,28.580000,30.427000,24.340000
3.470,0.563000,0.627000,0.590000,2.649000,50.099000,28.702000,24.340000
3.484,0.381000,0.486000,0.500000,0.008000,50.366000,27.107000,24.290000
3.490,0.228000,0.435000,0.504000,13.267000,32.412000,31.534000,24.290000
3.502,0.172000,0.487000,0.579000,27.053000,5.962000,36.580000,24.290000
3.509,0.241000,0.613000,0.670000,35.611000,-12.145000,37.420000,24.290000
3.522,0.327000,0.645000,0.680000,30.252000,-10.061000,34.412000,24.340000
3.528,0.386000,0.605000,0.657000,26.290000,-0.229000,22.840000,24.440000
3.541,0.422000,0.616000,0.585000,20.550000,16.328000,15.756000,24.340000
3.550,0.307000,0.487000,0.560000,28.038000,18.534000,9.267000,24.250000
3.561,0.192000,0.530000,0.663000,44.389000,7.031000,14.809000,24.440000
3.573,0.099000,0.646000,0.824000,50.977000,-17.542000,21.061000,24.340000
3.580,0.085000,0.760000,0.983000,47.092000,-38.832000,22.107000,24.340000
3.592,0.221000,0.854000,1.029000,25.244000,-47.527000,19.992000,24.390000
3.600,0.361000,0.753000,0.976000,2.359000,-40.252000,10.313000,24.390000
3.612,0.513000,0.707000,0.887000,-10.115000,-17.702000,1.687000,24.390000
3.619,0.566000,0.615000,0.759000,-13.519000,7.267000,-0.015000,24.290000
3.631,0.503000,0.564000,0.738000,-5.664000,24.473000,-0.779000,24.390000
3.640,0.382000,0.596000,0.715000,-3.954000,30.557000,0.985000,24.390000
3.651,0.277000,0.590000,0.748000,-4.344000,22.359000,1.740000,24.390000
3.659,0.288000,0.686000,0.749000,-8.939000,12.985000,1.832000,24.340000
3.671,0.339000,0.634000,0.628000,-25.710000,4.656000,1.496000,24.440000
3.685,0.382000,0.447000,0.550000,-20.817000,2.290000,0.450000,24.340000
3.692,0.408000,0.441000,0.548000,-5.290000,-0.840000,-0.221000,24.440000
3.703,0.385000,0.483000,0.631000,7.710000,-5.099000,2.298000,24.440000
3.710,0.377000,0.600000,0.795000,12.008000,-10.389000,8.427000,24.340000
3.722,0.359000,0.678000,0.918000,10.153000,-10.969000,10.908000,24.390000
3.729,0.391000,0.762000,0.964000,-1.000000,-2.664000,8.481000,24.290000
3.742,0.402000,0.775000,0.927000,-22.351000,10.634000,5.786000,24.290000
3.750,0.378000,0.673000,0.789000,-35.023000,19.977000,0.595000,24.390000
3.761,0.347000,0.547000,0.657000,-37.809000,21.229000,-3.412000,24.290000
3.768,0.321000,0.463000,0.595000,-30.840000,15.130000,-4.382000,24.290000
3.781,0.329000,0.447000,0.601000,-17.634000,5.458000,-2.191000,24.250000
3.793,0.359000,0.548000,0.649000,-9.824000,0.107000,1.145000,24.440000
3.800,0.383000,0.573000,0.647000,-14.023000,-0.740000,2.412000,24.340000
3.812,0.406000,0.496000,0.637000,-10.008000,3.573000,-2.084000,24.440000
3.820,0.418000,0.500000,0.666000,-1.298000,7.183000,-6.794000,24.340000
3.832,0.397000,0.521000,0.724000,4.573000,9.634000,-6.405000,24.340000
3.840,0.366000,0.568000,0.786000,5.061000,8.252000,-3.527000,24.340000
3.853,0.360000,0.624000,0.829000,0.710000,5.588000,-2.252000,24.390000
3.860,0.377000,0.619000,0.765000,-8.641000,5.802000,-3.794000,24.290000
3.872,0.398000,0.514000,0.685000,-9.176000,8.466000,-6.847000,24.390000
3.879,0.409000,0.494000,0.658000,-3.733000,12.672000,-8.458000,24.290000
3.892,0.390000,0.493000,0.643000,2.672000,12.824000,-8.893000,24.390000
3.900,0.346000,0.520000,0.679000,7.069000,8.099000,-6.840000,24.390000
3.911,0.308000,0.569000,0.719000,6.863000,0.053000,-3.679000,24.390000
3.918,0.306000,0.572000,0.752000,6.656000,-6.832000,-2.252000,24.340000
3.931,0.339000,0.609000,0.780000,3.374000,-7.237000,-2.321000,24.340000
3.940,0.389000,0.631000,0.762000,-4.015000,-1.115000,-3.252000,24.340000
3.951,0.410000,0.565000,0.684000,-8.183000,7.466000,-4.931000,24.440000
3.963,0.407000,0.504000,0.649000,-2.412000,14.092000,-6.481000,24.340000
3.970,0.399000,0.518000,0.667000,4.969000,17.969000,-6.038000,24.340000
3.983,0.349000,0.574000,0.709000,5.344000,19.237000,-4.084000,24.340000
3.991,0.329000,0.619000,0.772000,1.328000,15.618000,-1.122000,24.440000
4.003,0.299000,0.615000,0.762000,-4.183000,10.397000,0.275000,24.340000
4.010,0.273000,0.572000,0.729000,-5.687000,4.756000,-1.412000,24.290000
4.022,0.309000,0.574000,0.729000,-3.649000,-0.137000,-5.359000,24.390000
4.029,0.352000,0.571000,0.688000,-6.504000,0.405000,-5.832000,24.390000
4.042,0.364000,0.522000,0.681000,-3.481000,0.771000,-4.359000,24.290000
4.051,0.347000,0.533000,0.695000,0.802000,0.809000,-2.962000,24.390000
4.061,0.321000,0.559000,0.741000,2.695000,-1.458000,-2.916000,24.340000
4.068,0.307000,0.589000,0.786000,2.649000,-4.168000,-2.763000,24.340000
4.081,0.337000,0.629000,0.797000,-1.519000,-3.977000,-2.649000,24.340000
4.088,0.378000,0.596000,0.770000,-9.099000,1.115000,-2.702000,24.340000
4.101,0.393000,0.551000,0.723000,-7.237000,7.397000,-1.885000,24.340000
4.113,0.370000,0.566000,0.730000,-6.046000,12.214000,-4.466000,24.440000
4.120,0.344000,0.568000,0.744000,-5.588000,11.565000,-6.084000,24.390000
4.134,0.308000,0.581000,0.769000,-6.359000,8.794000,-4.534000,24.390000
4.141,0.292000,0.599000,0.781000,-9.046000,1.267000,-1.878000,24.390000
4.153,0.285000,0.592000,0.792000,-10.962000,-3.893000,-0.290000,24.290000
4.159,0.259000,0.597000,0.798000,-13.344000,-8.374000,-1.542000,24.390000
4.184,0.257000,0.598000,0.802000,-12.634000,-9.008000,-3.237000,24.390000
4.184,0.255000,0.640000,0.816000,-14.832000,-12.939000,-4.992000,24.340000
