time_sec,ax,ay,az,gx,gy,gz,temp_c
0.012,-0.462000,0.943000,0.248000,0.107000,59.473000,-75.626000,28.810000
0.018,-0.457000,0.922000,0.214000,-2.611000,55.740000,-79.603000,28.910000
0.030,-0.479000,0.922000,0.212000,-0.053000,51.779000,-83.885000,28.860000
0.037,-0.481000,0.934000,0.229000,7.076000,47.641000,-86.718000,28.860000
0.051,-0.487000,0.951000,0.243000,13.511000,49.450000,-89.313000,28.810000
0.057,-0.523000,1.008000,0.265000,17.885000,50.947000,-91.130000,28.910000
0.068,-0.557000,1.010000,0.297000,16.443000,53.809000,-96.443000,28.860000
0.082,-0.581000,1.025000,0.282000,8.779000,53.740000,-105.878000,28.860000
0.089,-0.593000,0.961000,0.243000,-2.519000,57.718000,-115.519000,28.860000
0.100,-0.588000,0.938000,0.192000,-7.511000,58.282000,-120.565000,28.810000
0.106,-0.544000,0.875000,0.158000,-7.389000,60.099000,-121.244000,28.860000
0.118,-0.516000,0.898000,0.168000,-4.687000,69.557000,-116.870000,28.950000
0.130,-0.540000,0.891000,0.218000,-5.481000,77.282000,-110.527000,28.860000
0.137,-0.629000,0.912000,0.242000,-7.626000,84.656000,-102.511000,28.910000
0.149,-0.749000,0.939000,0.272000,-11.275000,87.305000,-95.542000,28.810000
0.161,-0.871000,0.981000,0.248000,-24.878000,88.626000,-102.687000,28.860000
0.168,-0.961000,0.949000,0.206000,-30.244000,80.618000,-103.351000,28.860000
0.180,-1.002000,0.869000,0.122000,-33.786000,68.031000,-114.244000,28.810000
0.187,-0.971000,0.809000,0.055000,-30.130000,59.092000,-127.244000,28.810000
0.199,-0.877000,0.757000,0.026000,-17.863000,49.382000,-138.863000,28.860000
0.211,-0.770000,0.721000,0.048000,-4.153000,44.458000,-147.611000,28.860000
0.217,-0.680000,0.778000,0.124000,4.802000,49.282000,-144.641000,28.860000
0.230,-0.706000,0.859000,0.213000,7.344000,53.542000,-132.641000,28.810000
0.239,-0.812000,0.922000,0.264000,-2.542000,52.588000,-124.176000,28.910000
0.249,-0.899000,0.908000,0.308000,-6.481000,44.252000,-122.588000,28.860000
0.260,-0.968000,0.901000,0.302000,-10.107000,30.511000,-126.679000,28.770000
0.267,-0.959000,0.826000,0.259000,-13.580000,16.679000,-137.443000,28.860000
0.280,-0.870000,0.740000,0.196000,-11.679000,6.397000,-146.656000,28.810000
0.286,-0.777000,0.710000,0.179000,-8.115000,2.863000,-152.847000,28.860000
0.298,-0.691000,0.667000,0.171000,-0.481000,4.031000,-151.786000,28.860000
0.311,-0.702000,0.680000,0.179000,3.122000,4.153000,-143.305000,28.810000
0.317,-0.731000,0.689000,0.196000,1.565000,3.053000,-133.176000,28.910000
0.330,-0.784000,0.705000,0.199000,-0.435000,-1.870000,-124.145000,28.810000
0.336,-0.817000,0.659000,0.182000,-2.420000,-7.855000,-118.595000,28.860000
0.348,-0.801000,0.603000,0.156000,-0.382000,-11.511000,-116.893000,28.860000
0.360,-0.767000,0.593000,0.156000,3.031000,-11.427000,-114.008000,28.910000
0.367,-0.785000,0.588000,0.152000,3.969000,-7.626000,-105.443000,28.910000
0.380,-0.850000,0.568000,0.147000,3.351000,-8.069000,-98.603000,28.770000
0.388,-0.884000,0.563000,0.155000,1.015000,-9.260000,-98.130000,28.950000
0.398,-0.889000,0.583000,0.144000,-3.290000,-9.763000,-96.550000,28.910000
0.411,-0.887000,0.521000,0.124000,-6.916000,-11.206000,-97.779000,28.810000
0.417,-0.835000,0.488000,0.116000,-12.618000,-9.527000,-101.908000,28.950000
0.430,-0.746000,0.421000,0.084000,-12.595000,-9.290000,-108.389000,28.860000
0.441,-0.624000,0.375000,0.092000,-6.420000,-1.481000,-111.298000,28.770000
0.449,-0.618000,0.319000,0.107000,-4.947000,6.916000,-104.099000,28.810000
0.460,-0.679000,0.317000,0.127000,-6.962000,14.878000,-98.733000,28.810000
0.467,-0.776000,0.289000,0.154000,-13.435000,17.947000,-90.084000,28.860000
0.480,-0.907000,0.284000,0.149000,-21.344000,21.649000,-89.015000,28.860000
0.491,-1.015000,0.292000,0.140000,-30.840000,12.015000,-95.237000,28.910000
0.499,-1.062000,0.249000,0.095000,-32.718000,-1.450000,-107.023000,28.910000
0.510,-0.994000,0.236000,0.060000,-25.351000,-10.221000,-120.656000,28.860000
0.516,-0.864000,0.226000,0.057000,-21.504000,-18.672000,-128.534000,28.860000
0.528,-0.698000,0.266000,0.090000,-12.534000,-14.389000,-125.038000,28.910000
0.541,-0.654000,0.292000,0.095000,-9.771000,-5.405000,-110.679000,28.910000
0.547,-0.621000,0.313000,0.135000,-13.336000,15.198000,-94.695000,28.860000
0.559,-0.780000,0.327000,0.159000,-21.466000,27.817000,-75.344000,28.770000
0.571,-0.949000,0.255000,0.100000,-32.534000,28.863000,-63.267000,28.910000
0.578,-1.051000,0.194000,0.010000,-37.985000,21.466000,-63.641000,28.810000
0.591,-1.070000,0.117000,-0.063000,-37.557000,11.351000,-72.092000,28.810000
0.597,-0.983000,0.040000,-0.132000,-28.435000,3.336000,-79.939000,28.860000
0.609,-0.885000,0.021000,-0.129000,-14.878000,0.420000,-75.298000,28.950000
0.621,-0.870000,0.034000,-0.093000,-3.420000,0.221000,-63.389000,28.860000
0.628,-0.888000,0.085000,-0.038000,1.450000,2.565000,-53.695000,28.910000
0.640,-0.934000,0.133000,0.004000,0.412000,5.053000,-44.069000,28.860000
0.647,-0.943000,0.111000,0.013000,-2.771000,9.137000,-40.794000,28.860000
0.659,-0.964000,0.063000,-0.020000,-6.107000,13.481000,-41.534000,28.910000
0.671,-1.003000,-0.006000,-0.064000,-6.313000,12.756000,-41.298000,28.910000
0.678,-1.004000,-0.045000,-0.083000,3.153000,10.496000,-42.183000,28.770000
0.690,-1.019000,-0.043000,-0.058000,13.099000,11.092000,-39.344000,28.860000
0.697,-1.082000,-0.041000,-0.034000,19.618000,7.183000,-37.733000,28.770000
0.709,-1.092000,-0.029000,-0.003000,25.053000,5.153000,-44.198000,28.910000
0.721,-1.027000,0.002000,0.021000,25.069000,6.794000,-52.389000,28.810000
0.728,-0.929000,-0.032000,0.011000,26.260000,9.771000,-60.908000,28.950000
0.740,-0.786000,-0.005000,-0.035000,28.198000,25.901000,-58.427000,28.860000
0.747,-0.793000,0.000000,-0.094000,26.840000,38.458000,-41.267000,28.910000
0.759,-0.958000,-0.063000,-0.166000,35.817000,40.115000,-28.328000,28.910000
0.771,-1.126000,-0.050000,-0.174000,47.336000,31.794000,-14.878000,28.860000
0.779,-1.319000,-0.096000,-0.165000,61.702000,9.748000,-10.099000,28.860000
0.790,-1.351000,-0.140000,-0.142000,78.916000,-12.275000,-16.656000,28.860000
0.801,-1.271000,-0.108000,-0.112000,86.527000,-24.198000,-27.832000,28.910000
0.808,-1.134000,-0.072000,-0.065000,84.969000,-29.504000,-44.718000,28.860000
0.820,-0.883000,-0.047000,-0.021000,82.863000,-23.008000,-51.573000,28.860000
0.829,-0.754000,-0.018000,0.040000,78.824000,-10.931000,-41.573000,28.810000
0.840,-0.786000,0.005000,0.115000,72.107000,-3.267000,-28.183000,28.810000
0.851,-0.879000,0.019000,0.190000,61.305000,-1.748000,-16.718000,28.860000
0.858,-0.983000,0.031000,0.251000,51.130000,-4.870000,-8.794000,28.860000
0.870,-1.009000,-0.026000,0.244000,35.908000,-8.916000,-15.817000,28.860000
0.878,-0.885000,-0.096000,0.201000,27.695000,-8.176000,-27.527000,28.910000
0.889,-0.798000,-0.142000,0.146000,26.847000,-2.427000,-34.053000,28.810000
0.901,-0.777000,-0.194000,0.106000,27.374000,4.282000,-39.122000,28.860000
0.908,-0.778000,-0.197000,0.103000,30.733000,9.405000,-36.382000,28.860000
0.920,-0.867000,-0.148000,0.154000,33.076000,10.786000,-25.901000,28.810000
0.928,-1.003000,-0.159000,0.200000,36.511000,3.061000,-18.305000,28.910000
0.939,-1.026000,-0.118000,0.287000,29.962000,-6.771000,-23.137000,28.860000
0.951,-0.940000,-0.069000,0.327000,26.389000,-8.649000,-29.038000,28.860000
0.957,-0.852000,-0.069000,0.294000,19.771000,0.824000,-33.282000,28.770000
0.970,-0.822000,-0.085000,0.222000,13.656000,12.069000,-30.099000,28.910000
0.978,-0.902000,-0.157000,0.168000,13.672000,17.443000,-26.290000,28.860000
0.989,-1.010000,-0.173000,0.135000,17.534000,17.008000,-26.504000,28.860000
1.001,-1.078000,-0.161000,0.158000,20.458000,9.977000,-24.420000,28.810000
1.008,-1.061000,-0.160000,0.164000,21.565000,1.634000,-27.168000,28.910000
1.019,-0.953000,-0.113000,0.182000,19.802000,-1.863000,-30.374000,28.810000
1.028,-0.883000,-0.113000,0.166000,17.267000,-0.695000,-31.794000,28.860000
1.040,-0.851000,-0.102000,0.136000,15.603000,4.527000,-29.511000,28.950000
1.051,-0.905000,-0.062000,0.089000,7.893000,9.557000,-30.099000,28.810000
1.058,-0.986000,-0.092000,0.036000,3.298000,6.344000,-32.679000,28.910000
1.070,-1.038000,-0.083000,0.046000,4.580000,0.962000,-23.885000,28.860000
1.080,-1.077000,-0.087000,0.087000,9.534000,-9.382000,-18.244000,28.860000
1.089,-1.061000,-0.118000,0.130000,11.641000,-15.290000,-16.405000,28.910000
1.101,-1.025000,-0.089000,0.174000,9.855000,-18.863000,-15.168000,28.810000
1.107,-0.977000,-0.131000,0.151000,2.687000,-20.824000,-20.824000,28.860000
1.120,-0.826000,-0.149000,0.090000,-1.282000,-14.573000,-23.229000,28.860000
1.129,-0.732000,-0.207000,-0.005000,1.702000,-5.443000,-20.214000,28.860000
1.140,-0.730000,-0.278000,-0.029000,10.145000,5.435000,-16.397000,28.910000
1.151,-0.777000,-0.312000,0.023000,20.885000,11.802000,-14.565000,28.910000
1.157,-0.842000,-0.201000,0.125000,26.130000,13.725000,-10.550000,28.860000
1.169,-0.923000,-0.170000,0.202000,20.893000,11.511000,-4.344000,28.770000
1.180,-0.990000,-0.142000,0.210000,12.679000,8.756000,-3.015000,28.810000
1.190,-1.048000,-0.175000,0.189000,7.489000,1.107000,-3.634000,28.810000
1.201,-1.061000,-0.183000,0.135000,0.824000,-4.084000,-11.710000,28.860000
1.208,-0.941000,-0.254000,0.062000,-5.756000,0.611000,-21.298000,28.770000
1.220,-0.840000,-0.344000,0.024000,-1.954000,9.748000,-24.756000,28.810000
1.229,-0.819000,-0.374000,0.035000,7.282000,19.374000,-27.008000,28.910000
1.240,-0.856000,-0.299000,0.105000,15.962000,23.527000,-23.244000,28.770000
1.251,-0.987000,-0.252000,0.195000,19.740000,17.435000,-18.412000,28.770000
1.257,-1.053000,-0.184000,0.241000,11.611000,10.641000,-18.985000,28.860000
1.270,-1.110000,-0.168000,0.232000,-0.351000,0.992000,-17.435000,28.910000
1.279,-1.074000,-0.250000,0.153000,-9.908000,-2.252000,-28.435000,28.810000
1.289,-0.948000,-0.317000,0.084000,-12.672000,4.473000,-40.046000,28.860000
1.300,-0.860000,-0.401000,-0.001000,-7.137000,11.252000,-49.344000,28.860000
1.307,-0.821000,-0.455000,0.004000,2.649000,13.458000,-54.733000,28.860000
1.320,-0.791000,-0.364000,0.065000,13.519000,16.947000,-48.290000,28.910000
1.329,-0.866000,-0.275000,0.155000,14.321000,12.939000,-35.214000,28.860000
1.339,-0.990000,-0.194000,0.212000,10.221000,5.809000,-19.901000,28.860000
1.351,-1.092000,-0.209000,0.180000,-0.985000,-2.229000,-15.252000,28.910000
1.357,-1.156000,-0.278000,0.145000,-9.603000,-9.634000,-15.084000,28.810000
1.369,-1.104000,-0.332000,0.107000,-11.305000,-11.481000,-23.939000,28.810000
1.382,-1.015000,-0.383000,0.058000,-4.611000,-10.702000,-36.519000,28.860000
1.389,-0.915000,-0.384000,0.075000,5.756000,-4.412000,-43.519000,28.860000
1.400,-0.896000,-0.366000,0.112000,14.611000,-2.855000,-46.221000,28.810000
1.407,-0.847000,-0.291000,0.165000,17.947000,-0.786000,-41.924000,28.910000
1.419,-0.893000,-0.265000,0.196000,15.672000,0.031000,-33.878000,28.860000
1.431,-0.946000,-0.260000,0.194000,10.351000,-0.481000,-28.252000,28.860000
1.439,-1.000000,-0.255000,0.160000,2.282000,-5.473000,-22.939000,28.810000
1.450,-0.975000,-0.363000,0.114000,0.382000,-5.389000,-27.794000,28.910000
1.457,-0.875000,-0.406000,0.068000,2.458000,-3.344000,-35.290000,28.860000
1.469,-0.829000,-0.411000,0.056000,8.046000,0.611000,-34.969000,28.860000
1.481,-0.820000,-0.450000,0.076000,17.191000,0.252000,-34.412000,28.860000
1.489,-0.815000,-0.388000,0.113000,20.649000,2.198000,-27.420000,28.810000
1.501,-0.875000,-0.381000,0.138000,20.702000,4.748000,-23.183000,28.810000
1.507,-0.909000,-0.355000,0.139000,19.573000,12.237000,-24.756000,28.860000
1.519,-0.989000,-0.354000,0.120000,14.527000,17.076000,-27.336000,28.860000
1.531,-1.029000,-0.412000,0.070000,15.748000,15.115000,-39.290000,28.910000
1.538,-0.947000,-0.426000,0.051000,17.985000,16.824000,-51.489000,28.910000
1.550,-0.889000,-0.445000,0.019000,24.168000,17.511000,-56.779000,28.860000
1.557,-0.807000,-0.442000,0.003000,28.672000,25.328000,-63.534000,28.950000
1.569,-0.734000,-0.423000,0.008000,30.336000,36.321000,-65.847000,28.810000
1.581,-0.705000,-0.437000,0.021000,30.305000,48.023000,-62.641000,28.810000
1.589,-0.716000,-0.417000,0.024000,30.870000,53.924000,-54.695000,28.860000
1.600,-0.774000,-0.432000,0.036000,29.275000,45.344000,-47.855000,28.860000
1.606,-0.784000,-0.429000,0.046000,28.076000,31.206000,-44.634000,28.860000
1.619,-0.721000,-0.411000,0.072000,28.618000,21.023000,-37.603000,28.810000
1.631,-0.731000,-0.421000,0.086000,28.145000,15.321000,-29.626000,28.810000
1.639,-0.753000,-0.414000,0.097000,28.573000,12.740000,-24.840000,28.860000
1.650,-0.806000,-0.424000,0.088000,27.282000,12.771000,-22.611000,28.860000
1.656,-0.844000,-0.425000,0.071000,24.015000,15.031000,-21.313000,28.950000
1.668,-0.851000,-0.439000,0.055000,20.672000,20.664000,-20.321000,28.910000
1.680,-0.878000,-0.442000,0.055000,17.802000,23.611000,-17.702000,28.860000
1.689,-0.957000,-0.452000,0.080000,15.473000,21.931000,-18.046000,28.860000
1.699,-1.026000,-0.430000,0.087000,14.779000,17.443000,-21.427000,28.810000
1.705,-1.062000,-0.493000,0.058000,13.382000,10.916000,-25.260000,28.810000
1.718,-1.024000,-0.499000,0.058000,17.046000,8.107000,-34.015000,28.810000
1.730,-0.970000,-0.550000,0.052000,23.588000,9.015000,-40.168000,28.860000
1.740,-0.917000,-0.559000,0.062000,27.740000,11.786000,-45.924000,28.770000
1.750,-0.906000,-0.534000,0.106000,30.023000,9.901000,-46.565000,28.910000
1.755,-0.886000,-0.497000,0.175000,22.351000,11.382000,-46.099000,28.910000
1.768,-0.898000,-0.474000,0.194000,11.809000,12.779000,-41.313000,28.860000
1.780,-0.926000,-0.517000,0.164000,0.351000,13.626000,-41.580000,28.860000
1.789,-0.902000,-0.589000,0.080000,-5.115000,14.504000,-44.183000,28.810000
1.800,-0.857000,-0.622000,0.013000,-0.687000,15.427000,-44.947000,28.810000
1.811,-0.839000,-0.640000,-0.003000,7.824000,15.344000,-47.176000,28.860000
1.818,-0.856000,-0.595000,0.013000,15.992000,13.916000,-47.542000,28.860000
1.830,-0.960000,-0.571000,0.058000,21.641000,7.153000,-52.466000,28.860000
1.838,-0.950000,-0.529000,0.101000,23.084000,0.069000,-58.229000,28.810000
1.850,-0.897000,-0.508000,0.105000,22.878000,-4.351000,-62.168000,28.810000
1.861,-0.819000,-0.532000,0.109000,24.679000,-4.985000,-68.771000,28.860000
1.868,-0.720000,-0.549000,0.095000,27.901000,-0.183000,-75.664000,28.950000
1.880,-0.658000,-0.531000,0.114000,33.870000,6.191000,-78.603000,28.810000
1.889,-0.601000,-0.525000,0.093000,38.359000,9.557000,-79.260000,28.910000
1.899,-0.581000,-0.486000,0.132000,34.817000,12.885000,-76.542000,28.860000
1.912,-0.578000,-0.521000,0.150000,32.374000,9.802000,-68.534000,28.950000
1.918,-0.594000,-0.528000,0.169000,27.985000,2.977000,-59.466000,28.860000
1.930,-0.625000,-0.564000,0.150000,23.137000,-1.962000,-49.206000,28.810000
1.937,-0.679000,-0.622000,0.088000,17.718000,-8.206000,-44.794000,28.910000
1.950,-0.650000,-0.641000,0.037000,17.511000,-12.435000,-47.817000,28.860000
1.961,-0.546000,-0.670000,0.008000,24.931000,-7.084000,-46.641000,28.770000
1.968,-0.511000,-0.675000,0.026000,30.183000,0.634000,-44.397000,29.000000
1.980,-0.545000,-0.683000,0.079000,34.328000,1.206000,-35.779000,28.910000
1.989,-0.559000,-0.601000,0.176000,31.176000,2.969000,-20.313000,28.860000
1.999,-0.625000,-0.623000,0.233000,23.435000,1.511000,-12.214000,28.860000
2.011,-0.658000,-0.605000,0.192000,11.237000,3.092000,-13.504000,28.860000
2.018,-0.671000,-0.687000,0.107000,6.405000,7.550000,-20.191000,28.810000
2.030,-0.627000,-0.708000,0.064000,6.748000,17.687000,-26.901000,28.860000
2.037,-0.679000,-0.739000,0.053000,9.008000,21.260000,-30.107000,28.770000
2.049,-0.680000,-0.703000,0.085000,13.870000,19.191000,-29.115000,28.860000
2.061,-0.681000,-0.674000,0.133000,11.939000,14.718000,-24.160000,28.810000
2.068,-0.617000,-0.652000,0.167000,8.748000,13.840000,-18.206000,28.910000
2.080,-0.599000,-0.678000,0.164000,3.076000,17.809000,-12.443000,28.860000
2.089,-0.605000,-0.702000,0.115000,0.076000,25.214000,-8.771000,28.950000
2.100,-0.579000,-0.771000,0.059000,-0.458000,33.496000,-13.053000,28.910000
2.111,-0.544000,-0.758000,0.050000,1.725000,37.985000,-15.473000,28.810000
2.118,-0.579000,-0.712000,0.110000,7.763000,27.489000,-12.221000,28.860000
2.131,-0.595000,-0.601000,0.250000,14.519000,0.740000,1.809000,28.950000
2.137,-0.659000,-0.605000,0.359000,16.939000,-24.275000,15.634000,28.860000
2.149,-0.609000,-0.564000,0.408000,16.985000,-38.725000,31.115000,29.000000
2.155,-0.552000,-0.572000,0.393000,12.061000,-39.191000,43.878000,28.810000
2.168,-0.544000,-0.618000,0.283000,6.809000,-24.580000,45.588000,28.950000
2.181,-0.678000,-0.665000,0.232000,-9.427000,-3.321000,43.634000,28.860000
2.189,-0.840000,-0.749000,0.127000,-15.397000,-4.824000,28.947000,28.860000
2.199,-0.819000,-0.794000,0.064000,-12.588000,-20.000000,19.389000,28.810000
2.212,-0.699000,-0.771000,0.030000,-11.046000,-23.908000,19.550000,28.860000
2.218,-0.647000,-0.775000,-0.012000,-13.496000,-13.481000,23.290000,28.770000
2.230,-0.691000,-0.765000,-0.083000,-15.359000,6.710000,25.794000,28.720000
2.238,-0.875000,-0.784000,-0.151000,-18.145000,21.870000,23.771000,28.810000
2.249,-0.996000,-0.780000,-0.180000,-10.550000,18.733000,12.328000,28.910000
2.261,-1.067000,-0.774000,-0.149000,1.305000,2.565000,2.420000,28.860000
2.267,-0.969000,-0.736000,-0.079000,12.076000,-13.160000,-9.076000,28.860000
2.280,-0.831000,-0.685000,0.007000,15.489000,-17.198000,-12.748000,28.910000
2.289,-0.733000,-0.676000,0.079000,19.618000,-15.435000,-14.481000,28.910000
2.299,-0.669000,-0.704000,0.121000,22.443000,-9.046000,-12.695000,28.950000
2.310,-0.681000,-0.668000,0.165000,16.511000,-0.771000,-12.962000,28.860000
2.317,-0.743000,-0.674000,0.200000,15.802000,-5.969000,-16.557000,28.810000
2.331,-0.749000,-0.661000,0.259000,16.366000,-17.832000,-25.496000,28.910000
2.341,-0.688000,-0.648000,0.299000,14.397000,-27.847000,-28.771000,28.910000
2.348,-0.637000,-0.688000,0.320000,16.214000,-34.336000,-22.053000,28.860000
2.360,-0.626000,-0.699000,0.329000,19.809000,-41.885000,-9.756000,28.860000
2.367,-0.659000,-0.671000,0.350000,21.389000,-60.031000,9.130000,28.810000
2.380,-0.707000,-0.672000,0.353000,21.344000,-77.305000,23.130000,28.910000
2.391,-0.645000,-0.678000,0.328000,16.985000,-83.908000,28.321000,28.950000
2.398,-0.550000,-0.677000,0.271000,10.740000,-68.649000,30.573000,28.860000
2.410,-0.545000,-0.684000,0.196000,3.122000,-46.420000,28.176000,28.910000
2.416,-0.586000,-0.721000,0.124000,3.504000,-33.588000,26.328000,28.910000
2.431,-0.631000,-0.743000,0.096000,8.710000,-28.466000,31.092000,28.950000
2.441,-0.672000,-0.736000,0.098000,13.344000,-33.191000,37.702000,28.860000
2.447,-0.654000,-0.695000,0.114000,15.611000,-37.168000,46.160000,28.810000
2.460,-0.621000,-0.671000,0.148000,16.107000,-39.092000,54.885000,28.810000
2.466,-0.610000,-0.620000,0.199000,18.168000,-39.221000,61.565000,28.860000
2.480,-0.609000,-0.622000,0.226000,17.282000,-41.519000,64.267000,28.860000
2.491,-0.565000,-0.588000,0.233000,17.550000,-41.756000,62.847000,28.950000
2.497,-0.497000,-0.562000,0.243000,11.053000,-33.130000,56.466000,28.810000
2.510,-0.434000,-0.539000,0.247000,2.916000,-14.061000,52.198000,28.720000
2.516,-0.475000,-0.546000,0.261000,-4.221000,4.046000,51.115000,28.950000
2.530,-0.554000,-0.554000,0.273000,-9.412000,15.214000,50.969000,28.770000
2.541,-0.615000,-0.519000,0.294000,-14.748000,17.160000,53.847000,28.770000
2.548,-0.638000,-0.508000,0.309000,-18.084000,15.450000,55.504000,28.810000
2.560,-0.650000,-0.507000,0.271000,-19.954000,10.397000,52.397000,28.860000
2.566,-0.603000,-0.511000,0.241000,-22.290000,15.191000,45.092000,28.860000
2.579,-0.598000,-0.592000,0.186000,-21.641000,21.328000,40.992000,28.810000
2.591,-0.545000,-0.602000,0.163000,-10.641000,27.809000,42.924000,28.910000
2.598,-0.513000,-0.553000,0.168000,-0.855000,35.290000,48.099000,28.860000
2.609,-0.521000,-0.509000,0.197000,4.481000,40.618000,52.504000,28.860000
2.616,-0.575000,-0.448000,0.243000,3.656000,47.145000,63.344000,28.810000
2.630,-0.705000,-0.434000,0.310000,-1.206000,43.420000,76.214000,28.810000
2.641,-0.808000,-0.440000,0.334000,-6.847000,29.443000,85.229000,28.810000
2.648,-0.828000,-0.462000,0.350000,-13.626000,16.931000,88.176000,28.860000
2.660,-0.772000,-0.477000,0.318000,-20.565000,3.962000,84.084000,28.770000
2.666,-0.622000,-0.427000,0.297000,-26.267000,6.015000,80.130000,28.810000
2.680,-0.548000,-0.370000,0.272000,-30.702000,12.687000,89.832000,28.910000
2.691,-0.595000,-0.343000,0.265000,-35.328000,18.931000,103.084000,28.770000
2.697,-0.727000,-0.343000,0.263000,-38.542000,21.061000,120.435000,28.860000
2.709,-0.887000,-0.358000,0.268000,-41.870000,15.977000,133.290000,28.770000
2.721,-1.004000,-0.397000,0.241000,-42.008000,6.053000,131.511000,28.810000
2.730,-1.004000,-0.430000,0.198000,-37.450000,-0.924000,121.771000,28.860000
2.740,-0.922000,-0.438000,0.179000,-37.565000,-3.115000,108.267000,28.860000
2.747,-0.762000,-0.398000,0.129000,-34.359000,4.664000,102.053000,28.910000
2.759,-0.657000,-0.272000,0.087000,-29.878000,20.550000,112.008000,28.810000
2.771,-0.713000,-0.143000,0.089000,-27.008000,34.527000,136.229000,28.770000
2.779,-0.953000,-0.119000,0.117000,-24.725000,33.588000,157.580000,28.860000
2.791,-1.182000,-0.111000,0.153000,-26.229000,21.740000,168.015000,28.810000
2.797,-1.311000,-0.151000,0.181000,-32.603000,0.008000,161.649000,28.810000
2.808,-1.262000,-0.153000,0.175000,-40.008000,-13.550000,140.626000,28.910000
2.820,-1.096000,-0.079000,0.133000,-40.527000,-13.656000,132.450000,28.860000
2.828,-0.966000,0.017000,0.072000,-42.863000,-7.435000,132.450000,28.770000
2.839,-0.957000,0.089000,0.010000,-40.237000,-0.786000,146.832000,28.910000
2.851,-1.034000,0.122000,0.023000,-31.443000,-4.099000,172.160000,28.810000
2.858,-1.154000,0.118000,0.094000,-26.031000,-16.565000,186.069000,28.860000
2.869,-1.229000,0.084000,0.200000,-29.496000,-24.710000,185.435000,28.860000
2.880,-1.266000,0.040000,0.273000,-45.229000,-29.137000,161.794000,28.860000
2.888,-1.224000,-0.030000,0.257000,-54.786000,-28.473000,131.244000,28.810000
2.901,-1.088000,-0.028000,0.211000,-54.481000,-22.466000,102.779000,28.770000
2.907,-0.975000,-0.029000,0.133000,-49.176000,-13.267000,84.802000,28.770000
2.919,-0.877000,0.028000,0.061000,-42.473000,-4.389000,76.176000,28.810000
2.931,-0.851000,0.067000,0.037000,-32.786000,-3.679000,80.580000,28.810000
2.939,-0.889000,0.077000,0.078000,-22.687000,-11.634000,89.374000,28.910000
2.950,-0.968000,0.069000,0.129000,-21.771000,-13.298000,93.260000,28.860000
2.957,-1.012000,0.083000,0.184000,-27.076000,-17.687000,91.840000,28.770000
2.969,-1.033000,0.072000,0.198000,-33.160000,-22.649000,84.695000,28.910000
2.981,-0.994000,0.097000,0.177000,-37.099000,-26.237000,80.160000,28.910000
2.989,-0.927000,0.039000,0.140000,-38.824000,-27.290000,74.573000,28.860000
3.001,-0.868000,0.021000,0.131000,-38.779000,-20.924000,74.511000,28.860000
3.006,-0.817000,0.010000,0.120000,-36.779000,-8.023000,75.817000,28.810000
3.019,-0.828000,-0.019000,0.126000,-33.336000,0.183000,75.450000,28.810000
3.031,-0.813000,0.054000,0.125000,-28.756000,11.794000,75.748000,28.860000
3.038,-0.868000,0.142000,0.138000,-25.534000,12.107000,84.321000,28.860000
3.051,-0.941000,0.225000,0.139000,-25.405000,16.046000,88.305000,28.860000
3.057,-1.052000,0.314000,0.173000,-28.992000,13.580000,94.221000,28.810000
3.069,-1.219000,0.293000,0.227000,-35.015000,3.458000,92.634000,28.810000
3.081,-1.320000,0.212000,0.216000,-41.901000,-14.160000,80.160000,28.860000
3.090,-1.337000,0.140000,0.266000,-44.214000,-38.916000,65.611000,28.860000
3.100,-1.254000,0.059000,0.259000,-42.863000,-59.015000,46.557000,28.810000
3.106,-1.057000,0.068000,0.243000,-36.359000,-68.099000,33.183000,28.910000
3.119,-0.813000,0.171000,0.207000,-27.176000,-58.481000,33.237000,28.770000
3.131,-0.676000,0.344000,0.194000,-23.412000,-28.763000,48.496000,28.860000
3.139,-0.739000,0.352000,0.256000,-21.725000,0.237000,57.481000,28.810000
3.150,-0.916000,0.318000,0.296000,-27.733000,18.557000,63.786000,28.810000
3.157,-1.094000,0.263000,0.304000,-37.115000,18.641000,60.496000,28.860000
3.169,-1.184000,0.200000,0.297000,-44.267000,5.931000,50.649000,28.770000
3.181,-1.172000,0.120000,0.238000,-48.542000,-14.977000,35.878000,28.770000
3.189,-1.068000,0.058000,0.185000,-49.519000,-33.733000,22.985000,28.810000
3.200,-0.890000,0.141000,0.121000,-41.733000,-46.672000,21.809000,28.810000
3.206,-0.701000,0.213000,0.097000,-27.267000,-48.145000,31.328000,28.860000
3.219,-0.628000,0.235000,0.113000,-21.237000,-38.466000,39.863000,28.770000
3.231,-0.635000,0.336000,0.116000,-16.947000,-20.160000,57.374000,28.770000
3.239,-0.692000,0.283000,0.147000,-9.687000,-17.435000,60.679000,28.810000
3.250,-0.767000,0.237000,0.168000,-9.176000,-7.649000,63.916000,28.860000
3.257,-0.847000,0.175000,0.194000,-5.565000,-8.939000,61.985000,28.860000
3.269,-0.818000,0.128000,0.200000,-4.489000,-14.122000,54.779000,28.910000
3.281,-0.691000,0.176000,0.164000,1.947000,-7.908000,50.985000,28.810000
3.289,-0.569000,0.330000,0.185000,16.664000,-0.336000,62.977000,28.860000
3.301,-0.602000,0.409000,0.200000,25.527000,12.191000,65.435000,28.860000
3.307,-0.664000,0.424000,0.233000,29.328000,27.855000,64.664000,28.810000
3.319,-0.768000,0.411000,0.279000,31.496000,36.313000,65.878000,28.910000
3.330,-0.881000,0.374000,0.299000,28.405000,33.351000,62.565000,28.810000
3.339,-0.951000,0.311000,0.308000,27.382000,15.336000,56.595000,28.860000
3.351,-0.936000,0.265000,0.312000,26.313000,-11.687000,50.672000,28.860000
3.358,-0.812000,0.222000,0.285000,22.191000,-28.924000,49.489000,28.810000
3.370,-0.583000,0.343000,0.200000,24.084000,-22.504000,63.626000,28.810000
3.379,-0.477000,0.504000,0.221000,19.595000,-10.008000,79.580000,28.860000
3.389,-0.527000,0.531000,0.227000,21.550000,1.229000,89.015000,28.770000
3.401,-0.658000,0.545000,0.240000,17.115000,10.756000,96.725000,28.770000
3.408,-0.820000,0.522000,0.284000,10.939000,5.985000,96.252000,28.810000
3.421,-0.867000,0.465000,0.264000,3.809000,-7.046000,89.740000,28.770000
3.429,-0.788000,0.439000,0.223000,0.405000,-16.863000,82.794000,28.770000
3.440,-0.693000,0.439000,0.158000,2.450000,-21.183000,79.015000,28.810000
3.448,-0.527000,0.524000,0.058000,12.893000,-1.977000,78.313000,28.910000
3.459,-0.450000,0.739000,0.034000,27.580000,25.817000,90.260000,28.720000
3.471,-0.596000,0.799000,0.069000,36.122000,55.153000,95.008000,28.860000
3.481,-0.870000,0.810000,0.125000,40.580000,67.679000,95.534000,28.860000
3.491,-1.086000,0.802000,0.189000,39.557000,56.053000,89.641000,28.910000
3.498,-1.190000,0.785000,0.248000,31.550000,29.924000,79.229000,28.810000
3.510,-1.150000,0.727000,0.286000,20.641000,-0.511000,66.496000,28.770000
3.516,-0.978000,0.669000,0.230000,11.275000,-17.458000,54.931000,28.770000
3.530,-0.718000,0.709000,0.160000,13.931000,-16.137000,53.763000,28.810000
3.541,-0.584000,0.745000,0.103000,22.015000,-1.863000,59.710000,28.810000
3.548,-0.583000,0.802000,0.088000,26.740000,25.252000,62.473000,28.810000
3.560,-0.719000,0.804000,0.115000,27.122000,43.023000,67.145000,28.770000
3.567,-0.850000,0.829000,0.156000,25.466000,44.908000,68.221000,28.770000
3.580,-0.905000,0.859000,0.172000,18.580000,38.947000,67.145000,28.670000
3.585,-0.939000,0.871000,0.190000,10.008000,29.244000,64.481000,28.720000
3.599,-0.975000,0.852000,0.208000,2.092000,15.840000,61.618000,28.670000
3.611,-0.948000,0.853000,0.225000,-6.405000,0.145000,57.885000,28.770000
3.617,-0.837000,0.879000,0.219000,-16.191000,-6.802000,60.168000,28.810000
3.630,-0.745000,0.882000,0.212000,-25.069000,-9.939000,60.290000,28.810000
3.637,-0.688000,0.850000,0.188000,-33.947000,-8.305000,61.313000,28.810000
3.649,-0.677000,0.826000,0.187000,-37.634000,-11.000000,62.733000,28.770000
3.661,-0.672000,0.727000,0.147000,-36.756000,-16.305000,60.855000,28.770000
3.667,-0.653000,0.666000,0.131000,-38.122000,-23.008000,62.061000,28.720000
3.680,-0.597000,0.635000,0.107000,-34.466000,-23.992000,60.183000,28.810000
3.686,-0.539000,0.640000,0.085000,-26.443000,-20.076000,59.573000,28.670000
3.699,-0.496000,0.647000,0.034000,-17.534000,-8.450000,57.954000,28.770000
3.711,-0.476000,0.685000,0.049000,-2.878000,8.550000,57.267000,28.910000
3.718,-0.519000,0.702000,0.057000,8.145000,23.405000,56.481000,28.810000
3.730,-0.620000,0.703000,0.099000,17.855000,29.916000,53.069000,28.810000
3.739,-0.702000,0.704000,0.153000,23.489000,25.565000,47.206000,28.860000
3.750,-0.707000,0.710000,0.207000,25.000000,17.305000,38.489000,28.770000
3.756,-0.673000,0.708000,0.255000,24.489000,4.947000,30.023000,28.860000
3.768,-0.582000,0.734000,0.270000,23.168000,-5.908000,25.954000,28.810000
3.781,-0.457000,0.775000,0.255000,21.069000,-7.832000,26.229000,28.670000
3.790,-0.341000,0.832000,0.221000,21.763000,-4.802000,29.595000,28.770000
3.801,-0.290000,0.849000,0.206000,26.740000,6.191000,38.756000,28.810000
3.807,-0.334000,0.838000,0.191000,28.817000,18.427000,48.031000,28.810000
3.819,-0.439000,0.830000,0.214000,30.656000,20.885000,57.779000,28.810000
3.825,-0.512000,0.836000,0.241000,31.031000,12.168000,60.855000,28.770000
3.840,-0.553000,0.846000,0.272000,27.321000,0.687000,58.420000,28.770000
3.851,-0.498000,0.898000,0.237000,22.466000,-2.099000,52.252000,28.720000
3.858,-0.428000,1.006000,0.199000,22.603000,6.733000,46.733000,28.720000
3.870,-0.468000,1.015000,0.171000,26.847000,20.527000,44.954000,28.770000
3.879,-0.560000,1.019000,0.182000,30.962000,34.405000,50.374000,28.770000
3.890,-0.735000,1.001000,0.225000,31.977000,35.328000,53.863000,28.720000
3.902,-0.867000,0.967000,0.273000,26.321000,20.023000,46.565000,28.810000
3.908,-0.908000,0.908000,0.300000,21.382000,0.305000,39.618000,28.720000
3.921,-0.820000,0.889000,0.295000,12.237000,-19.176000,27.473000,28.770000
3.928,-0.696000,0.860000,0.269000,4.771000,-32.740000,20.412000,28.770000
3.940,-0.549000,0.860000,0.210000,-0.473000,-38.542000,16.985000,28.770000
3.947,-0.352000,0.891000,0.181000,-2.496000,-34.832000,21.008000,28.810000
3.958,-0.250000,0.894000,0.159000,-0.718000,-21.351000,31.565000,28.670000
3.971,-0.229000,0.928000,0.175000,2.198000,-4.763000,41.771000,28.670000
3.979,-0.262000,0.958000,0.190000,1.298000,9.176000,42.519000,28.770000
3.990,-0.316000,0.955000,0.199000,-1.191000,16.985000,48.863000,28.720000
3.998,-0.405000,0.940000,0.209000,-4.840000,18.672000,52.260000,28.810000
4.009,-0.451000,0.941000,0.191000,-10.290000,13.260000,50.275000,28.770000
4.016,-0.465000,0.978000,0.175000,-16.000000,5.092000,49.290000,28.670000
4.031,-0.512000,0.983000,0.134000,-22.885000,-4.985000,48.832000,28.810000
4.041,-0.496000,1.032000,0.130000,-28.695000,-16.489000,46.939000,28.810000
4.048,-0.478000,1.030000,0.111000,-33.122000,-23.817000,45.939000,28.770000
4.059,-0.426000,1.043000,0.105000,-39.405000,-21.282000,46.031000,28.860000
4.065,-0.388000,0.999000,0.049000,-44.359000,-14.985000,45.557000,28.770000
4.080,-0.377000,0.937000,0.007000,-41.725000,-14.198000,39.786000,28.810000
4.091,-0.361000,0.907000,-0.043000,-35.885000,-11.885000,32.756000,28.910000
4.097,-0.329000,0.868000,-0.077000,-25.443000,-9.718000,27.962000,28.860000
4.109,-0.312000,0.833000,-0.090000,-12.221000,-4.740000,23.382000,28.770000
4.121,-0.310000,0.797000,-0.059000,7.344000,-1.626000,23.351000,28.860000
4.130,-0.316000,0.806000,-0.005000,24.099000,0.847000,20.870000,28.810000
4.141,-0.314000,0.830000,0.068000,35.115000,2.069000,16.389000,28.770000
4.148,-0.297000,0.873000,0.132000,40.153000,4.260000,13.588000,28.770000
4.160,-0.282000,0.904000,0.172000,40.229000,6.229000,12.885000,28.860000
4.167,-0.252000,0.940000,0.191000,38.840000,8.168000,14.580000,28.810000
4.180,-0.221000,0.985000,0.208000,36.374000,13.115000,20.847000,28.720000
4.192,-0.221000,1.018000,0.237000,33.359000,15.809000,29.275000,28.770000
4.198,-0.263000,1.013000,0.242000,29.939000,16.870000,36.450000,28.770000
4.211,-0.294000,1.005000,0.249000,24.397000,16.328000,43.191000,28.720000
4.217,-0.360000,0.981000,0.226000,18.756000,10.359000,46.779000,28.720000
4.230,-0.366000,0.940000,0.203000,14.710000,4.840000,46.313000,28.810000
4.237,-0.349000,0.956000,0.188000,8.870000,2.786000,44.237000,28.860000
4.250,-0.336000,0.924000,0.150000,11.687000,1.344000,47.198000,28.770000
4.256,-0.297000,0.956000,0.130000,11.779000,5.420000,49.336000,28.810000
4.268,-0.269000,0.969000,0.128000,12.176000,15.145000,49.420000,28.910000
4.281,-0.260000,1.014000,0.111000,12.939000,24.435000,52.176000,28.770000
4.290,-0.317000,1.021000,0.086000,15.718000,29.198000,56.282000,28.770000
4.301,-0.374000,1.024000,0.072000,20.611000,27.397000,59.115000,28.770000
4.307,-0.418000,1.029000,0.071000,25.160000,20.252000,63.779000,28.720000
4.319,-0.479000,1.024000,0.043000,27.260000,10.740000,65.160000,28.770000
4.331,-0.456000,1.021000,0.071000,26.802000,4.573000,61.374000,28.860000
4.339,-0.443000,1.022000,0.094000,24.137000,1.267000,55.504000,28.860000
4.351,-0.438000,1.008000,0.095000,19.885000,0.641000,45.916000,28.810000
4.358,-0.401000,1.005000,0.104000,18.427000,0.458000,34.656000,28.810000
4.370,-0.364000,0.982000,0.099000,16.664000,-0.489000,27.000000,28.770000
4.379,-0.328000,0.984000,0.086000,14.687000,-2.099000,19.725000,28.670000
4.390,-0.312000,0.959000,0.094000,14.145000,-9.939000,15.885000,28.720000
4.402,-0.262000,0.935000,0.080000,11.237000,-17.298000,13.481000,28.720000
4.408,-0.193000,0.921000,0.059000,9.817000,-23.756000,17.954000,28.860000
4.420,-0.111000,0.935000,0.054000,10.290000,-25.122000,18.527000,28.770000
4.431,-0.028000,0.936000,0.051000,12.351000,-21.885000,21.771000,28.670000
4.440,0.009000,0.919000,0.047000,15.817000,-15.252000,27.084000,28.810000
4.448,0.022000,0.936000,0.050000,20.099000,-6.351000,30.817000,28.810000
4.459,-0.015000,0.942000,0.081000,24.214000,-1.366000,32.626000,28.860000
4.471,-0.048000,0.945000,0.100000,25.855000,2.443000,35.802000,28.770000
4.480,-0.095000,0.957000,0.122000,25.145000,0.466000,38.786000,28.770000
4.490,-0.105000,0.963000,0.161000,22.000000,-0.382000,41.076000,28.910000
4.498,-0.100000,0.990000,0.152000,17.969000,0.519000,42.267000,28.670000
4.509,-0.051000,0.989000,0.155000,14.817000,3.908000,39.275000,28.770000
4.516,0.000000,1.007000,0.169000,10.603000,17.550000,35.420000,28.770000
4.530,-0.027000,1.004000,0.154000,5.939000,22.786000,35.962000,28.910000
4.542,-0.076000,1.003000,0.102000,1.534000,25.221000,36.878000,28.910000
4.548,-0.122000,0.988000,0.050000,-1.511000,20.595000,38.557000,28.860000
4.560,-0.142000,0.981000,0.029000,-2.863000,11.359000,42.756000,28.860000
4.567,-0.139000,1.005000,0.002000,-3.076000,2.145000,46.374000,28.720000
4.580,-0.113000,1.022000,0.007000,-1.351000,-4.702000,50.374000,28.720000
4.587,-0.087000,1.050000,0.019000,-1.359000,-8.160000,52.038000,28.770000
4.599,-0.099000,1.080000,0.026000,-0.634000,-11.435000,54.397000,28.860000
4.611,-0.108000,1.097000,0.044000,-1.893000,-14.206000,56.618000,28.810000
4.618,-0.157000,1.080000,0.015000,-4.084000,-19.053000,59.053000,28.810000
4.630,-0.190000,1.050000,0.028000,-2.450000,-24.504000,57.481000,28.720000
4.637,-0.194000,1.068000,0.037000,-1.443000,-26.863000,52.542000,28.770000
4.649,-0.192000,1.072000,0.022000,0.840000,-25.802000,45.252000,28.770000
4.661,-0.156000,1.091000,0.028000,1.427000,-20.382000,34.534000,28.860000
4.668,-0.134000,1.068000,0.024000,2.000000,-13.031000,26.405000,28.810000
4.681,-0.145000,1.063000,0.005000,4.565000,-11.214000,20.885000,28.770000
4.690,-0.117000,1.037000,-0.001000,5.366000,-7.626000,17.603000,28.860000
4.700,-0.114000,1.024000,-0.001000,6.275000,-8.580000,16.702000,28.770000
4.706,-0.089000,1.014000,0.015000,8.191000,-9.985000,16.221000,28.720000
4.719,-0.067000,1.008000,0.025000,8.008000,-11.305000,14.725000,28.810000
4.731,-0.031000,0.994000,0.037000,9.618000,-11.893000,13.992000,28.770000
4.739,-0.006000,1.016000,0.052000,10.160000,-11.160000,11.977000,28.770000
4.751,0.009000,1.033000,0.051000,9.718000,-9.504000,11.206000,28.810000
4.757,0.002000,1.033000,0.060000,11.107000,-10.031000,12.427000,28.810000
4.769,-0.031000,1.055000,0.067000,10.038000,-13.298000,13.916000,28.860000
4.779,-0.075000,1.034000,0.062000,7.443000,-21.656000,16.168000,28.770000
4.789,-0.101000,1.023000,0.072000,4.511000,-35.573000,18.573000,28.860000
4.802,-0.099000,1.008000,0.066000,3.305000,-49.206000,20.901000,28.810000
4.808,-0.039000,1.015000,0.096000,-0.229000,-58.511000,22.664000,28.720000
4.820,0.000000,0.976000,0.083000,-1.275000,-63.298000,20.901000,28.860000
4.829,0.083000,0.977000,0.063000,-3.099000,-58.672000,19.412000,28.770000
4.840,0.119000,0.988000,0.049000,-4.267000,-50.275000,22.015000,28.770000
4.852,0.102000,1.002000,0.030000,-3.893000,-44.084000,26.550000,28.810000
4.858,0.045000,1.020000,0.028000,-2.298000,-43.611000,30.672000,28.770000
4.871,-0.020000,1.042000,0.037000,-2.527000,-49.321000,36.099000,28.950000
4.881,-0.092000,1.068000,0.069000,-4.794000,-60.405000,40.756000,28.770000
4.890,-0.195000,1.071000,0.103000,-9.473000,-80.389000,44.122000,28.720000
4.896,-0.258000,1.065000,0.110000,-17.282000,-107.672000,43.298000,28.810000
4.908,-0.242000,1.037000,0.073000,-22.466000,-130.351000,39.061000,28.770000
4.920,-0.073000,1.048000,0.064000,-27.115000,-136.305000,31.183000,28.860000
4.930,0.056000,1.054000,0.033000,-27.832000,-125.656000,29.916000,28.720000
4.940,0.147000,1.036000,0.021000,-24.954000,-100.725000,23.321000,28.720000
4.952,0.165000,1.027000,0.025000,-18.023000,-69.687000,19.321000,28.810000
4.958,0.075000,0.992000,0.020000,-8.168000,-53.176000,19.252000,28.770000
4.970,0.042000,1.024000,0.042000,-6.183000,-34.771000,10.153000,28.770000
4.980,0.031000,1.041000,0.050000,-7.481000,-21.893000,6.695000,28.810000
4.990,0.017000,1.022000,0.036000,-6.824000,-10.229000,0.115000,28.810000
4.997,0.025000,1.026000,0.014000,-5.641000,-3.221000,-5.046000,28.670000
5.009,0.001000,1.016000,0.004000,-3.779000,0.336000,-10.015000,28.770000
5.021,-0.035000,1.005000,-0.001000,-1.969000,-3.366000,-13.336000,28.770000
5.029,-0.033000,0.992000,0.015000,-0.275000,-9.069000,-16.412000,28.720000
5.041,0.006000,0.992000,0.046000,0.557000,-14.466000,-18.756000,28.810000
5.047,0.088000,1.001000,0.072000,-1.481000,-11.504000,-22.206000,28.770000
5.059,0.135000,0.992000,0.072000,-3.893000,-4.443000,-24.099000,28.770000
5.066,0.145000,0.980000,0.060000,-4.794000,2.275000,-24.427000,28.810000
5.080,0.146000,0.993000,0.053000,-4.901000,6.695000,-22.031000,28.720000
5.091,0.116000,0.991000,0.048000,-3.962000,7.634000,-18.527000,28.770000
5.099,0.082000,0.983000,0.049000,-4.321000,0.557000,-13.412000,28.860000
5.111,0.059000,0.974000,0.058000,-4.832000,-5.374000,-9.344000,28.810000
5.117,0.079000,0.976000,0.067000,-4.046000,-8.351000,-9.336000,28.720000
5.130,0.084000,0.982000,0.073000,-4.107000,-8.855000,-8.771000,28.910000
5.137,0.068000,0.981000,0.062000,-5.313000,-8.206000,-8.901000,28.860000
5.149,0.074000,1.005000,0.060000,-6.344000,-6.405000,-10.672000,28.860000
5.161,0.101000,1.012000,0.049000,-6.962000,-6.427000,-9.802000,28.720000
5.168,0.135000,1.019000,0.059000,-7.176000,-5.565000,-6.885000,28.810000
5.180,0.139000,1.024000,0.084000,-8.282000,-6.221000,-1.092000,28.770000
5.190,0.143000,1.033000,0.116000,-11.634000,-6.840000,4.947000,28.770000
5.200,0.152000,1.042000,0.133000,-17.099000,-5.710000,10.397000,28.770000
5.206,0.124000,1.038000,0.126000,-21.290000,-7.977000,13.870000,28.810000
5.219,0.089000,1.028000,0.100000,-25.115000,-12.244000,15.840000,28.810000
5.231,0.059000,1.010000,0.077000,-27.763000,-17.420000,17.840000,28.770000
5.240,0.046000,0.988000,0.047000,-27.863000,-22.053000,17.656000,28.860000
5.250,0.047000,0.965000,0.034000,-26.405000,-24.511000,14.901000,28.810000
5.257,0.074000,0.938000,0.010000,-20.824000,-22.664000,13.527000,28.810000
5.269,0.073000,0.942000,0.016000,-15.008000,-17.939000,10.115000,28.860000
5.281,0.077000,0.942000,0.033000,-8.595000,-11.107000,5.786000,28.770000
5.290,0.063000,0.949000,0.056000,-4.832000,-5.382000,2.328000,28.810000
5.302,0.052000,0.976000,0.077000,-2.992000,-1.389000,-3.458000,28.810000
5.308,0.077000,0.988000,0.092000,-2.802000,0.588000,-7.267000,28.720000
5.320,0.078000,0.997000,0.099000,-3.084000,0.595000,-8.931000,28.770000
5.330,0.060000,0.992000,0.093000,-4.710000,-2.611000,-9.115000,28.770000
5.340,0.064000,0.981000,0.074000,-5.435000,-8.214000,-8.519000,28.810000
5.347,0.076000,0.964000,0.068000,-4.275000,-14.412000,-7.450000,28.910000
5.359,0.149000,0.971000,0.069000,-4.359000,-11.809000,-7.634000,28.670000
5.371,0.201000,0.973000,0.058000,-4.168000,-3.053000,-4.122000,28.770000
5.379,0.184000,0.971000,0.054000,-2.145000,3.695000,-2.229000,28.770000
5.390,0.146000,0.960000,0.065000,-0.710000,7.076000,-0.740000,28.810000
5.398,0.108000,0.964000,0.065000,0.412000,5.252000,1.137000,28.810000
5.410,0.091000,0.980000,0.069000,0.702000,0.160000,3.176000,28.860000
5.417,0.104000,0.993000,0.092000,-0.344000,-5.496000,6.397000,28.860000
5.430,0.118000,1.014000,0.103000,-3.511000,-7.992000,9.626000,28.720000
5.440,0.131000,1.006000,0.103000,-6.000000,-9.153000,11.618000,28.810000
5.449,0.129000,0.995000,0.098000,-7.733000,-9.076000,13.191000,28.860000
5.456,0.122000,0.987000,0.080000,-7.290000,-7.252000,13.550000,28.770000
5.468,0.115000,0.986000,0.068000,-7.290000,-6.305000,13.702000,28.810000
5.481,0.123000,0.999000,0.059000,-8.489000,-3.534000,16.740000,28.810000
5.489,0.100000,0.973000,0.064000,-7.038000,-2.573000,16.687000,28.910000
5.501,0.087000,0.969000,0.069000,-5.466000,-4.076000,15.099000,28.860000
5.507,0.090000,0.974000,0.074000,-3.550000,-5.206000,13.359000,28.860000
5.519,0.091000,0.982000,0.087000,-2.634000,-6.298000,12.061000,28.810000
5.529,0.093000,0.971000,0.080000,-1.214000,-7.870000,9.435000,28.910000
5.541,0.091000,0.973000,0.083000,0.282000,-8.710000,8.031000,28.860000
5.547,0.083000,0.982000,0.084000,1.344000,-11.000000,6.977000,28.770000
5.558,0.073000,0.988000,0.083000,2.443000,-13.595000,5.542000,28.770000
5.571,0.107000,1.000000,0.083000,3.153000,-13.679000,3.809000,28.810000
5.580,0.119000,0.989000,0.106000,3.794000,-11.427000,3.763000,28.810000
5.590,0.104000,0.994000,0.096000,4.252000,-9.954000,3.618000,28.860000
5.598,0.098000,1.002000,0.106000,4.252000,-9.374000,2.557000,28.860000
5.610,0.099000,1.005000,0.111000,3.275000,-8.359000,0.885000,28.720000
5.617,0.110000,1.010000,0.113000,2.802000,-7.511000,1.084000,28.720000
5.630,0.105000,0.998000,0.104000,3.061000,-7.183000,0.969000,28.770000
5.640,0.084000,0.994000,0.099000,2.809000,-8.115000,1.137000,28.770000
5.649,0.078000,0.997000,0.104000,2.977000,-9.550000,0.481000,28.810000
5.657,0.094000,0.999000,0.098000,2.878000,-9.443000,-0.008000,28.810000
5.669,0.117000,1.000000,0.113000,2.939000,-7.573000,0.099000,28.860000
5.680,0.107000,1.010000,0.105000,2.824000,-7.863000,0.397000,28.860000
5.690,0.108000,1.005000,0.119000,1.985000,-9.504000,1.412000,28.770000
5.702,0.116000,1.019000,0.115000,0.000000,-13.405000,3.420000,28.810000
5.708,0.119000,1.011000,0.114000,-0.679000,-20.344000,8.214000,28.810000
5.721,0.112000,1.015000,0.111000,-3.649000,-29.298000,12.855000,28.860000
5.731,0.136000,1.022000,0.129000,-6.679000,-33.473000,17.321000,28.770000
5.740,0.171000,1.016000,0.125000,-9.000000,-30.015000,20.992000,28.770000
5.748,0.146000,0.992000,0.096000,-10.977000,-24.962000,22.443000,28.810000
5.759,0.108000,0.960000,0.081000,-8.733000,-22.489000,21.115000,28.810000
5.771,0.093000,0.962000,0.089000,-4.855000,-19.099000,16.710000,28.770000
5.779,0.086000,0.957000,0.094000,-4.427000,-15.351000,11.664000,28.860000
5.791,0.097000,0.970000,0.103000,-3.076000,-11.740000,6.443000,28.810000
5.797,0.097000,0.982000,0.103000,-2.351000,-9.893000,2.397000,28.810000
5.810,0.101000,0.979000,0.104000,-1.992000,-8.107000,-0.267000,28.670000
5.816,0.108000,0.992000,0.111000,-1.931000,-7.252000,-1.863000,28.770000
5.830,0.100000,1.003000,0.116000,-3.252000,-8.817000,-2.885000,28.910000
5.843,0.093000,0.996000,0.115000,-4.176000,-12.214000,-3.740000,28.910000
5.848,0.097000,0.996000,0.109000,-5.252000,-15.420000,-4.649000,28.860000
5.860,0.112000,0.992000,0.104000,-5.664000,-18.053000,-5.740000,28.950000
5.867,0.149000,0.985000,0.105000,-5.527000,-18.153000,-6.962000,28.860000
5.880,0.187000,0.986000,0.095000,-5.847000,-13.794000,-7.015000,28.810000
5.887,0.193000,0.970000,0.077000,-5.084000,-8.863000,-5.595000,28.720000
5.899,0.198000,0.968000,0.078000,-4.137000,-5.275000,-3.489000,28.860000
5.911,0.170000,0.966000,0.068000,-1.947000,-3.298000,-1.275000,28.770000
5.918,0.151000,0.966000,0.084000,-0.389000,-3.198000,-0.099000,28.860000
5.931,0.141000,0.977000,0.088000,0.130000,-2.542000,-0.229000,28.910000
5.939,0.149000,0.988000,0.097000,-0.359000,-1.344000,-0.939000,28.770000
5.951,0.132000,0.973000,0.091000,-0.794000,-0.740000,-1.832000,28.770000
5.957,0.135000,0.977000,0.080000,-0.084000,-0.496000,-3.206000,28.770000
5.969,0.131000,0.977000,0.078000,0.611000,-1.351000,-3.328000,28.810000
5.980,0.131000,0.971000,0.070000,0.885000,-2.580000,-2.076000,28.810000
5.989,0.124000,0.973000,0.069000,1.252000,-3.603000,-1.153000,28.770000
6.002,0.122000,0.975000,0.082000,1.763000,-5.053000,-0.336000,28.770000
6.008,0.117000,0.983000,0.093000,1.519000,-5.351000,-0.542000,28.810000
6.021,0.127000,0.980000,0.105000,1.252000,-5.183000,-2.015000,28.810000
6.029,0.154000,0.982000,0.102000,0.412000,-1.771000,-2.908000,28.770000
6.041,0.177000,0.975000,0.092000,0.153000,2.634000,-3.260000,28.860000
6.048,0.172000,0.970000,0.083000,0.733000,5.672000,-1.931000,28.770000
6.060,0.150000,0.966000,0.074000,1.176000,6.504000,-1.275000,28.810000
6.067,0.127000,0.970000,0.072000,1.992000,3.824000,-0.878000,28.810000
6.080,0.103000,0.981000,0.074000,2.244000,-0.198000,-0.374000,28.770000
6.088,0.103000,0.989000,0.078000,1.756000,-5.786000,-0.374000,28.770000
6.099,0.101000,0.986000,0.079000,1.183000,-10.397000,-0.542000,28.770000
6.105,0.141000,0.980000,0.084000,1.977000,-11.962000,-1.901000,28.810000
6.118,0.185000,0.993000,0.106000,1.733000,-7.405000,-2.763000,28.860000
6.131,0.194000,0.984000,0.106000,1.168000,-0.656000,-2.069000,28.770000
6.140,0.179000,0.986000,0.090000,2.168000,4.153000,-1.107000,28.770000
6.151,0.152000,1.002000,0.093000,2.336000,6.282000,0.267000,28.810000
6.158,0.123000,0.972000,0.074000,3.252000,4.099000,0.771000,28.810000
6.171,0.101000,0.985000,0.090000,2.748000,0.160000,1.244000,28.860000
6.179,0.081000,0.976000,0.082000,2.710000,-4.824000,0.939000,28.860000
6.190,0.095000,0.981000,0.074000,2.817000,-8.534000,-0.519000,28.810000
6.197,0.147000,0.984000,0.095000,2.931000,-7.122000,-2.618000,28.810000
6.209,0.174000,0.992000,0.086000,3.160000,-2.763000,-2.718000,28.860000
6.217,0.173000,0.990000,0.086000,4.145000,1.176000,-2.290000,28.860000
6.230,0.161000,0.988000,0.096000,5.046000,3.695000,-1.038000,28.910000
6.237,0.141000,0.999000,0.086000,5.008000,4.916000,1.511000,28.810000
6.249,0.104000,0.989000,0.094000,4.519000,3.275000,3.580000,28.720000
6.256,0.081000,0.991000,0.091000,3.832000,0.168000,3.626000,28.770000
6.269,0.069000,0.990000,0.104000,3.115000,-2.779000,3.031000,28.770000
6.281,0.084000,0.995000,0.098000,2.321000,-4.290000,0.031000,28.860000
6.290,0.111000,0.983000,0.099000,2.382000,-3.504000,-1.412000,28.810000
6.301,0.119000,0.984000,0.088000,2.809000,-2.427000,-1.901000,28.770000
6.308,0.128000,0.978000,0.082000,3.527000,-1.176000,-2.275000,28.860000
6.320,0.123000,0.977000,0.078000,3.901000,-0.076000,-2.031000,28.810000
6.329,0.121000,0.990000,0.089000,3.901000,1.046000,-0.992000,28.810000
6.340,0.107000,0.985000,0.087000,3.771000,1.405000,-0.519000,28.770000
6.348,0.093000,0.998000,0.105000,3.366000,0.527000,-0.626000,28.770000
6.359,0.080000,0.997000,0.106000,2.611000,-1.305000,-1.550000,28.860000
6.367,0.076000,1.002000,0.108000,1.580000,-3.504000,-2.916000,28.910000
6.381,0.087000,0.993000,0.088000,0.542000,-5.305000,-3.626000,28.810000
6.386,0.101000,0.992000,0.083000,0.084000,-6.603000,-4.305000,28.860000
6.399,0.113000,0.986000,0.077000,0.237000,-6.863000,-4.809000,28.770000
6.411,0.123000,0.987000,0.066000,0.702000,-5.237000,-4.817000,28.810000
6.418,0.131000,0.992000,0.065000,1.206000,-2.718000,-3.260000,28.720000
6.431,0.121000,0.989000,0.069000,1.855000,0.183000,-3.092000,28.860000
6.439,0.112000,0.989000,0.077000,2.550000,2.496000,-2.061000,28.770000
6.451,0.090000,0.991000,0.075000,2.489000,3.107000,-2.405000,28.860000
6.457,0.087000,0.994000,0.068000,2.092000,1.824000,-2.855000,28.810000
6.470,0.071000,0.996000,0.078000,1.962000,-0.916000,-3.000000,28.770000
6.480,0.077000,0.991000,0.066000,1.855000,-4.458000,-3.420000,28.860000
6.489,0.089000,0.996000,0.059000,1.237000,-6.275000,-3.779000,28.670000
6.497,0.097000,0.994000,0.065000,1.000000,-7.565000,-3.328000,28.720000
6.523,0.091000,0.996000,0.061000,1.718000,-8.366000,-3.992000,28.910000
6.523,0.102000,0.997000,0.075000,2.137000,-8.115000,-4.947000,28.770000
