time_sec,ax,ay,az,gx,gy,gz,temp_c
0.017,-0.478000,0.888000,-0.007000,21.145000,-9.061000,-24.153000,26.220000
0.018,-0.440000,0.955000,0.020000,18.275000,-8.092000,-19.038000,26.130000
0.024,-0.469000,0.964000,0.005000,11.305000,-2.573000,-16.519000,26.270000
0.036,-0.463000,0.938000,0.043000,-4.382000,17.168000,-14.687000,26.180000
0.043,-0.533000,0.877000,0.003000,-8.794000,19.695000,-10.092000,26.130000
0.056,-0.587000,0.849000,-0.035000,-4.634000,17.924000,-10.084000,26.220000
0.068,-0.643000,0.772000,-0.072000,-0.702000,10.107000,-9.817000,26.220000
0.075,-0.605000,0.781000,-0.043000,17.168000,-0.702000,-19.076000,26.180000
0.088,-0.673000,0.802000,-0.031000,15.595000,-5.496000,-22.725000,26.180000
0.094,-0.677000,0.811000,-0.010000,20.458000,-12.198000,-27.710000,26.270000
0.106,-0.672000,0.861000,0.025000,21.435000,-17.252000,-30.534000,26.080000
0.118,-0.637000,0.889000,0.052000,20.000000,-16.969000,-32.595000,26.130000
0.125,-0.654000,0.903000,0.029000,17.382000,-18.076000,-33.618000,26.130000
0.137,-0.628000,0.904000,0.029000,12.084000,-17.588000,-33.924000,26.130000
0.144,-0.619000,0.887000,0.025000,7.000000,-14.939000,-37.076000,26.180000
0.156,-0.565000,0.939000,0.041000,6.695000,-8.527000,-41.168000,26.180000
0.163,-0.532000,0.939000,0.077000,4.557000,1.916000,-44.084000,26.180000
0.177,-0.519000,0.967000,0.093000,0.802000,8.405000,-43.145000,26.270000
0.188,-0.556000,0.982000,0.096000,-5.244000,15.977000,-40.046000,26.220000
0.195,-0.602000,0.946000,0.102000,-10.863000,21.733000,-38.550000,26.220000
0.207,-0.630000,0.908000,0.050000,-11.221000,8.603000,-33.244000,26.220000
0.214,-0.685000,0.907000,0.010000,-13.504000,1.168000,-37.038000,26.270000
0.228,-0.642000,0.895000,0.002000,-16.977000,8.924000,-47.809000,26.180000
0.234,-0.571000,0.899000,0.006000,-20.000000,20.053000,-55.412000,26.270000
0.245,-0.583000,0.887000,0.016000,-18.565000,20.458000,-57.405000,26.270000
0.257,-0.586000,0.918000,0.009000,-21.191000,23.954000,-56.275000,26.220000
0.264,-0.601000,0.927000,-0.001000,-26.885000,28.313000,-52.702000,26.220000
0.277,-0.614000,0.835000,-0.037000,-26.809000,31.412000,-51.519000,26.220000
0.283,-0.645000,0.819000,-0.056000,-24.176000,27.267000,-50.504000,26.220000
0.295,-0.698000,0.813000,-0.061000,-16.626000,23.550000,-52.389000,26.220000
0.307,-0.757000,0.829000,-0.059000,-9.405000,16.985000,-51.885000,26.270000
0.314,-0.788000,0.859000,-0.060000,-6.427000,8.794000,-50.260000,26.180000
0.327,-0.799000,0.859000,-0.062000,-11.779000,13.641000,-48.405000,26.220000
0.333,-0.774000,0.817000,-0.060000,-11.481000,12.634000,-54.084000,26.320000
0.346,-0.751000,0.780000,-0.068000,-8.466000,11.099000,-62.069000,26.220000
0.358,-0.696000,0.747000,-0.070000,-0.198000,9.023000,-68.771000,26.180000
0.364,-0.679000,0.753000,-0.056000,7.511000,7.420000,-73.725000,26.270000
0.378,-0.701000,0.770000,-0.012000,11.565000,6.244000,-69.023000,26.270000
0.384,-0.784000,0.790000,0.007000,10.595000,-0.710000,-61.443000,26.270000
0.396,-0.836000,0.765000,0.003000,11.153000,-14.298000,-57.626000,26.130000
0.408,-0.812000,0.721000,0.014000,10.397000,-22.542000,-59.099000,26.320000
0.415,-0.746000,0.714000,-0.007000,13.450000,-26.397000,-65.916000,26.320000
0.428,-0.656000,0.706000,0.000000,20.198000,-29.000000,-74.863000,26.270000
0.434,-0.593000,0.710000,0.010000,24.588000,-26.817000,-76.962000,26.270000
0.446,-0.588000,0.710000,0.021000,26.351000,-24.344000,-72.038000,26.270000
0.458,-0.623000,0.732000,0.057000,27.244000,-23.626000,-61.779000,26.220000
0.465,-0.709000,0.756000,0.080000,18.435000,-27.779000,-50.504000,26.220000
0.477,-0.722000,0.726000,0.104000,12.038000,-23.954000,-49.313000,26.220000
0.485,-0.713000,0.718000,0.112000,3.611000,-18.824000,-52.573000,26.320000
0.496,-0.671000,0.708000,0.095000,-4.321000,-10.740000,-58.038000,26.180000
0.503,-0.636000,0.682000,0.070000,-5.260000,-0.649000,-63.229000,26.270000
0.515,-0.642000,0.648000,0.031000,-5.214000,11.992000,-63.405000,26.270000
0.528,-0.694000,0.631000,0.018000,0.275000,16.840000,-60.305000,26.320000
0.535,-0.803000,0.650000,-0.006000,5.252000,3.397000,-54.374000,26.220000
0.547,-0.850000,0.623000,0.011000,5.229000,-10.122000,-51.603000,26.220000
0.553,-0.831000,0.639000,-0.018000,4.748000,-18.084000,-48.489000,26.220000
0.566,-0.852000,0.650000,-0.011000,3.664000,-31.397000,-43.336000,26.220000
0.578,-0.830000,0.637000,0.000000,5.328000,-37.985000,-42.321000,26.180000
0.586,-0.775000,0.625000,-0.021000,3.389000,-32.534000,-42.282000,26.270000
0.597,-0.743000,0.616000,-0.014000,3.153000,-20.244000,-47.038000,26.320000
0.604,-0.744000,0.604000,0.004000,0.580000,-0.649000,-52.649000,26.320000
0.616,-0.739000,0.572000,0.052000,3.351000,10.969000,-60.092000,26.320000
0.623,-0.749000,0.593000,0.090000,10.908000,19.878000,-61.198000,26.270000
0.637,-0.872000,0.626000,0.149000,1.794000,20.618000,-45.099000,26.370000
0.648,-0.903000,0.634000,0.018000,1.214000,14.443000,-38.382000,26.270000
0.655,-0.959000,0.652000,-0.007000,-7.916000,6.557000,-31.649000,26.270000
0.667,-0.973000,0.532000,-0.046000,-11.679000,-6.328000,-28.931000,26.320000
0.673,-0.903000,0.481000,-0.068000,-3.855000,-8.809000,-42.710000,26.320000
0.688,-0.776000,0.500000,-0.040000,2.107000,-4.763000,-55.466000,26.320000
0.693,-0.671000,0.523000,-0.023000,9.802000,7.198000,-57.565000,26.370000
0.705,-0.685000,0.597000,0.011000,7.901000,24.153000,-44.244000,26.270000
0.718,-0.853000,0.630000,0.007000,0.954000,35.763000,-25.733000,26.270000
0.724,-1.049000,0.581000,-0.045000,-5.069000,33.076000,-23.122000,26.270000
0.738,-1.108000,0.497000,-0.077000,-10.863000,25.740000,-28.809000,26.220000
0.744,-1.064000,0.431000,-0.126000,-9.710000,17.695000,-43.153000,26.220000
0.756,-0.970000,0.419000,-0.138000,-0.870000,9.580000,-52.939000,26.220000
0.768,-0.894000,0.417000,-0.114000,10.802000,7.870000,-52.863000,26.270000
0.774,-0.877000,0.457000,-0.094000,17.481000,17.305000,-48.626000,26.180000
0.788,-0.938000,0.478000,-0.078000,16.557000,23.542000,-37.824000,26.370000
0.794,-0.985000,0.469000,-0.070000,17.099000,25.244000,-32.885000,26.270000
0.806,-0.969000,0.457000,-0.041000,14.145000,29.237000,-41.611000,26.320000
0.811,-0.922000,0.441000,-0.046000,10.870000,32.351000,-48.580000,26.220000
0.825,-0.893000,0.428000,-0.042000,13.130000,31.412000,-56.252000,26.320000
0.838,-0.912000,0.439000,-0.044000,11.412000,27.809000,-45.855000,26.320000
0.845,-1.028000,0.434000,-0.058000,20.076000,19.229000,-38.015000,26.370000
0.856,-1.114000,0.473000,-0.070000,20.191000,15.229000,-28.069000,26.370000
0.863,-1.222000,0.533000,-0.124000,5.870000,10.519000,-23.092000,26.220000
0.878,-1.199000,0.472000,-0.131000,0.489000,4.924000,-43.382000,26.320000
0.889,-1.096000,0.390000,-0.148000,4.443000,4.733000,-64.389000,26.320000
0.896,-1.006000,0.322000,-0.193000,4.412000,9.382000,-81.527000,26.320000
0.907,-0.938000,0.284000,-0.213000,15.931000,12.374000,-89.992000,26.270000
0.914,-0.952000,0.325000,-0.123000,32.145000,14.374000,-84.565000,26.270000
0.927,-1.039000,0.302000,-0.138000,26.145000,19.580000,-69.771000,26.370000
0.932,-1.096000,0.347000,-0.073000,29.107000,8.489000,-67.435000,26.220000
0.946,-1.030000,0.362000,-0.061000,28.519000,2.206000,-74.992000,26.220000
0.957,-0.925000,0.356000,-0.022000,19.053000,7.565000,-79.076000,26.220000
0.964,-0.875000,0.325000,-0.067000,17.550000,9.145000,-81.351000,26.370000
0.977,-0.830000,0.336000,-0.096000,9.992000,16.634000,-73.847000,26.270000
0.983,-0.923000,0.318000,-0.099000,15.244000,14.618000,-65.947000,26.270000
0.997,-0.958000,0.253000,-0.082000,16.214000,13.954000,-62.580000,26.270000
1.008,-0.984000,0.275000,-0.061000,11.679000,13.595000,-59.153000,26.410000
1.014,-0.999000,0.298000,-0.050000,13.198000,8.267000,-62.473000,26.320000
1.027,-0.948000,0.265000,-0.008000,11.366000,8.565000,-64.748000,26.320000
1.035,-0.907000,0.312000,-0.036000,3.038000,16.397000,-64.053000,26.270000
1.047,-0.974000,0.243000,-0.073000,4.496000,8.031000,-61.794000,26.270000
1.053,-0.978000,0.173000,-0.063000,11.588000,1.878000,-65.252000,26.270000
1.065,-0.986000,0.197000,-0.047000,19.710000,1.359000,-65.458000,26.320000
1.077,-0.957000,0.252000,-0.038000,25.282000,3.282000,-65.809000,26.320000
1.085,-0.926000,0.263000,0.023000,26.809000,6.069000,-64.389000,26.220000
1.097,-1.000000,0.300000,-0.034000,15.137000,6.298000,-61.832000,26.320000
1.104,-0.998000,0.244000,-0.010000,17.840000,7.817000,-73.504000,26.320000
1.116,-0.952000,0.160000,-0.043000,17.046000,11.756000,-82.924000,26.270000
1.128,-0.951000,0.093000,-0.146000,17.420000,9.000000,-87.198000,26.270000
1.135,-0.871000,0.052000,-0.177000,23.855000,8.702000,-81.824000,26.320000
1.147,-0.888000,0.058000,-0.186000,29.023000,13.252000,-78.176000,26.320000
1.154,-0.919000,0.066000,-0.169000,29.870000,13.214000,-71.595000,26.220000
1.166,-0.978000,0.156000,-0.144000,28.725000,14.092000,-61.855000,26.370000
1.173,-1.061000,0.160000,-0.160000,21.137000,5.626000,-53.221000,26.270000
1.186,-0.994000,0.078000,-0.066000,25.847000,-1.550000,-53.366000,26.270000
1.197,-1.135000,0.057000,-0.250000,16.328000,-7.702000,-55.107000,26.370000
1.204,-1.123000,-0.094000,-0.279000,27.214000,-20.977000,-66.565000,26.320000
1.216,-1.040000,-0.071000,-0.246000,38.756000,-17.122000,-78.740000,26.320000
1.228,-0.968000,-0.056000,-0.175000,44.649000,-14.336000,-86.763000,26.410000
1.235,-0.852000,0.010000,-0.118000,46.374000,-5.061000,-84.435000,26.460000
1.247,-0.831000,0.075000,-0.049000,38.649000,5.511000,-71.870000,26.270000
1.254,-0.874000,0.049000,-0.075000,30.924000,12.420000,-67.664000,26.370000
1.266,-0.879000,-0.094000,-0.211000,4.824000,26.374000,-60.450000,26.410000
1.273,-0.857000,-0.028000,-0.257000,17.145000,18.031000,-66.214000,26.320000
1.285,-0.849000,-0.180000,-0.339000,19.847000,16.672000,-62.924000,26.410000
1.297,-0.903000,-0.224000,-0.369000,30.099000,21.260000,-48.229000,26.410000
1.303,-1.046000,-0.238000,-0.254000,42.374000,14.183000,-45.496000,26.460000
1.316,-1.053000,-0.124000,-0.189000,44.183000,6.290000,-44.542000,26.370000
1.328,-1.086000,-0.031000,-0.096000,36.626000,-3.267000,-42.885000,26.370000
1.336,-1.006000,-0.028000,-0.041000,23.527000,1.901000,-48.710000,26.410000
1.347,-0.896000,-0.061000,-0.118000,15.298000,13.901000,-51.664000,26.320000
1.353,-0.825000,-0.098000,-0.165000,11.382000,22.863000,-53.137000,26.410000
1.366,-0.821000,-0.183000,-0.302000,3.870000,31.260000,-47.542000,26.320000
1.379,-0.823000,-0.240000,-0.171000,30.679000,30.351000,-43.382000,26.320000
1.385,-0.953000,-0.200000,-0.148000,36.321000,28.565000,-33.733000,26.460000
1.397,-0.958000,-0.088000,-0.112000,44.573000,31.756000,-16.924000,26.370000
1.404,-1.142000,0.032000,-0.047000,39.473000,36.557000,-3.740000,26.320000
1.416,-1.198000,0.021000,0.152000,31.855000,33.443000,-10.107000,26.410000
1.421,-1.225000,-0.098000,-0.138000,8.176000,21.115000,-21.893000,26.320000
1.436,-1.009000,-0.227000,-0.128000,8.878000,9.641000,-47.725000,26.460000
1.447,-0.997000,-0.350000,-0.610000,-21.412000,-7.145000,-42.290000,26.460000
1.453,-0.600000,-0.334000,-0.314000,32.595000,16.534000,-64.672000,26.460000
1.466,-0.573000,-0.381000,-0.245000,46.008000,35.321000,-51.183000,26.270000
1.478,-0.618000,-0.233000,-0.112000,57.069000,61.740000,-34.099000,26.320000
1.485,-0.901000,-0.092000,0.023000,49.328000,66.359000,-15.069000,26.320000
1.497,-1.121000,-0.098000,0.085000,27.176000,42.771000,-11.427000,26.410000
1.503,-1.126000,-0.128000,0.090000,10.878000,15.969000,-25.038000,26.370000
1.516,-1.047000,-0.076000,0.044000,-8.366000,-7.534000,-27.237000,26.460000
1.528,-0.965000,-0.239000,-0.067000,-12.008000,-37.000000,-37.870000,26.460000
1.536,-0.820000,-0.309000,-0.102000,-4.725000,-41.099000,-42.443000,26.460000
1.547,-0.787000,-0.352000,-0.090000,1.977000,-30.191000,-39.374000,26.510000
1.553,-0.759000,-0.367000,-0.054000,12.092000,-10.885000,-38.427000,26.410000
1.565,-0.792000,-0.220000,-0.007000,10.305000,10.168000,-27.802000,26.410000
1.579,-0.942000,-0.274000,-0.001000,6.824000,13.053000,-28.359000,26.460000
1.584,-1.007000,-0.272000,-0.014000,3.954000,11.565000,-35.351000,26.270000
1.597,-1.058000,-0.240000,-0.054000,-5.359000,-0.122000,-38.824000,26.460000
1.603,-1.046000,-0.307000,-0.115000,-11.313000,-29.153000,-47.947000,26.410000
1.615,-0.941000,-0.410000,-0.138000,-0.496000,-42.305000,-53.412000,26.320000
1.627,-0.915000,-0.322000,-0.108000,1.374000,-45.328000,-46.420000,26.410000
1.635,-0.891000,-0.365000,-0.122000,8.008000,-35.847000,-36.191000,26.410000
1.646,-0.911000,-0.265000,-0.084000,7.458000,-19.763000,-26.443000,26.410000
1.658,-0.999000,-0.273000,-0.071000,-0.267000,-17.344000,-26.389000,26.460000
1.664,-0.961000,-0.328000,-0.108000,-3.427000,-19.260000,-34.733000,26.270000
1.678,-0.919000,-0.378000,-0.148000,-3.824000,-19.550000,-37.695000,26.510000
1.683,-0.842000,-0.381000,-0.187000,-2.107000,-20.008000,-42.092000,26.320000
1.696,-0.791000,-0.350000,-0.221000,3.069000,-16.817000,-35.481000,26.410000
1.707,-0.863000,-0.406000,-0.218000,14.473000,-3.183000,-29.679000,26.410000
1.714,-0.965000,-0.348000,-0.213000,18.176000,5.336000,-16.351000,26.370000
1.727,-1.020000,-0.338000,-0.152000,15.924000,4.374000,-15.542000,26.370000
1.733,-1.020000,-0.285000,-0.138000,12.290000,2.053000,-30.084000,26.370000
1.746,-0.998000,-0.275000,-0.126000,2.763000,-3.191000,-38.000000,26.410000
1.757,-0.980000,-0.276000,-0.209000,-3.519000,-13.053000,-57.336000,26.410000
1.764,-0.851000,-0.330000,-0.312000,-1.069000,-3.840000,-63.038000,26.410000
1.777,-0.730000,-0.450000,-0.348000,7.893000,28.176000,-52.237000,26.460000
1.783,-0.846000,-0.447000,-0.388000,18.702000,59.573000,-49.565000,26.370000
1.796,-1.039000,-0.539000,-0.310000,20.985000,70.626000,-54.695000,26.370000
1.807,-1.143000,-0.551000,-0.271000,29.718000,64.092000,-64.718000,26.370000
1.814,-1.165000,-0.489000,-0.238000,33.817000,47.641000,-73.412000,26.410000
1.827,-1.079000,-0.459000,-0.194000,34.702000,32.137000,-85.191000,26.410000
1.833,-0.979000,-0.428000,-0.186000,31.649000,21.038000,-85.450000,26.410000
1.845,-0.920000,-0.395000,-0.201000,22.229000,18.527000,-89.840000,26.550000
1.857,-0.848000,-0.464000,-0.225000,14.969000,17.962000,-93.160000,26.370000
1.864,-0.734000,-0.527000,-0.250000,16.931000,20.740000,-95.008000,26.460000
1.878,-0.660000,-0.564000,-0.247000,22.740000,20.382000,-90.672000,26.510000
1.889,-0.610000,-0.597000,-0.258000,32.313000,26.412000,-89.374000,26.410000
1.896,-0.658000,-0.597000,-0.239000,39.664000,33.412000,-79.084000,26.410000
1.907,-0.818000,-0.626000,-0.167000,46.366000,27.176000,-67.473000,26.510000
1.913,-0.911000,-0.582000,-0.069000,49.588000,15.084000,-64.618000,26.410000
1.928,-0.917000,-0.559000,0.009000,44.992000,-1.786000,-68.115000,26.270000
1.939,-0.721000,-0.565000,0.061000,42.405000,-5.832000,-76.771000,26.460000
1.946,-0.559000,-0.603000,0.054000,38.908000,4.321000,-84.679000,26.510000
1.957,-0.491000,-0.553000,0.074000,35.427000,18.565000,-86.565000,26.510000
1.964,-0.532000,-0.534000,0.082000,26.802000,27.412000,-84.069000,26.410000
1.978,-0.625000,-0.548000,0.101000,14.191000,23.191000,-75.664000,26.460000
1.984,-0.792000,-0.594000,0.097000,2.321000,18.427000,-65.802000,26.550000
1.996,-0.895000,-0.636000,0.037000,-9.107000,4.374000,-60.931000,26.370000
2.007,-0.909000,-0.686000,-0.057000,-11.137000,-12.290000,-61.496000,26.460000
2.014,-0.871000,-0.744000,-0.115000,-9.031000,-23.076000,-65.603000,26.320000
2.028,-0.778000,-0.749000,-0.156000,1.756000,-33.618000,-72.809000,26.410000
2.039,-0.614000,-0.717000,-0.185000,14.962000,-29.473000,-80.733000,26.410000
2.045,-0.471000,-0.723000,-0.200000,17.718000,-7.802000,-83.855000,26.460000
2.057,-0.414000,-0.676000,-0.207000,9.191000,11.206000,-84.321000,26.460000
2.063,-0.402000,-0.692000,-0.234000,8.969000,23.084000,-83.244000,26.370000
2.078,-0.461000,-0.683000,-0.267000,6.115000,22.122000,-69.977000,26.510000
2.089,-0.523000,-0.744000,-0.299000,7.641000,7.550000,-59.282000,26.510000
2.095,-0.499000,-0.761000,-0.344000,10.939000,-1.435000,-52.450000,26.410000
2.107,-0.436000,-0.800000,-0.369000,18.786000,-7.076000,-43.366000,26.410000
2.114,-0.373000,-0.874000,-0.366000,34.038000,0.000000,-36.695000,26.460000
2.127,-0.443000,-0.825000,-0.302000,38.412000,19.618000,-31.275000,26.460000
2.139,-0.599000,-0.801000,-0.224000,33.313000,24.931000,-24.855000,26.460000
2.145,-0.786000,-0.750000,-0.132000,28.313000,22.496000,-30.237000,26.510000
2.157,-0.781000,-0.759000,-0.069000,30.695000,16.084000,-34.084000,26.510000
2.163,-0.719000,-0.771000,-0.051000,27.397000,15.061000,-40.733000,26.510000
2.177,-0.678000,-0.775000,-0.049000,22.618000,16.015000,-48.298000,26.510000
2.188,-0.680000,-0.810000,-0.028000,20.679000,12.672000,-49.427000,26.510000
2.196,-0.705000,-0.817000,0.011000,23.366000,3.076000,-49.985000,26.460000
2.207,-0.713000,-0.794000,0.030000,20.679000,-4.359000,-48.260000,26.460000
2.213,-0.637000,-0.844000,0.047000,20.382000,-16.137000,-50.550000,26.410000
2.227,-0.468000,-0.824000,0.029000,23.397000,-8.534000,-55.885000,26.510000
2.238,-0.399000,-0.773000,-0.044000,16.641000,4.321000,-58.618000,26.600000
2.245,-0.373000,-0.822000,-0.084000,14.763000,12.092000,-59.412000,26.460000
2.256,-0.393000,-0.816000,-0.138000,15.145000,17.863000,-51.504000,26.460000
2.263,-0.577000,-0.896000,-0.086000,18.092000,-0.779000,-39.038000,26.460000
2.277,-0.814000,-0.894000,0.000000,19.687000,-31.611000,-31.198000,26.410000
2.289,-0.955000,-0.858000,0.080000,17.840000,-79.160000,-25.099000,26.510000
2.295,-0.859000,-0.868000,0.110000,25.038000,-114.305000,-26.237000,26.600000
2.306,-0.524000,-0.784000,0.113000,22.786000,-118.786000,-40.626000,26.510000
2.313,-0.230000,-0.781000,0.110000,19.771000,-93.351000,-49.290000,26.460000
2.325,-0.131000,-0.732000,0.064000,9.832000,-52.351000,-55.328000,26.460000
2.338,-0.243000,-0.754000,-0.056000,2.260000,-29.489000,-50.656000,26.550000
2.345,-0.265000,-0.812000,-0.214000,4.924000,-25.702000,-42.725000,26.510000
2.356,-0.167000,-0.873000,-0.344000,11.496000,-18.183000,-36.496000,26.510000
2.368,-0.115000,-0.957000,-0.376000,19.901000,-10.939000,-25.710000,26.600000
2.377,-0.129000,-0.941000,-0.310000,23.511000,7.427000,-22.160000,26.550000
2.388,-0.303000,-0.951000,-0.199000,22.038000,9.641000,-16.550000,26.460000
2.395,-0.447000,-0.941000,-0.100000,24.397000,8.748000,-15.336000,26.460000
2.406,-0.546000,-0.922000,-0.024000,23.244000,-3.893000,-12.115000,26.410000
2.418,-0.511000,-0.849000,0.056000,24.382000,-15.595000,-9.382000,26.510000
2.424,-0.488000,-0.805000,0.088000,21.740000,-13.527000,-11.443000,26.410000
2.437,-0.458000,-0.852000,0.115000,19.809000,-13.366000,-13.756000,26.510000
2.444,-0.464000,-0.858000,0.157000,15.427000,0.130000,-17.626000,26.410000
2.456,-0.565000,-0.902000,0.171000,13.550000,-2.275000,-21.939000,26.460000
2.468,-0.571000,-0.911000,0.162000,11.947000,-12.260000,-26.321000,26.460000
2.475,-0.519000,-0.921000,0.112000,10.702000,-26.893000,-26.962000,26.510000
2.487,-0.426000,-0.933000,-0.012000,10.015000,-40.878000,-22.496000,26.600000
2.494,-0.405000,-0.945000,-0.103000,10.748000,-53.496000,-15.847000,26.600000
2.505,-0.367000,-0.972000,-0.159000,18.374000,-58.389000,-9.427000,26.460000
2.518,-0.253000,-0.956000,-0.120000,24.137000,-51.313000,-5.313000,26.550000
2.524,-0.193000,-0.880000,-0.032000,21.374000,-34.870000,-4.771000,26.460000
2.536,-0.223000,-0.851000,0.033000,15.275000,-20.198000,-2.412000,26.510000
2.544,-0.269000,-0.836000,0.080000,9.076000,-11.443000,-2.137000,26.600000
2.556,-0.262000,-0.829000,0.127000,10.679000,-13.679000,2.588000,26.510000
2.568,-0.176000,-0.789000,0.154000,11.634000,-17.771000,10.679000,26.510000
2.574,-0.125000,-0.780000,0.161000,6.702000,-18.794000,22.992000,26.550000
2.588,-0.113000,-0.800000,0.151000,0.267000,-13.885000,37.412000,26.550000
2.596,-0.150000,-0.825000,0.113000,-7.305000,-8.191000,50.733000,26.650000
2.606,-0.219000,-0.865000,0.143000,-10.344000,2.794000,60.038000,26.510000
2.613,-0.334000,-0.850000,0.150000,-12.771000,11.290000,68.000000,26.510000
2.625,-0.449000,-0.816000,0.111000,-17.214000,19.763000,68.061000,26.600000
2.637,-0.533000,-0.782000,0.043000,-17.634000,22.389000,60.366000,26.550000
2.645,-0.577000,-0.784000,0.018000,-13.756000,13.481000,49.069000,26.550000
2.657,-0.544000,-0.822000,0.015000,-8.481000,-1.198000,41.580000,26.550000
2.663,-0.429000,-0.834000,0.068000,-5.687000,-14.885000,40.550000,26.410000
2.677,-0.275000,-0.808000,0.117000,-8.710000,-13.336000,47.107000,26.600000
2.689,-0.193000,-0.775000,0.146000,-14.534000,-4.763000,60.160000,26.510000
2.695,-0.298000,-0.717000,0.160000,-19.366000,5.847000,73.603000,26.510000
2.707,-0.451000,-0.674000,0.150000,-22.985000,-1.573000,83.969000,26.650000
2.713,-0.512000,-0.709000,0.106000,-18.450000,-14.924000,84.435000,26.550000
2.728,-0.439000,-0.725000,0.090000,-16.214000,-28.634000,79.031000,26.690000
2.738,-0.318000,-0.785000,0.095000,-7.237000,-35.496000,73.870000,26.600000
2.745,-0.198000,-0.729000,0.115000,0.779000,-35.405000,73.985000,26.600000
2.757,-0.160000,-0.693000,0.157000,-1.489000,-24.725000,81.031000,26.550000
2.763,-0.302000,-0.594000,0.155000,-14.061000,-14.718000,96.947000,26.460000
2.777,-0.594000,-0.647000,0.073000,-26.992000,-20.779000,116.626000,26.550000
2.788,-0.785000,-0.668000,-0.028000,-32.489000,-28.649000,120.603000,26.410000
2.794,-0.878000,-0.775000,-0.104000,-25.878000,-41.580000,112.511000,26.510000
2.806,-0.880000,-0.820000,-0.144000,-16.756000,-53.878000,98.107000,26.510000
2.818,-0.770000,-0.834000,-0.133000,-4.282000,-62.542000,83.023000,26.600000
2.827,-0.570000,-0.847000,-0.085000,9.595000,-57.962000,72.519000,26.550000
2.838,-0.451000,-0.811000,-0.003000,15.458000,-44.260000,73.870000,26.460000
2.844,-0.530000,-0.700000,0.145000,9.947000,-39.473000,91.298000,26.650000
2.856,-0.689000,-0.610000,0.242000,-5.130000,-33.901000,110.878000,26.600000
2.868,-0.809000,-0.598000,0.262000,-22.053000,-26.374000,120.366000,26.600000
2.874,-0.989000,-0.618000,0.191000,-32.275000,-17.153000,116.366000,26.510000
2.887,-1.060000,-0.647000,0.109000,-36.466000,-19.901000,101.672000,26.550000
2.895,-0.997000,-0.698000,0.038000,-30.901000,-31.031000,80.061000,26.550000
2.905,-0.778000,-0.741000,0.010000,-21.939000,-35.382000,59.901000,26.550000
2.918,-0.534000,-0.780000,0.030000,-5.634000,-24.702000,52.748000,26.600000
2.924,-0.467000,-0.621000,0.146000,-6.969000,-3.786000,64.344000,26.600000
2.937,-0.614000,-0.503000,0.183000,-25.527000,23.542000,84.313000,26.600000
2.943,-0.836000,-0.516000,0.147000,-40.427000,34.634000,101.427000,26.600000
2.955,-1.029000,-0.562000,0.028000,-47.168000,37.511000,104.191000,26.650000
2.968,-1.145000,-0.627000,-0.063000,-45.076000,23.580000,94.748000,26.550000
2.974,-1.069000,-0.682000,-0.112000,-35.221000,-0.160000,78.183000,26.510000
2.987,-0.801000,-0.695000,-0.128000,-22.214000,-6.779000,61.450000,26.600000
2.994,-0.587000,-0.725000,-0.110000,-8.191000,2.855000,52.298000,26.510000
3.006,-0.444000,-0.676000,-0.117000,4.504000,31.290000,54.489000,26.650000
3.018,-0.366000,-0.598000,-0.080000,16.107000,68.023000,67.618000,26.550000
3.024,-0.473000,-0.458000,-0.048000,13.786000,91.962000,92.176000,26.550000
3.037,-0.627000,-0.343000,0.025000,4.183000,89.351000,125.351000,26.510000
3.044,-0.743000,-0.190000,0.098000,-12.939000,73.168000,157.008000,26.690000
3.056,-0.883000,-0.211000,0.112000,-29.374000,54.695000,184.176000,26.600000
3.068,-0.984000,-0.239000,0.073000,-40.382000,40.351000,193.237000,26.650000
3.074,-1.083000,-0.274000,0.034000,-46.443000,34.000000,185.305000,26.550000
3.087,-1.138000,-0.265000,-0.013000,-53.710000,28.489000,167.344000,26.650000
3.094,-1.169000,-0.275000,-0.062000,-56.710000,18.328000,142.809000,26.650000
3.105,-1.070000,-0.312000,-0.104000,-51.198000,14.496000,111.008000,26.600000
3.117,-0.955000,-0.328000,-0.137000,-38.985000,26.733000,88.511000,26.600000
3.124,-0.930000,-0.355000,-0.135000,-21.992000,37.244000,73.641000,26.600000
3.137,-0.945000,-0.306000,-0.099000,-8.107000,40.550000,69.427000,26.550000
3.144,-1.016000,-0.194000,-0.014000,-11.840000,36.107000,79.443000,26.550000
3.155,-1.085000,-0.123000,0.033000,-23.702000,5.038000,98.031000,26.550000
3.167,-1.056000,-0.121000,0.064000,-38.420000,-18.565000,115.389000,26.510000
3.174,-1.010000,-0.178000,0.027000,-50.450000,-20.053000,117.824000,26.510000
3.186,-0.999000,-0.172000,-0.028000,-63.092000,-11.275000,107.656000,26.600000
3.198,-1.012000,-0.204000,-0.062000,-64.267000,-18.221000,98.405000,26.600000
3.205,-0.896000,-0.243000,-0.125000,-57.214000,-13.008000,86.313000,26.550000
3.217,-0.792000,-0.291000,-0.163000,-47.725000,2.748000,67.687000,26.550000
3.223,-0.702000,-0.217000,-0.151000,-36.863000,15.542000,59.160000,26.690000
3.235,-0.733000,-0.038000,-0.097000,-36.359000,27.038000,70.443000,26.600000
3.247,-0.870000,-0.005000,-0.070000,-37.809000,20.237000,90.168000,26.600000
3.254,-0.921000,0.100000,-0.044000,-48.397000,4.229000,113.557000,26.460000
3.266,-1.210000,0.084000,-0.016000,-78.145000,-37.443000,128.664000,26.650000
3.273,-1.266000,-0.085000,-0.114000,-69.099000,-40.084000,124.809000,26.550000
3.285,-1.356000,-0.087000,-0.114000,-78.137000,-53.931000,73.771000,26.600000
3.297,-0.815000,-0.087000,-0.312000,-69.931000,-44.611000,67.053000,26.690000
3.304,-0.935000,-0.063000,-0.269000,-52.534000,-20.344000,63.809000,26.600000
3.316,-1.050000,-0.114000,-0.217000,-38.351000,-18.359000,45.412000,26.650000
3.328,-0.968000,-0.169000,-0.202000,-17.748000,-36.969000,32.725000,26.650000
3.335,-0.757000,-0.091000,-0.156000,1.427000,-34.527000,32.076000,26.650000
3.347,-0.714000,-0.095000,-0.167000,15.893000,-26.695000,44.618000,26.600000
3.354,-0.684000,0.036000,-0.151000,17.824000,-8.130000,66.763000,26.510000
3.366,-0.808000,0.097000,-0.128000,12.565000,15.168000,82.710000,26.600000
3.378,-1.010000,0.117000,-0.121000,8.015000,12.069000,85.282000,26.550000
3.386,-1.126000,0.122000,-0.053000,1.176000,-22.863000,79.122000,26.550000
3.397,-1.084000,0.245000,0.092000,-11.450000,-68.000000,75.794000,26.550000
3.404,-0.980000,0.262000,0.116000,-22.450000,-102.244000,80.756000,26.600000
3.416,-0.653000,0.273000,0.139000,-25.962000,-83.160000,91.962000,26.510000
3.422,-0.591000,0.316000,0.130000,-36.817000,-41.893000,119.626000,26.510000
3.435,-0.778000,0.312000,0.071000,-40.405000,0.244000,133.466000,26.600000
3.447,-1.031000,0.293000,0.045000,-44.641000,21.176000,135.298000,26.600000
3.454,-1.269000,0.260000,-0.005000,-45.389000,16.916000,126.000000,26.550000
3.466,-1.390000,0.167000,-0.032000,-46.718000,-7.450000,101.107000,26.650000
3.472,-1.309000,0.088000,-0.045000,-41.809000,-39.435000,68.893000,26.600000
3.485,-1.005000,0.065000,-0.074000,-28.725000,-59.405000,48.214000,26.690000
3.498,-0.609000,0.172000,-0.049000,-3.481000,-40.282000,48.618000,26.690000
3.504,-0.465000,0.377000,0.003000,6.160000,0.710000,67.550000,26.550000
3.519,-0.646000,0.548000,0.065000,-1.023000,39.489000,95.252000,26.650000
3.523,-1.041000,0.567000,0.088000,-12.183000,53.779000,115.496000,26.650000
3.536,-1.305000,0.598000,0.071000,-26.977000,41.076000,117.794000,26.600000
3.548,-1.472000,0.460000,0.044000,-35.122000,3.557000,106.328000,26.600000
3.554,-1.424000,0.344000,-0.009000,-36.435000,-31.137000,80.847000,26.690000
3.567,-1.204000,0.306000,-0.047000,-28.695000,-51.115000,60.908000,26.550000
3.574,-0.895000,0.291000,-0.059000,-13.771000,-36.206000,47.695000,26.650000
3.586,-0.699000,0.392000,-0.015000,-4.275000,3.656000,48.435000,26.650000
3.598,-0.775000,0.468000,-0.015000,-1.458000,39.053000,58.695000,26.600000
3.605,-0.957000,0.494000,-0.010000,-3.817000,53.000000,65.153000,26.600000
3.617,-1.081000,0.511000,0.006000,-10.229000,48.366000,70.542000,26.600000
3.624,-1.157000,0.472000,0.001000,-17.321000,22.901000,68.863000,26.650000
3.637,-1.107000,0.388000,-0.003000,-17.183000,-7.176000,61.061000,26.650000
3.643,-1.009000,0.349000,0.010000,-14.031000,-24.260000,53.336000,26.650000
3.655,-0.831000,0.341000,0.004000,-6.450000,-23.084000,49.450000,26.650000
3.668,-0.661000,0.440000,0.034000,-2.061000,0.405000,54.191000,26.600000
3.674,-0.673000,0.498000,0.038000,-2.847000,25.794000,64.595000,26.600000
3.687,-0.801000,0.523000,0.050000,-6.130000,35.481000,69.458000,26.690000
3.694,-0.947000,0.530000,0.042000,-14.206000,30.344000,72.397000,26.690000
3.706,-1.015000,0.503000,0.038000,-21.573000,6.794000,69.298000,26.650000
3.713,-0.972000,0.438000,0.051000,-26.107000,-24.748000,63.962000,26.740000
3.728,-0.831000,0.380000,0.034000,-24.656000,-45.824000,58.336000,26.600000
3.737,-0.606000,0.429000,0.022000,-16.130000,-38.603000,60.397000,26.600000
3.745,-0.461000,0.560000,0.036000,-13.221000,-6.336000,75.962000,26.690000
3.757,-0.534000,0.646000,0.036000,-14.000000,25.275000,93.344000,26.650000
3.763,-0.727000,0.687000,0.035000,-16.542000,38.641000,104.794000,26.550000
3.779,-0.913000,0.703000,0.033000,-21.908000,31.649000,107.641000,26.550000
3.788,-1.007000,0.662000,0.048000,-27.580000,7.061000,100.863000,26.600000
3.795,-1.002000,0.602000,0.061000,-32.298000,-26.931000,90.840000,26.600000
3.807,-0.929000,0.505000,0.054000,-33.985000,-57.725000,81.046000,26.690000
3.814,-0.642000,0.530000,0.031000,-28.931000,-59.656000,73.550000,26.650000
3.828,-0.350000,0.660000,0.032000,-24.496000,-24.031000,86.061000,26.550000
3.839,-0.296000,0.725000,0.018000,-18.878000,16.420000,107.366000,26.650000
3.846,-0.438000,0.818000,-0.000000,-19.221000,46.023000,127.748000,26.600000
3.857,-0.692000,0.828000,-0.023000,-23.542000,52.710000,144.053000,26.600000
3.864,-0.931000,0.856000,-0.034000,-30.748000,36.710000,146.107000,26.600000
3.878,-1.062000,0.825000,-0.029000,-39.702000,-4.061000,144.122000,26.550000
3.888,-1.104000,0.684000,-0.004000,-39.496000,-54.779000,134.893000,26.550000
3.894,-1.038000,0.559000,0.000000,-31.061000,-101.260000,113.939000,26.650000
3.906,-0.750000,0.498000,0.034000,-26.870000,-104.229000,87.260000,26.600000
3.913,-0.423000,0.496000,0.075000,-12.076000,-80.405000,78.092000,26.690000
3.927,-0.175000,0.627000,0.087000,0.504000,-35.756000,80.031000,26.690000
3.938,-0.116000,0.841000,0.119000,7.863000,16.145000,92.802000,26.600000
3.945,-0.250000,1.012000,0.129000,3.840000,50.901000,113.076000,26.690000
3.957,-0.583000,1.119000,0.111000,-4.069000,52.649000,138.710000,26.650000
3.964,-0.853000,1.099000,0.095000,-21.198000,31.466000,146.840000,26.550000
3.978,-0.955000,1.022000,0.073000,-31.550000,5.870000,140.763000,26.690000
3.983,-0.918000,0.949000,0.105000,-34.344000,-18.756000,123.824000,26.690000
3.995,-0.822000,0.867000,0.088000,-33.771000,-36.313000,108.191000,26.690000
4.007,-0.645000,0.861000,0.094000,-24.405000,-34.198000,85.389000,26.650000
4.014,-0.518000,0.964000,0.100000,-25.351000,-14.122000,74.168000,26.650000
4.027,-0.517000,0.978000,0.072000,-20.740000,-5.137000,68.290000,26.650000
4.035,-0.578000,0.987000,0.047000,-18.527000,-4.634000,65.985000,26.600000
4.045,-0.622000,0.950000,0.070000,-16.534000,-14.206000,63.183000,26.600000
4.059,-0.597000,0.930000,0.087000,-12.313000,-21.901000,58.092000,26.690000
4.065,-0.545000,0.888000,0.110000,-6.947000,-31.847000,51.183000,26.550000
4.078,-0.444000,0.877000,0.151000,1.511000,-40.008000,47.107000,26.550000
4.085,-0.429000,0.837000,0.155000,3.924000,-39.084000,45.656000,26.650000
4.097,-0.289000,0.915000,0.186000,-0.702000,-19.115000,43.168000,26.690000
4.103,-0.256000,0.961000,0.193000,0.435000,-5.939000,48.893000,26.600000
4.116,-0.281000,0.997000,0.211000,2.672000,-3.931000,49.313000,26.600000
4.123,-0.291000,1.019000,0.203000,0.015000,5.466000,55.603000,26.600000
4.136,-0.413000,1.014000,0.176000,-0.733000,-3.229000,61.427000,26.650000
4.148,-0.434000,0.997000,0.199000,-1.519000,-8.634000,64.794000,26.650000
4.154,-0.442000,1.000000,0.212000,-3.214000,-14.847000,68.733000,26.650000
4.167,-0.417000,0.992000,0.200000,-10.359000,-15.962000,70.496000,26.600000
4.173,-0.426000,0.920000,0.188000,-0.542000,-33.893000,62.595000,26.600000
4.186,-0.290000,0.992000,0.242000,-6.924000,-4.603000,60.977000,26.600000
4.193,-0.290000,1.010000,0.250000,-12.191000,1.389000,57.580000,26.600000
4.205,-0.320000,1.041000,0.212000,-14.580000,3.618000,54.130000,26.650000
4.217,-0.317000,1.045000,0.188000,-16.733000,5.321000,53.489000,26.550000
4.224,-0.307000,1.028000,0.165000,-13.198000,6.427000,52.031000,26.600000
4.237,-0.322000,0.995000,0.148000,-10.252000,-0.145000,54.969000,26.600000
4.244,-0.352000,0.952000,0.140000,-6.191000,-10.756000,60.504000,26.600000
4.256,-0.371000,0.956000,0.164000,-1.901000,-20.267000,62.740000,26.650000
4.263,-0.397000,0.978000,0.180000,0.603000,-28.038000,62.626000,26.650000
4.275,-0.334000,1.015000,0.209000,-2.374000,-25.298000,59.450000,26.650000
4.287,-0.314000,1.026000,0.229000,-3.443000,-25.893000,57.557000,26.600000
4.294,-0.295000,1.022000,0.221000,-4.481000,-24.153000,52.504000,26.600000
4.307,-0.289000,1.031000,0.235000,-5.802000,-21.412000,51.466000,26.690000
4.313,-0.332000,1.004000,0.222000,-4.710000,-23.481000,49.351000,26.650000
4.328,-0.351000,1.003000,0.211000,-4.931000,-28.191000,48.962000,26.650000
4.338,-0.307000,0.982000,0.229000,-1.687000,-25.763000,47.328000,26.650000
4.345,-0.304000,0.986000,0.226000,-2.542000,-23.374000,46.802000,26.690000
4.357,-0.300000,0.989000,0.239000,-1.763000,-24.496000,46.771000,26.690000
4.364,-0.316000,0.999000,0.241000,1.947000,-26.359000,44.244000,26.600000
4.377,-0.342000,0.991000,0.225000,-0.275000,-28.870000,43.542000,26.690000
4.383,-0.372000,0.968000,0.197000,1.427000,-39.924000,44.412000,26.650000
4.396,-0.311000,0.977000,0.232000,-1.634000,-33.969000,37.634000,26.550000
4.408,-0.232000,1.000000,0.253000,-2.550000,-25.130000,35.313000,26.740000
4.415,-0.222000,0.983000,0.234000,-0.771000,-17.405000,31.313000,26.690000
4.427,-0.215000,1.035000,0.234000,-0.565000,-7.061000,25.229000,26.690000
4.434,-0.233000,1.017000,0.216000,-0.191000,-0.481000,20.740000,26.690000
4.447,-0.261000,1.004000,0.198000,1.305000,0.153000,17.122000,26.690000
4.453,-0.289000,0.986000,0.187000,3.076000,-2.931000,14.725000,26.650000
4.466,-0.310000,0.977000,0.181000,5.130000,-8.290000,12.580000,26.650000
4.473,-0.323000,0.962000,0.177000,7.847000,-19.351000,10.443000,26.690000
4.486,-0.286000,0.977000,0.174000,10.420000,-32.160000,8.198000,26.790000
4.498,-0.229000,0.996000,0.179000,10.931000,-36.855000,9.725000,26.600000
4.505,-0.237000,1.004000,0.193000,14.382000,-41.603000,12.771000,26.650000
4.517,-0.225000,1.024000,0.180000,7.641000,-45.870000,15.427000,26.550000
4.524,-0.161000,1.023000,0.198000,6.855000,-40.756000,13.382000,26.650000
4.537,-0.126000,1.035000,0.202000,4.733000,-31.336000,14.069000,26.690000
4.543,-0.124000,1.022000,0.195000,2.252000,-23.641000,15.069000,26.690000
4.556,-0.153000,0.993000,0.187000,1.794000,-17.053000,14.802000,26.690000
4.561,-0.187000,0.959000,0.158000,2.298000,-13.359000,13.817000,26.740000
4.575,-0.187000,0.967000,0.149000,3.084000,-13.588000,10.710000,26.740000
4.588,-0.167000,0.984000,0.161000,2.542000,-10.840000,11.534000,26.650000
4.595,-0.180000,0.999000,0.169000,1.267000,-10.405000,11.397000,26.740000
4.607,-0.168000,0.991000,0.161000,0.718000,-11.901000,10.389000,26.690000
4.613,-0.147000,1.012000,0.171000,-1.458000,-11.183000,11.939000,26.690000
4.628,-0.180000,1.002000,0.170000,-2.374000,-13.634000,13.763000,26.690000
4.633,-0.213000,0.985000,0.164000,-2.664000,-18.626000,13.305000,26.740000
4.646,-0.223000,0.965000,0.167000,-2.832000,-20.557000,9.557000,26.740000
4.657,-0.205000,1.005000,0.171000,-6.450000,-20.626000,0.244000,26.740000
4.664,-0.178000,1.011000,0.151000,-8.534000,-23.534000,-18.130000,26.690000
4.678,-0.157000,0.980000,0.166000,0.580000,-27.733000,-27.099000,26.690000
4.685,-0.133000,0.974000,0.158000,-4.672000,-19.687000,-27.573000,26.690000
4.697,-0.131000,0.959000,0.148000,-3.359000,-15.664000,-26.015000,26.600000
4.708,-0.128000,0.971000,0.139000,-0.122000,-17.962000,-22.794000,26.650000
4.715,-0.140000,0.956000,0.138000,0.573000,-21.321000,-16.397000,26.740000
4.728,-0.145000,0.930000,0.131000,3.122000,-24.198000,-13.450000,26.690000
4.734,-0.100000,0.931000,0.150000,3.634000,-21.863000,-12.878000,26.690000
4.747,-0.081000,0.944000,0.162000,3.763000,-16.481000,-13.107000,26.600000
4.753,-0.080000,0.944000,0.161000,3.969000,-14.496000,-13.611000,26.740000
4.765,-0.081000,0.950000,0.174000,4.443000,-12.122000,-12.481000,26.740000
4.778,-0.095000,0.936000,0.174000,3.489000,-13.649000,-9.603000,26.740000
4.785,-0.089000,0.926000,0.177000,4.794000,-15.878000,-7.450000,26.740000
4.797,-0.062000,0.938000,0.183000,5.832000,-14.366000,-6.656000,26.600000
4.804,-0.066000,0.932000,0.191000,7.069000,-14.595000,-4.840000,26.690000
4.816,-0.067000,0.944000,0.191000,8.405000,-16.435000,-3.550000,26.690000
4.823,-0.063000,0.963000,0.186000,7.191000,-14.748000,-3.176000,26.840000
4.836,-0.071000,0.982000,0.191000,5.450000,-15.939000,-1.527000,26.740000
4.848,-0.075000,1.005000,0.195000,3.466000,-16.511000,2.046000,26.740000
4.855,-0.097000,0.984000,0.189000,1.931000,-16.061000,5.603000,26.880000
4.867,-0.072000,0.969000,0.203000,3.298000,-10.954000,2.366000,26.690000
4.874,-0.031000,0.996000,0.205000,1.435000,-3.710000,-0.588000,26.690000
4.887,-0.030000,0.964000,0.205000,2.947000,2.290000,-1.015000,26.790000
4.894,-0.050000,0.968000,0.206000,2.809000,9.092000,-0.580000,26.740000
4.907,-0.091000,0.987000,0.203000,2.160000,10.275000,1.588000,26.740000
4.914,-0.123000,0.996000,0.201000,1.145000,5.359000,4.115000,26.740000
4.927,-0.147000,0.987000,0.186000,0.260000,-1.893000,7.237000,26.790000
4.934,-0.167000,0.994000,0.189000,0.038000,-6.847000,7.504000,26.690000
4.947,-0.181000,0.988000,0.187000,0.137000,-12.511000,5.649000,26.600000
4.953,-0.175000,0.986000,0.188000,-0.695000,-17.076000,0.802000,26.690000
4.965,-0.129000,0.990000,0.188000,-0.557000,-18.466000,-5.794000,26.740000
4.979,-0.080000,0.967000,0.188000,2.008000,-19.305000,-11.252000,26.740000
4.985,-0.062000,0.958000,0.172000,3.557000,-16.893000,-14.740000,26.690000
4.997,-0.056000,0.961000,0.167000,3.237000,-14.092000,-14.573000,26.690000
5.003,-0.066000,0.959000,0.182000,3.817000,-14.656000,-10.061000,26.790000
5.016,-0.051000,0.959000,0.184000,3.939000,-12.695000,-4.511000,26.740000
5.023,-0.048000,0.964000,0.208000,3.405000,-8.221000,-0.931000,26.740000
5.036,-0.080000,0.965000,0.208000,1.511000,-8.168000,2.702000,26.740000
5.042,-0.101000,0.963000,0.204000,0.962000,-6.550000,2.748000,26.790000
5.055,-0.108000,0.967000,0.195000,-1.618000,-7.115000,2.893000,26.790000
5.068,-0.098000,0.952000,0.176000,-1.878000,-8.763000,1.817000,26.790000
5.075,-0.087000,0.965000,0.163000,-1.198000,-10.122000,3.176000,26.740000
5.087,-0.087000,0.969000,0.160000,-0.084000,-11.336000,6.466000,26.740000
5.094,-0.119000,0.982000,0.166000,1.344000,-15.802000,9.176000,26.740000
5.106,-0.131000,0.973000,0.169000,2.382000,-19.840000,10.756000,26.790000
5.113,-0.123000,0.979000,0.183000,1.962000,-19.679000,9.237000,26.790000
5.127,-0.104000,0.982000,0.197000,1.168000,-18.008000,9.252000,26.790000
5.134,-0.112000,0.974000,0.201000,1.137000,-15.702000,8.214000,26.740000
5.146,-0.117000,0.981000,0.199000,1.046000,-13.939000,7.122000,26.740000
5.158,-0.135000,0.984000,0.192000,0.122000,-14.695000,5.595000,26.740000
5.164,-0.154000,0.990000,0.166000,-1.183000,-21.641000,6.954000,26.790000
5.178,-0.162000,0.980000,0.142000,1.176000,-32.595000,8.145000,26.790000
5.185,-0.142000,0.962000,0.125000,5.458000,-44.405000,11.214000,26.690000
5.196,-0.126000,0.967000,0.120000,9.229000,-53.420000,14.275000,26.790000
5.204,-0.082000,0.968000,0.145000,11.565000,-58.198000,16.916000,26.790000
5.216,-0.032000,0.977000,0.148000,12.405000,-54.702000,18.282000,26.840000
5.228,-0.004000,0.981000,0.173000,12.214000,-46.763000,17.573000,26.840000
5.235,-0.001000,0.984000,0.199000,12.466000,-37.328000,15.397000,26.790000
5.247,-0.024000,0.984000,0.206000,9.695000,-30.107000,13.450000,26.880000
5.254,-0.049000,0.976000,0.205000,7.870000,-28.763000,11.198000,26.790000
5.267,-0.050000,0.974000,0.197000,5.962000,-27.023000,8.931000,26.740000
5.273,-0.033000,0.970000,0.208000,5.038000,-25.198000,6.893000,26.840000
5.287,-0.027000,0.967000,0.211000,4.458000,-24.534000,7.336000,26.840000
5.294,-0.043000,0.959000,0.206000,2.824000,-24.992000,7.427000,26.790000
5.306,-0.030000,0.970000,0.192000,2.748000,-25.412000,7.618000,26.790000
5.318,-0.018000,0.980000,0.196000,3.122000,-22.969000,8.420000,26.790000
5.329,-0.011000,0.988000,0.201000,3.000000,-19.313000,9.130000,26.740000
5.338,-0.042000,0.992000,0.197000,2.359000,-17.359000,9.679000,26.840000
5.345,-0.072000,1.000000,0.190000,2.298000,-17.244000,8.565000,26.840000
5.357,-0.080000,0.986000,0.196000,1.618000,-16.328000,6.756000,26.790000
5.364,-0.078000,0.988000,0.196000,1.779000,-14.405000,2.870000,26.790000
5.377,-0.060000,0.985000,0.204000,1.618000,-11.115000,-0.359000,26.690000
5.384,-0.068000,0.980000,0.207000,0.000000,-9.481000,-2.542000,26.840000
5.397,-0.057000,0.982000,0.195000,0.015000,-9.802000,-3.779000,26.840000
5.403,-0.045000,0.994000,0.197000,-0.099000,-8.947000,-3.076000,26.840000
5.415,-0.058000,0.995000,0.199000,-0.427000,-12.229000,-0.267000,26.790000
5.428,-0.071000,1.000000,0.192000,-0.763000,-15.969000,1.962000,26.790000
5.435,-0.060000,0.991000,0.198000,-2.809000,-17.641000,2.206000,26.790000
5.448,-0.041000,0.978000,0.212000,-2.763000,-17.855000,2.817000,26.790000
5.454,-0.044000,0.962000,0.212000,-2.664000,-14.931000,1.924000,26.790000
5.466,-0.042000,0.971000,0.209000,-3.168000,-11.649000,0.130000,26.840000
5.473,-0.039000,0.961000,0.202000,-4.092000,-8.779000,-1.221000,26.840000
5.488,-0.025000,0.960000,0.188000,-4.366000,-4.718000,-2.779000,26.880000
5.498,-0.024000,0.965000,0.186000,-4.084000,-2.863000,-2.626000,26.790000
5.505,-0.036000,0.963000,0.176000,-2.198000,-2.641000,-1.580000,26.690000
5.517,-0.037000,0.964000,0.180000,-0.779000,-4.008000,-0.458000,26.840000
5.524,-0.050000,0.972000,0.185000,-0.153000,-6.160000,0.840000,26.840000
5.537,-0.043000,0.993000,0.185000,-0.832000,-6.863000,1.344000,26.740000
5.545,-0.035000,0.990000,0.193000,-1.870000,-5.786000,0.802000,26.880000
5.556,-0.023000,1.005000,0.193000,-2.389000,-2.519000,0.450000,26.790000
5.563,-0.032000,0.992000,0.180000,-3.634000,-0.412000,0.763000,26.880000
5.577,-0.052000,0.981000,0.160000,-3.351000,-0.412000,0.427000,26.740000
5.582,-0.062000,0.982000,0.153000,-2.588000,-1.107000,0.313000,26.840000
5.597,-0.070000,0.971000,0.155000,-1.412000,-3.321000,-0.183000,26.840000
5.608,-0.048000,0.972000,0.168000,-0.275000,-2.931000,-1.275000,26.840000
5.614,-0.022000,0.983000,0.175000,0.649000,-1.328000,-2.275000,26.790000
5.628,-0.018000,0.995000,0.181000,0.015000,1.382000,-3.168000,26.790000
5.635,-0.000000,0.980000,0.176000,-0.389000,5.931000,-3.176000,26.790000
5.646,-0.021000,0.973000,0.171000,-0.817000,7.160000,-2.641000,26.840000
5.654,-0.032000,0.965000,0.159000,-0.130000,6.412000,-2.328000,26.840000
5.666,-0.038000,0.971000,0.157000,0.580000,3.733000,-1.595000,26.840000
5.673,-0.046000,0.965000,0.160000,1.534000,-1.237000,-1.023000,26.790000
5.686,-0.038000,0.975000,0.163000,1.794000,-5.718000,-1.076000,26.790000
5.698,-0.018000,0.980000,0.174000,2.107000,-7.336000,-1.084000,26.790000
5.705,0.000000,0.989000,0.178000,1.366000,-6.504000,-0.542000,26.790000
5.718,0.010000,0.982000,0.195000,0.824000,-3.000000,0.496000,26.840000
5.728,0.005000,0.987000,0.161000,0.237000,0.122000,1.534000,26.840000
5.738,-0.009000,0.973000,0.168000,0.443000,1.069000,2.763000,26.880000
5.745,-0.031000,0.967000,0.160000,0.779000,-0.031000,3.504000,26.790000
5.758,-0.049000,0.958000,0.162000,1.718000,-2.420000,3.023000,26.880000
5.764,-0.053000,0.961000,0.176000,2.237000,-5.870000,2.252000,26.930000
5.777,-0.036000,0.952000,0.182000,2.473000,-7.473000,1.237000,26.840000
5.784,0.003000,0.969000,0.204000,1.878000,-4.908000,0.618000,26.740000
5.797,0.010000,0.984000,0.199000,0.733000,-0.214000,0.649000,26.880000
5.804,0.009000,0.972000,0.192000,0.107000,3.786000,1.809000,26.790000
5.817,-0.013000,0.970000,0.184000,0.115000,5.359000,3.305000,26.880000
5.824,-0.024000,0.954000,0.175000,0.954000,4.252000,4.214000,26.930000
5.837,-0.032000,0.966000,0.164000,0.847000,2.435000,5.580000,26.930000
5.845,-0.043000,0.976000,0.168000,1.038000,0.992000,5.840000,26.840000
5.856,-0.044000,0.976000,0.173000,0.389000,-0.733000,5.656000,26.880000
5.863,-0.057000,0.990000,0.174000,-0.176000,-2.573000,5.260000,26.880000
5.877,-0.049000,0.987000,0.169000,0.000000,-2.298000,3.519000,26.690000
5.884,-0.045000,0.981000,0.173000,0.031000,-0.252000,3.069000,26.840000
5.896,-0.041000,0.977000,0.172000,0.489000,1.840000,2.519000,26.930000
5.903,-0.056000,0.980000,0.163000,0.878000,3.321000,2.313000,26.840000
5.922,-0.066000,0.979000,0.162000,1.389000,2.748000,1.687000,26.880000
