time_sec,ax,ay,az,gx,gy,gz,temp_c
0.014,-0.284000,0.595000,0.168000,16.916000,-0.550000,-41.962000,28.250000
0.026,-0.271000,0.581000,0.162000,18.076000,-4.962000,-43.359000,28.250000
0.032,-0.265000,0.573000,0.169000,18.718000,-8.969000,-44.214000,28.290000
0.045,-0.277000,0.564000,0.195000,15.519000,-15.443000,-45.573000,28.200000
0.057,-0.234000,0.573000,0.201000,14.374000,-14.924000,-44.901000,28.200000
0.064,-0.175000,0.608000,0.228000,11.099000,-11.718000,-44.603000,28.340000
0.080,-0.151000,0.626000,0.224000,8.756000,-7.237000,-43.321000,28.250000
0.087,-0.143000,0.650000,0.222000,6.702000,0.061000,-39.351000,28.290000
0.097,-0.160000,0.670000,0.209000,5.267000,5.183000,-33.542000,28.290000
0.102,-0.179000,0.696000,0.212000,6.489000,10.832000,-29.664000,28.290000
0.116,-0.234000,0.701000,0.196000,4.565000,13.176000,-24.847000,28.250000
0.128,-0.281000,0.709000,0.185000,1.992000,12.580000,-21.969000,28.150000
0.135,-0.290000,0.742000,0.174000,-1.786000,12.924000,-22.267000,28.200000
0.147,-0.323000,0.745000,0.160000,-0.802000,10.870000,-22.656000,28.290000
0.154,-0.377000,0.773000,0.145000,1.290000,8.221000,-24.710000,28.250000
0.167,-0.433000,0.773000,0.147000,3.489000,1.183000,-26.748000,28.150000
0.173,-0.469000,0.745000,0.157000,5.153000,-7.893000,-32.405000,28.200000
0.186,-0.469000,0.718000,0.177000,6.069000,-19.481000,-40.053000,28.290000
0.198,-0.420000,0.689000,0.195000,5.893000,-28.634000,-46.351000,28.290000
0.205,-0.366000,0.700000,0.211000,4.252000,-34.061000,-50.733000,28.250000
0.217,-0.281000,0.741000,0.224000,2.611000,-34.779000,-53.298000,28.250000
0.226,-0.219000,0.769000,0.240000,4.282000,-30.519000,-51.595000,28.200000
0.237,-0.195000,0.803000,0.265000,6.962000,-24.214000,-46.519000,28.200000
0.244,-0.195000,0.860000,0.281000,8.122000,-12.954000,-38.344000,28.250000
0.255,-0.228000,0.935000,0.305000,7.092000,-3.214000,-28.389000,28.250000
0.268,-0.276000,0.967000,0.339000,3.618000,4.626000,-22.779000,28.340000
0.276,-0.347000,0.997000,0.327000,-4.557000,11.443000,-23.580000,28.200000
0.288,-0.420000,0.977000,0.302000,-11.519000,11.565000,-31.198000,28.290000
0.295,-0.443000,0.933000,0.262000,-14.534000,8.664000,-43.931000,28.290000
0.306,-0.438000,0.902000,0.217000,-15.420000,1.863000,-47.214000,28.250000
0.318,-0.381000,0.886000,0.191000,-16.191000,-4.084000,-47.290000,28.290000
0.326,-0.311000,0.886000,0.183000,-14.832000,-5.786000,-41.931000,28.200000
0.338,-0.288000,0.895000,0.174000,-10.672000,-5.023000,-34.534000,28.250000
0.344,-0.315000,0.934000,0.187000,-5.466000,-2.191000,-28.565000,28.340000
0.356,-0.365000,0.943000,0.204000,-1.443000,1.061000,-26.046000,28.250000
0.363,-0.422000,0.923000,0.200000,-3.847000,4.351000,-25.229000,28.200000
0.377,-0.451000,0.871000,0.219000,-4.947000,8.382000,-28.275000,28.200000
0.389,-0.453000,0.848000,0.205000,-5.168000,11.298000,-30.786000,28.250000
0.395,-0.445000,0.845000,0.206000,-5.168000,12.198000,-34.794000,28.250000
0.407,-0.437000,0.851000,0.205000,-5.603000,15.366000,-36.725000,28.250000
0.414,-0.410000,0.861000,0.203000,-6.924000,17.573000,-35.160000,28.290000
0.428,-0.414000,0.871000,0.233000,-6.008000,18.847000,-31.221000,28.290000
0.434,-0.451000,0.864000,0.235000,-6.221000,17.122000,-27.832000,28.250000
0.446,-0.466000,0.868000,0.240000,-4.084000,13.947000,-26.725000,28.250000
0.458,-0.491000,0.858000,0.229000,-4.351000,12.183000,-27.260000,28.390000
0.465,-0.499000,0.862000,0.225000,-9.015000,11.489000,-27.122000,28.290000
0.477,-0.514000,0.827000,0.220000,-10.824000,10.427000,-23.962000,28.290000
0.486,-0.523000,0.795000,0.190000,-12.908000,8.649000,-26.672000,28.250000
0.497,-0.520000,0.776000,0.176000,-13.015000,8.084000,-28.244000,28.250000
0.503,-0.498000,0.760000,0.183000,-9.221000,9.542000,-29.527000,28.290000
0.516,-0.477000,0.778000,0.184000,-4.931000,12.481000,-27.412000,28.290000
0.528,-0.460000,0.814000,0.231000,-1.351000,17.763000,-22.298000,28.340000
0.535,-0.491000,0.840000,0.257000,-0.588000,21.214000,-16.107000,28.250000
0.547,-0.541000,0.860000,0.267000,-2.710000,24.603000,-15.901000,28.250000
0.554,-0.556000,0.847000,0.275000,-5.695000,27.443000,-14.847000,28.290000
0.566,-0.588000,0.849000,0.266000,-9.679000,27.420000,-17.916000,28.290000
0.579,-0.613000,0.830000,0.243000,-12.947000,24.008000,-21.527000,28.250000
0.586,-0.623000,0.775000,0.212000,-12.565000,20.313000,-24.237000,28.340000
0.598,-0.614000,0.753000,0.195000,-9.466000,16.519000,-23.603000,28.200000
0.604,-0.613000,0.756000,0.202000,-5.779000,12.611000,-20.656000,28.200000
0.617,-0.604000,0.760000,0.221000,-2.366000,10.626000,-18.366000,28.290000
0.626,-0.617000,0.778000,0.250000,-0.992000,8.489000,-17.557000,28.150000
0.637,-0.625000,0.774000,0.259000,-2.397000,6.031000,-19.595000,28.250000
0.648,-0.605000,0.783000,0.260000,-3.985000,6.183000,-21.198000,28.200000
0.655,-0.598000,0.776000,0.257000,-6.031000,7.076000,-20.405000,28.290000
0.668,-0.598000,0.781000,0.244000,-4.809000,8.366000,-20.046000,28.290000
0.676,-0.616000,0.786000,0.230000,-4.725000,11.351000,-19.924000,28.250000
0.687,-0.648000,0.767000,0.224000,-6.046000,11.397000,-20.947000,28.250000
0.694,-0.646000,0.754000,0.221000,-5.733000,10.947000,-25.580000,28.200000
0.706,-0.630000,0.761000,0.219000,-6.740000,11.489000,-27.496000,28.390000
0.718,-0.605000,0.753000,0.208000,-6.679000,12.656000,-29.099000,28.150000
0.726,-0.568000,0.793000,0.214000,-5.969000,18.321000,-24.832000,28.250000
0.737,-0.598000,0.809000,0.214000,-6.534000,22.191000,-18.962000,28.200000
0.745,-0.652000,0.784000,0.187000,-5.099000,24.397000,-15.847000,28.200000
0.756,-0.700000,0.808000,0.186000,-4.038000,26.069000,-16.107000,28.290000
0.763,-0.769000,0.812000,0.177000,-0.305000,19.977000,-13.153000,28.250000
0.776,-0.825000,0.759000,0.184000,2.504000,11.435000,-17.656000,28.250000
0.788,-0.857000,0.757000,0.197000,3.473000,1.527000,-23.015000,28.290000
0.796,-0.846000,0.730000,0.222000,3.473000,-7.924000,-33.939000,28.200000
0.807,-0.788000,0.710000,0.239000,-0.740000,-15.550000,-43.336000,28.250000
0.814,-0.691000,0.747000,0.254000,-6.672000,-16.427000,-49.443000,28.250000
0.827,-0.604000,0.754000,0.246000,-10.672000,-13.397000,-51.725000,28.250000
0.839,-0.572000,0.746000,0.213000,-12.374000,-9.267000,-47.351000,28.290000
0.845,-0.618000,0.675000,0.173000,-10.626000,-8.427000,-42.863000,28.290000
0.857,-0.655000,0.629000,0.163000,-1.626000,-8.137000,-43.115000,28.290000
0.864,-0.660000,0.641000,0.184000,6.122000,-6.145000,-43.038000,28.250000
0.877,-0.667000,0.638000,0.223000,12.321000,-3.588000,-44.580000,28.200000
0.888,-0.663000,0.703000,0.251000,16.366000,2.779000,-45.336000,28.390000
0.897,-0.696000,0.749000,0.298000,14.641000,6.893000,-43.870000,28.200000
0.908,-0.733000,0.761000,0.297000,7.084000,7.763000,-45.824000,28.250000
0.915,-0.746000,0.771000,0.291000,-1.908000,5.771000,-47.305000,28.250000
0.928,-0.743000,0.748000,0.269000,-9.824000,1.634000,-48.511000,28.290000
0.935,-0.735000,0.693000,0.227000,-12.824000,-4.817000,-49.733000,28.290000
0.947,-0.720000,0.645000,0.183000,-12.168000,-8.855000,-50.458000,28.340000
0.953,-0.690000,0.619000,0.150000,-7.099000,-8.901000,-49.221000,28.250000
0.966,-0.657000,0.668000,0.156000,-1.046000,-4.305000,-43.664000,28.250000
0.979,-0.709000,0.659000,0.170000,1.321000,-0.595000,-40.702000,28.200000
0.987,-0.743000,0.641000,0.169000,1.786000,2.069000,-43.420000,28.290000
0.998,-0.760000,0.612000,0.178000,0.840000,2.969000,-49.053000,28.340000
1.005,-0.737000,0.592000,0.160000,1.672000,2.542000,-53.733000,28.250000
1.017,-0.696000,0.622000,0.158000,4.992000,4.588000,-50.824000,28.290000
1.026,-0.697000,0.645000,0.164000,9.115000,7.962000,-43.748000,28.200000
1.037,-0.754000,0.657000,0.171000,12.550000,10.954000,-38.000000,28.390000
1.044,-0.798000,0.653000,0.182000,14.420000,13.366000,-34.863000,28.340000
1.056,-0.854000,0.641000,0.206000,11.611000,13.298000,-36.061000,28.250000
1.068,-0.865000,0.606000,0.188000,6.908000,9.382000,-43.412000,28.290000
1.076,-0.839000,0.596000,0.168000,4.519000,6.939000,-50.969000,28.390000
1.088,-0.777000,0.591000,0.153000,5.000000,8.863000,-52.908000,28.250000
1.095,-0.775000,0.592000,0.132000,9.023000,12.084000,-46.687000,28.250000
1.107,-0.807000,0.604000,0.111000,15.466000,16.542000,-40.565000,28.200000
1.114,-0.886000,0.598000,0.113000,22.053000,21.214000,-36.015000,28.200000
1.127,-1.000000,0.562000,0.130000,25.901000,16.107000,-40.198000,28.290000
1.138,-1.009000,0.523000,0.150000,28.527000,8.511000,-57.626000,28.250000
1.146,-0.908000,0.561000,0.173000,27.008000,5.405000,-69.023000,28.250000
1.158,-0.821000,0.570000,0.167000,22.359000,5.763000,-71.198000,28.200000
1.164,-0.754000,0.591000,0.162000,19.214000,11.534000,-66.885000,28.290000
1.178,-0.789000,0.569000,0.159000,17.740000,14.817000,-60.290000,28.250000
1.185,-0.870000,0.513000,0.147000,18.366000,12.641000,-58.252000,28.250000
1.196,-0.898000,0.483000,0.148000,20.099000,8.924000,-59.466000,28.390000
1.203,-0.874000,0.492000,0.154000,20.802000,5.557000,-58.802000,28.290000
1.216,-0.864000,0.508000,0.162000,20.443000,3.244000,-57.122000,28.290000
1.228,-0.859000,0.508000,0.166000,18.611000,0.977000,-55.588000,28.250000
1.236,-0.888000,0.452000,0.155000,16.885000,-3.221000,-57.504000,28.340000
1.248,-0.850000,0.452000,0.171000,15.832000,-3.718000,-59.282000,28.290000
1.254,-0.823000,0.451000,0.175000,15.954000,-1.550000,-57.855000,28.290000
1.266,-0.802000,0.437000,0.180000,17.855000,1.656000,-56.595000,28.340000
1.273,-0.797000,0.443000,0.167000,16.076000,6.702000,-56.191000,28.340000
1.286,-0.800000,0.430000,0.171000,14.725000,11.191000,-56.099000,28.290000
1.298,-0.789000,0.434000,0.149000,13.015000,16.855000,-53.107000,28.290000
1.304,-0.804000,0.433000,0.130000,11.618000,20.397000,-48.038000,28.290000
1.317,-0.851000,0.389000,0.106000,12.176000,20.847000,-43.076000,28.340000
1.326,-0.902000,0.374000,0.094000,14.221000,20.092000,-38.244000,28.250000
1.337,-0.961000,0.340000,0.097000,19.718000,14.939000,-36.221000,28.200000
1.349,-0.948000,0.354000,0.087000,25.855000,13.863000,-35.313000,28.390000
1.355,-0.953000,0.414000,0.096000,29.672000,12.435000,-29.504000,28.250000
1.368,-0.982000,0.422000,0.106000,31.481000,11.519000,-25.985000,28.340000
1.376,-1.017000,0.436000,0.115000,27.885000,11.359000,-24.649000,28.250000
1.387,-1.077000,0.399000,0.123000,23.992000,4.420000,-30.160000,28.290000
1.394,-1.074000,0.339000,0.127000,20.969000,-2.695000,-42.137000,28.290000
1.406,-1.006000,0.350000,0.111000,18.305000,-3.809000,-51.053000,28.290000
1.418,-0.924000,0.366000,0.110000,17.748000,-4.573000,-53.489000,28.250000
1.426,-0.890000,0.356000,0.092000,19.076000,-1.641000,-53.344000,28.200000
1.437,-0.905000,0.361000,0.091000,22.053000,1.069000,-50.786000,28.290000
1.445,-0.943000,0.344000,0.111000,24.053000,-0.573000,-48.977000,28.340000
1.456,-0.941000,0.340000,0.125000,23.847000,-2.252000,-51.305000,28.340000
1.463,-0.905000,0.364000,0.137000,22.336000,-2.527000,-52.466000,28.340000
1.476,-0.882000,0.322000,0.131000,18.794000,-3.130000,-53.679000,28.290000
1.488,-0.832000,0.303000,0.133000,16.244000,2.603000,-56.985000,28.290000
1.495,-0.800000,0.329000,0.144000,14.435000,7.153000,-52.435000,28.340000
1.507,-0.812000,0.293000,0.113000,15.481000,13.229000,-49.702000,28.250000
1.514,-0.809000,0.335000,0.105000,18.252000,22.672000,-43.527000,28.390000
1.528,-0.911000,0.322000,0.095000,21.611000,25.573000,-38.023000,28.290000
1.536,-0.988000,0.291000,0.092000,24.496000,27.496000,-40.351000,28.340000
1.546,-1.072000,0.294000,0.095000,26.130000,21.176000,-48.550000,28.250000
1.558,-1.083000,0.228000,0.124000,26.939000,9.069000,-48.687000,28.250000
1.565,-1.029000,0.229000,0.124000,28.450000,0.901000,-54.214000,28.290000
1.578,-0.981000,0.244000,0.148000,27.802000,-5.954000,-52.275000,28.390000
1.585,-0.928000,0.226000,0.160000,25.534000,-8.290000,-52.282000,28.290000
1.596,-0.839000,0.288000,0.164000,22.244000,-3.351000,-47.580000,28.340000
1.603,-0.851000,0.323000,0.200000,17.137000,-0.008000,-36.290000,28.290000
1.616,-0.867000,0.312000,0.181000,13.214000,6.344000,-30.053000,28.290000
1.628,-0.924000,0.315000,0.158000,9.748000,8.573000,-25.557000,28.290000
1.637,-1.037000,0.216000,0.149000,2.198000,1.863000,-26.458000,28.250000
1.648,-1.083000,0.129000,0.115000,-0.824000,-7.504000,-37.305000,28.340000
1.654,-1.039000,0.041000,0.069000,-1.397000,-17.397000,-45.908000,28.290000
1.667,-0.951000,0.075000,0.060000,2.649000,-18.977000,-48.573000,28.290000
1.673,-0.833000,0.186000,0.058000,5.626000,-11.061000,-45.756000,28.250000
1.686,-0.840000,0.257000,0.098000,7.183000,-1.870000,-33.252000,28.250000
1.698,-0.925000,0.276000,0.130000,7.489000,7.908000,-28.099000,28.290000
1.705,-1.046000,0.306000,0.169000,6.687000,8.427000,-25.237000,28.290000
1.718,-1.183000,0.221000,0.184000,-1.756000,-3.626000,-31.496000,28.200000
1.726,-1.201000,0.139000,0.155000,-7.198000,-17.977000,-47.015000,28.250000
1.737,-1.105000,0.088000,0.133000,-14.015000,-29.870000,-55.756000,28.250000
1.742,-0.950000,0.039000,0.081000,-17.458000,-30.595000,-60.870000,28.290000
1.755,-0.809000,0.122000,0.032000,-15.847000,-21.779000,-52.588000,28.200000
1.767,-0.789000,0.116000,0.003000,-12.237000,-14.313000,-39.481000,28.200000
1.777,-0.851000,0.098000,-0.005000,-7.008000,-0.611000,-35.298000,28.250000
1.787,-0.970000,0.115000,0.049000,-6.099000,4.351000,-27.435000,28.250000
1.795,-1.053000,0.051000,0.057000,-9.687000,0.672000,-31.931000,28.200000
1.805,-1.055000,0.025000,0.049000,-16.359000,-4.710000,-37.229000,28.390000
1.818,-0.996000,0.035000,0.031000,-18.588000,-13.183000,-33.061000,28.440000
1.826,-0.914000,0.044000,0.009000,-20.405000,-20.954000,-24.855000,28.340000
1.837,-0.836000,0.113000,0.009000,-20.580000,-23.511000,-8.198000,28.200000
1.844,-0.877000,0.104000,0.042000,-22.924000,-21.611000,4.206000,28.290000
1.856,-0.932000,0.028000,0.056000,-22.191000,-18.664000,13.405000,28.340000
1.868,-0.975000,-0.009000,0.073000,-20.840000,-14.809000,9.611000,28.250000
1.876,-0.968000,-0.041000,0.087000,-23.809000,-12.298000,3.870000,28.250000
1.887,-0.953000,-0.073000,0.050000,-26.160000,-9.481000,-3.076000,28.200000
1.895,-0.937000,-0.049000,0.045000,-23.802000,-8.817000,-6.832000,28.290000
1.906,-0.924000,-0.067000,0.049000,-14.634000,-7.061000,-10.420000,28.250000
1.918,-0.901000,0.063000,0.071000,-8.550000,-3.214000,-6.450000,28.150000
1.926,-0.988000,0.110000,0.130000,-2.137000,-7.939000,-0.878000,28.290000
1.938,-1.068000,0.085000,0.175000,-0.344000,-11.962000,-5.664000,28.290000
1.945,-1.086000,0.101000,0.229000,-2.321000,-19.076000,-12.748000,28.290000
1.956,-1.094000,0.074000,0.262000,-5.053000,-30.489000,-24.809000,28.250000
1.963,-0.973000,0.101000,0.232000,-7.290000,-31.191000,-34.115000,28.340000
1.976,-0.918000,0.173000,0.242000,-8.908000,-34.458000,-29.870000,28.290000
1.988,-0.936000,0.114000,0.238000,-10.527000,-30.710000,-28.718000,28.200000
1.995,-0.969000,0.103000,0.251000,-13.130000,-28.542000,-26.962000,28.340000
2.006,-1.004000,0.015000,0.280000,-18.588000,-30.817000,-29.718000,28.340000
2.018,-0.910000,-0.006000,0.257000,-21.878000,-24.847000,-36.061000,28.290000
2.026,-0.848000,0.046000,0.265000,-23.649000,-21.695000,-32.954000,28.290000
2.037,-0.872000,0.001000,0.257000,-23.794000,-17.748000,-32.595000,28.200000
2.045,-0.907000,0.016000,0.240000,-25.168000,-20.496000,-28.145000,28.340000
2.056,-0.948000,0.041000,0.250000,-25.137000,-25.374000,-21.282000,28.440000
2.068,-0.976000,0.054000,0.240000,-28.160000,-23.939000,-16.328000,28.290000
2.077,-1.046000,0.082000,0.237000,-28.916000,-25.458000,-10.595000,28.390000
2.087,-1.152000,0.042000,0.249000,-32.237000,-27.702000,-13.710000,28.250000
2.095,-1.217000,0.003000,0.248000,-37.550000,-30.244000,-25.824000,28.250000
2.105,-1.189000,-0.054000,0.268000,-41.718000,-36.336000,-37.786000,28.250000
2.118,-1.116000,-0.078000,0.236000,-44.435000,-41.382000,-47.962000,28.290000
2.127,-1.030000,-0.073000,0.215000,-43.153000,-46.740000,-53.603000,28.290000
2.138,-0.930000,-0.089000,0.197000,-42.160000,-41.160000,-50.336000,28.390000
2.149,-0.870000,-0.032000,0.196000,-40.794000,-32.634000,-43.366000,28.340000
2.155,-0.927000,-0.028000,0.215000,-37.496000,-23.435000,-38.252000,28.340000
2.167,-1.022000,-0.071000,0.221000,-41.504000,-19.626000,-39.137000,28.390000
2.176,-1.050000,-0.109000,0.194000,-47.389000,-24.153000,-44.328000,28.290000
2.187,-1.005000,-0.158000,0.186000,-48.458000,-30.099000,-47.053000,28.250000
2.198,-0.938000,-0.201000,0.152000,-45.412000,-31.618000,-52.374000,28.340000
2.204,-0.877000,-0.240000,0.129000,-36.733000,-27.504000,-54.779000,28.340000
2.216,-0.783000,-0.264000,0.116000,-28.542000,-12.198000,-56.229000,28.290000
2.222,-0.734000,-0.262000,0.137000,-17.580000,5.969000,-56.328000,28.290000
2.236,-0.744000,-0.253000,0.148000,-6.450000,24.771000,-55.092000,28.250000
2.248,-0.822000,-0.243000,0.149000,-2.099000,35.061000,-55.664000,28.340000
2.254,-0.894000,-0.284000,0.147000,-2.931000,34.481000,-57.137000,28.290000
2.266,-0.879000,-0.321000,0.148000,1.740000,30.260000,-58.870000,28.290000
2.273,-0.820000,-0.341000,0.130000,9.427000,26.382000,-60.305000,28.290000
2.287,-0.760000,-0.295000,0.152000,16.695000,27.664000,-58.359000,28.340000
2.298,-0.725000,-0.272000,0.179000,19.832000,32.824000,-52.802000,28.250000
2.304,-0.734000,-0.262000,0.204000,22.763000,38.985000,-46.511000,28.290000
2.317,-0.800000,-0.253000,0.206000,23.664000,41.527000,-41.183000,28.390000
2.324,-0.852000,-0.244000,0.198000,26.504000,43.687000,-40.840000,28.390000
2.336,-0.832000,-0.247000,0.183000,29.275000,50.344000,-43.863000,28.340000
2.348,-0.885000,-0.262000,0.187000,30.130000,51.573000,-45.198000,28.340000
2.355,-0.964000,-0.289000,0.187000,28.443000,45.053000,-46.221000,28.290000
2.367,-0.996000,-0.294000,0.183000,22.267000,34.450000,-43.481000,28.200000
2.377,-1.012000,-0.297000,0.160000,14.618000,27.145000,-43.252000,28.440000
2.387,-0.980000,-0.311000,0.164000,10.328000,25.198000,-45.779000,28.340000
2.398,-0.949000,-0.372000,0.161000,10.771000,32.489000,-56.160000,28.340000
2.405,-0.892000,-0.381000,0.148000,15.664000,41.000000,-62.588000,28.290000
2.417,-0.843000,-0.368000,0.150000,19.618000,47.053000,-66.466000,28.290000
2.426,-0.832000,-0.385000,0.135000,23.710000,47.527000,-67.863000,28.440000
2.437,-0.818000,-0.381000,0.144000,24.504000,42.718000,-64.908000,28.250000
2.449,-0.837000,-0.361000,0.133000,20.847000,34.672000,-58.336000,28.250000
2.455,-0.860000,-0.350000,0.124000,16.504000,21.534000,-50.542000,28.290000
2.467,-0.868000,-0.370000,0.124000,11.069000,14.817000,-44.450000,28.200000
2.476,-0.896000,-0.405000,0.111000,9.313000,8.519000,-41.191000,28.250000
2.487,-0.872000,-0.428000,0.121000,10.832000,9.313000,-45.336000,28.340000
2.494,-0.829000,-0.412000,0.114000,11.527000,14.198000,-47.069000,28.290000
2.506,-0.821000,-0.391000,0.115000,16.359000,21.779000,-45.740000,28.200000
2.518,-0.844000,-0.398000,0.130000,18.527000,29.885000,-47.985000,28.290000
2.526,-0.874000,-0.351000,0.111000,18.656000,35.405000,-47.443000,28.290000
2.537,-0.948000,-0.379000,0.117000,17.366000,36.244000,-46.573000,28.340000
2.545,-0.988000,-0.410000,0.130000,17.580000,28.267000,-48.672000,28.390000
2.556,-0.971000,-0.458000,0.182000,16.618000,18.534000,-52.664000,28.290000
2.568,-0.896000,-0.434000,0.231000,10.885000,13.618000,-53.313000,28.390000
2.576,-0.812000,-0.411000,0.267000,4.206000,10.855000,-50.611000,28.340000
2.588,-0.769000,-0.376000,0.275000,-8.183000,16.687000,-46.206000,28.340000
2.594,-0.739000,-0.392000,0.256000,-20.405000,21.672000,-35.740000,28.390000
2.606,-0.773000,-0.471000,0.131000,-27.511000,34.076000,-32.519000,28.290000
2.618,-0.839000,-0.534000,0.034000,-23.244000,42.336000,-33.008000,28.440000
2.626,-0.959000,-0.571000,-0.018000,-13.145000,46.641000,-40.092000,28.340000
2.637,-1.046000,-0.526000,0.000000,-4.527000,42.618000,-50.443000,28.250000
2.644,-1.097000,-0.440000,0.042000,0.336000,31.344000,-59.771000,28.290000
2.656,-1.094000,-0.406000,0.090000,1.809000,22.321000,-64.160000,28.290000
2.668,-1.026000,-0.428000,0.085000,3.588000,13.122000,-72.580000,28.340000
2.675,-0.939000,-0.449000,0.094000,-1.527000,10.160000,-74.771000,28.250000
2.688,-0.880000,-0.486000,0.107000,-2.412000,8.542000,-72.809000,28.340000
2.694,-0.838000,-0.571000,0.096000,-0.954000,8.137000,-77.153000,28.390000
2.706,-0.773000,-0.571000,0.098000,-3.084000,9.282000,-76.336000,28.290000
2.713,-0.710000,-0.573000,0.105000,-4.115000,4.344000,-73.878000,28.390000
2.726,-0.628000,-0.530000,0.123000,-7.313000,3.748000,-69.092000,28.250000
2.738,-0.643000,-0.560000,0.101000,-11.947000,3.466000,-63.649000,28.290000
2.746,-0.665000,-0.549000,0.062000,-10.137000,5.580000,-60.420000,28.290000
2.757,-0.705000,-0.587000,0.009000,-11.412000,9.481000,-64.145000,28.200000
2.764,-0.711000,-0.633000,-0.003000,-8.046000,11.366000,-63.244000,28.340000
2.776,-0.725000,-0.598000,0.021000,-1.870000,8.183000,-65.435000,28.340000
2.789,-0.685000,-0.583000,0.085000,0.832000,2.779000,-68.916000,28.290000
2.795,-0.662000,-0.597000,0.108000,0.458000,5.588000,-72.656000,28.290000
2.807,-0.585000,-0.584000,0.122000,-3.534000,14.351000,-76.412000,28.390000
2.814,-0.577000,-0.628000,0.082000,-11.412000,30.496000,-73.916000,28.340000
2.827,-0.616000,-0.672000,0.021000,-11.939000,39.450000,-70.603000,28.250000
2.838,-0.720000,-0.729000,-0.031000,-7.351000,41.679000,-66.542000,28.290000
2.845,-0.799000,-0.741000,-0.047000,-1.626000,36.786000,-65.336000,28.290000
2.857,-0.859000,-0.710000,-0.046000,-1.527000,28.901000,-66.740000,28.250000
2.864,-0.821000,-0.731000,-0.037000,0.168000,19.802000,-68.519000,28.340000
2.878,-0.713000,-0.742000,-0.044000,1.939000,21.412000,-62.893000,28.390000
2.888,-0.647000,-0.746000,-0.035000,2.985000,25.580000,-57.580000,28.290000
2.895,-0.645000,-0.772000,-0.028000,5.954000,32.244000,-55.588000,28.290000
2.907,-0.734000,-0.780000,-0.027000,7.489000,33.473000,-52.519000,28.390000
2.914,-0.814000,-0.723000,-0.009000,8.137000,28.840000,-53.336000,28.340000
2.927,-0.860000,-0.768000,0.011000,6.031000,16.191000,-62.794000,28.390000
2.932,-0.750000,-0.740000,0.031000,5.069000,11.740000,-68.511000,28.290000
2.946,-0.616000,-0.771000,0.024000,6.244000,10.725000,-74.786000,28.250000
2.957,-0.516000,-0.732000,0.015000,4.664000,19.641000,-74.901000,28.340000
2.964,-0.509000,-0.793000,0.010000,2.710000,20.061000,-71.626000,28.250000
2.978,-0.460000,-0.809000,0.023000,3.237000,20.542000,-66.626000,28.390000
2.984,-0.516000,-0.799000,0.035000,-4.985000,20.687000,-55.031000,28.290000
2.996,-0.490000,-0.835000,0.021000,-6.863000,8.481000,-50.313000,28.250000
3.008,-0.410000,-0.832000,0.010000,-5.221000,5.481000,-43.046000,28.340000
3.015,-0.451000,-0.821000,-0.017000,-6.847000,0.046000,-38.336000,28.390000
3.028,-0.453000,-0.833000,0.002000,-2.985000,-13.908000,-30.321000,28.390000
3.035,-0.441000,-0.812000,0.023000,0.229000,-20.565000,-19.511000,28.290000
3.046,-0.479000,-0.857000,0.034000,-0.069000,-18.519000,-11.573000,28.150000
3.058,-0.502000,-0.801000,0.015000,0.122000,-4.313000,-11.206000,28.340000
3.065,-0.646000,-0.813000,-0.037000,-3.794000,5.702000,-17.733000,28.390000
3.078,-0.653000,-0.815000,-0.080000,-0.893000,6.252000,-28.443000,28.390000
3.087,-0.614000,-0.805000,-0.083000,0.450000,4.298000,-31.084000,28.390000
3.096,-0.607000,-0.850000,-0.080000,2.046000,-0.847000,-27.519000,28.340000
3.102,-0.593000,-0.867000,-0.035000,5.427000,-3.237000,-25.527000,28.340000
3.115,-0.577000,-0.849000,0.008000,5.336000,-3.168000,-25.382000,28.290000
3.128,-0.579000,-0.863000,0.044000,3.252000,-6.298000,-26.908000,28.390000
3.135,-0.426000,-0.836000,0.058000,4.527000,-9.008000,-30.191000,28.340000
3.147,-0.249000,-0.807000,0.038000,0.885000,1.481000,-18.725000,28.340000
3.153,-0.208000,-0.844000,-0.064000,-1.824000,16.313000,-10.038000,28.290000
3.166,-0.310000,-0.865000,-0.126000,-2.885000,31.695000,1.160000,28.290000
3.178,-0.531000,-0.930000,-0.162000,0.611000,29.786000,6.649000,28.390000
3.187,-0.758000,-0.956000,-0.103000,4.672000,13.061000,9.336000,28.440000
3.198,-0.823000,-0.951000,-0.029000,10.626000,-11.939000,2.443000,28.340000
3.204,-0.672000,-0.895000,0.066000,15.336000,-28.092000,-8.985000,28.290000
3.216,-0.477000,-0.826000,0.148000,13.145000,-25.298000,-13.832000,28.390000
3.222,-0.307000,-0.778000,0.162000,7.130000,-12.870000,-12.015000,28.440000
3.237,-0.274000,-0.771000,0.120000,-1.282000,1.519000,-8.427000,28.440000
3.248,-0.376000,-0.838000,0.060000,-6.466000,6.779000,-2.229000,28.250000
3.255,-0.523000,-0.883000,0.030000,-5.672000,-1.893000,6.908000,28.290000
3.267,-0.576000,-0.864000,0.002000,-3.359000,-13.344000,7.107000,28.290000
3.277,-0.518000,-0.828000,0.011000,-1.748000,-13.260000,0.344000,28.390000
3.287,-0.446000,-0.759000,0.009000,-4.038000,-9.397000,-2.008000,28.440000
3.299,-0.431000,-0.802000,-0.050000,-5.740000,-6.885000,-2.008000,28.390000
3.305,-0.367000,-0.817000,-0.081000,-6.611000,-2.687000,2.084000,28.390000
3.318,-0.388000,-0.859000,-0.110000,-7.947000,0.405000,8.863000,28.340000
3.327,-0.453000,-0.885000,-0.064000,-8.000000,-1.748000,15.725000,28.340000
3.337,-0.570000,-0.840000,0.007000,-9.176000,-7.771000,22.954000,28.390000
3.345,-0.625000,-0.800000,0.023000,-14.115000,-12.496000,19.137000,28.290000
3.356,-0.552000,-0.792000,0.044000,-19.748000,-12.901000,10.282000,28.390000
3.368,-0.478000,-0.806000,0.032000,-20.588000,-9.885000,3.740000,28.340000
3.378,-0.441000,-0.842000,0.029000,-19.542000,-13.267000,7.183000,28.340000
3.387,-0.465000,-0.848000,0.059000,-18.977000,-21.679000,15.313000,28.290000
3.396,-0.461000,-0.835000,0.092000,-16.397000,-34.221000,20.550000,28.290000
3.406,-0.380000,-0.791000,0.149000,-17.260000,-36.878000,24.069000,28.340000
3.418,-0.324000,-0.762000,0.179000,-20.366000,-30.947000,28.550000,28.340000
3.427,-0.349000,-0.746000,0.176000,-22.992000,-28.450000,35.557000,28.290000
3.437,-0.387000,-0.729000,0.141000,-27.985000,-27.832000,44.160000,28.290000
3.444,-0.378000,-0.762000,0.054000,-31.084000,-23.092000,50.458000,28.290000
3.455,-0.424000,-0.795000,-0.032000,-32.137000,-10.481000,52.084000,28.340000
3.467,-0.544000,-0.855000,-0.108000,-29.794000,-0.573000,52.527000,28.340000
3.478,-0.619000,-0.877000,-0.148000,-23.504000,-2.328000,43.969000,28.390000
3.487,-0.617000,-0.852000,-0.153000,-18.092000,-8.168000,38.710000,28.290000
3.499,-0.568000,-0.884000,-0.147000,-12.122000,-21.267000,34.366000,28.250000
3.505,-0.473000,-0.819000,-0.086000,-11.053000,-32.260000,36.176000,28.340000
3.517,-0.418000,-0.819000,-0.042000,-12.412000,-35.069000,46.840000,28.390000
3.523,-0.395000,-0.821000,-0.013000,-12.015000,-34.519000,57.641000,28.290000
3.537,-0.377000,-0.786000,0.014000,-13.015000,-25.916000,67.038000,28.340000
3.549,-0.481000,-0.773000,0.009000,-15.794000,-6.069000,74.969000,28.340000
3.554,-0.671000,-0.764000,-0.020000,-17.901000,1.794000,75.313000,28.340000
3.566,-0.808000,-0.766000,-0.057000,-17.038000,-4.733000,62.695000,28.390000
3.573,-0.811000,-0.806000,-0.108000,-13.130000,-21.573000,48.565000,28.390000
3.586,-0.581000,-0.875000,-0.144000,2.244000,-24.588000,40.870000,28.440000
3.598,-0.437000,-0.881000,-0.150000,16.237000,-9.076000,49.756000,28.250000
3.604,-0.448000,-0.876000,-0.153000,35.099000,20.145000,63.794000,28.290000
3.617,-0.564000,-0.829000,-0.128000,49.557000,47.832000,73.954000,28.290000
3.623,-0.692000,-0.790000,-0.096000,64.573000,58.763000,75.992000,28.200000
3.637,-0.803000,-0.710000,0.011000,71.527000,43.969000,71.939000,28.340000
3.648,-0.927000,-0.489000,0.152000,68.878000,2.443000,76.756000,28.250000
3.655,-0.983000,-0.432000,0.235000,39.870000,-22.145000,80.794000,28.480000
3.667,-0.901000,-0.524000,0.193000,12.679000,-46.359000,72.924000,28.390000
3.678,-0.703000,-0.615000,0.082000,1.023000,-50.092000,67.664000,28.340000
3.687,-0.622000,-0.680000,-0.001000,-1.412000,-34.878000,69.947000,28.250000
3.699,-0.625000,-0.716000,-0.049000,4.061000,-18.695000,69.626000,28.390000
3.705,-0.642000,-0.745000,-0.065000,16.122000,-3.603000,67.870000,28.290000
3.717,-0.643000,-0.707000,-0.038000,24.382000,6.237000,69.435000,28.340000
3.726,-0.606000,-0.666000,0.017000,28.580000,7.687000,75.122000,28.340000
3.737,-0.594000,-0.541000,0.090000,25.794000,2.244000,85.595000,28.390000
3.745,-0.643000,-0.449000,0.150000,13.855000,-9.000000,99.901000,28.290000
3.756,-0.746000,-0.447000,0.143000,1.450000,-17.015000,109.847000,28.290000
3.768,-0.806000,-0.462000,0.118000,-8.557000,-27.618000,114.099000,28.340000
3.777,-0.835000,-0.504000,0.070000,-14.374000,-36.924000,108.916000,28.440000
3.787,-0.796000,-0.534000,0.013000,-17.870000,-36.794000,99.183000,28.390000
3.794,-0.704000,-0.570000,-0.020000,-15.985000,-27.542000,86.366000,28.390000
3.805,-0.614000,-0.588000,-0.061000,-9.412000,-7.580000,77.603000,28.290000
3.818,-0.597000,-0.539000,-0.030000,-1.878000,4.725000,77.870000,28.340000
3.826,-0.668000,-0.402000,0.055000,2.191000,6.008000,92.107000,28.290000
3.837,-0.798000,-0.337000,0.113000,-3.168000,-8.000000,111.275000,28.290000
3.844,-0.861000,-0.322000,0.160000,-8.038000,-24.992000,123.496000,28.390000
3.855,-0.916000,-0.355000,0.120000,-10.740000,-31.061000,130.519000,28.340000
3.868,-0.950000,-0.358000,0.092000,-16.229000,-28.489000,125.214000,28.340000
3.876,-0.944000,-0.402000,0.037000,-17.985000,-28.344000,110.275000,28.290000
3.887,-0.854000,-0.443000,-0.009000,-15.985000,-15.924000,88.015000,28.290000
3.895,-0.767000,-0.372000,-0.013000,-9.427000,3.511000,82.656000,28.250000
3.906,-0.806000,-0.339000,0.004000,-3.985000,16.634000,82.672000,28.340000
3.918,-0.864000,-0.291000,0.041000,0.137000,20.206000,87.809000,28.340000
3.926,-0.930000,-0.221000,0.109000,-0.420000,13.366000,101.840000,28.390000
3.937,-1.023000,-0.201000,0.113000,-3.771000,-1.809000,108.252000,28.390000
3.944,-1.019000,-0.235000,0.134000,-6.924000,-18.382000,106.924000,28.340000
3.955,-0.991000,-0.215000,0.146000,-13.626000,-22.565000,106.901000,28.340000
3.968,-0.996000,-0.271000,0.112000,-17.580000,-27.153000,100.641000,28.390000
3.978,-0.886000,-0.247000,0.086000,-15.061000,-17.458000,95.328000,28.290000
3.987,-0.868000,-0.220000,0.048000,-8.550000,0.588000,97.107000,28.390000
3.995,-0.946000,-0.203000,0.047000,-3.450000,13.366000,95.595000,28.250000
4.006,-1.003000,-0.204000,0.085000,-0.618000,15.969000,88.626000,28.390000
4.018,-1.055000,-0.172000,0.113000,-4.214000,1.710000,84.603000,28.390000
4.026,-1.060000,-0.163000,0.169000,-9.046000,-16.947000,82.160000,28.200000
4.037,-0.951000,-0.111000,0.190000,-16.672000,-38.565000,86.061000,28.340000
4.046,-0.847000,-0.081000,0.180000,-19.550000,-43.000000,98.023000,28.250000
4.056,-0.801000,-0.070000,0.115000,-17.084000,-32.122000,110.809000,28.390000
4.068,-0.869000,-0.056000,0.082000,-7.107000,-10.420000,122.313000,28.290000
4.078,-1.030000,-0.049000,0.027000,1.237000,10.595000,121.878000,28.250000
4.087,-1.215000,-0.043000,0.043000,2.466000,17.878000,106.939000,28.340000
4.095,-1.290000,-0.061000,0.065000,1.603000,14.389000,84.153000,28.290000
4.106,-1.235000,-0.014000,0.095000,-1.809000,6.863000,64.313000,28.290000
4.113,-1.156000,-0.024000,0.081000,-3.947000,-1.237000,52.168000,28.340000
4.127,-0.955000,0.046000,0.086000,-4.168000,-3.443000,51.771000,28.340000
4.138,-0.875000,0.083000,0.073000,0.542000,10.519000,62.595000,28.290000
4.145,-0.968000,0.071000,0.035000,1.916000,20.878000,71.061000,28.390000
4.158,-1.039000,0.057000,0.043000,6.885000,21.031000,75.382000,28.290000
4.164,-1.104000,0.082000,0.054000,7.176000,18.702000,72.687000,28.290000
4.178,-1.124000,0.059000,0.075000,1.733000,13.969000,63.466000,28.340000
4.184,-1.154000,0.074000,0.067000,-8.076000,3.069000,55.267000,28.290000
4.196,-1.081000,0.027000,0.040000,-13.809000,-12.176000,47.237000,28.390000
4.203,-0.962000,0.078000,0.006000,-8.870000,-21.824000,47.580000,28.340000
4.215,-1.107000,0.243000,0.016000,-31.992000,-44.985000,66.290000,28.340000
4.228,-0.956000,0.027000,0.009000,2.481000,-53.275000,58.473000,28.290000
4.235,-0.755000,0.143000,0.057000,2.496000,-37.069000,70.053000,28.390000
4.248,-0.851000,0.150000,0.132000,13.656000,-21.992000,75.061000,28.290000
4.254,-0.970000,0.188000,0.195000,8.092000,-10.962000,73.481000,28.340000
4.266,-1.032000,0.199000,0.259000,-1.702000,-8.977000,67.748000,28.340000
4.272,-1.033000,0.225000,0.231000,-10.748000,-10.573000,66.504000,28.290000
4.287,-0.995000,0.186000,0.182000,-18.214000,-4.267000,63.847000,28.200000
4.299,-0.966000,0.167000,0.122000,-20.389000,6.229000,62.763000,28.340000
4.304,-0.985000,0.123000,0.075000,-18.214000,15.756000,58.412000,28.340000
4.317,-1.019000,0.081000,0.053000,-14.298000,17.550000,49.969000,28.250000
4.324,-1.000000,0.050000,0.059000,-11.519000,14.191000,42.053000,28.390000
4.337,-0.889000,0.107000,0.089000,-9.504000,2.038000,41.809000,28.390000
4.342,-0.752000,0.215000,0.146000,-11.626000,-7.511000,54.534000,28.390000
4.355,-0.751000,0.276000,0.156000,-14.962000,-3.374000,70.702000,28.250000
4.368,-0.869000,0.292000,0.138000,-17.458000,-0.092000,77.481000,28.290000
4.378,-0.958000,0.208000,0.098000,-20.420000,1.145000,76.153000,28.290000
4.387,-0.967000,0.226000,0.065000,-21.015000,6.580000,73.359000,28.340000
4.396,-1.017000,0.231000,0.054000,-19.595000,3.885000,71.145000,28.340000
4.406,-1.015000,0.248000,0.038000,-16.137000,4.099000,67.084000,28.390000
4.413,-1.050000,0.286000,0.060000,-10.870000,0.351000,66.359000,28.290000
4.427,-1.089000,0.283000,0.079000,-8.565000,-9.374000,60.511000,28.290000
4.438,-1.054000,0.262000,0.104000,-8.695000,-18.489000,51.855000,28.440000
4.446,-0.895000,0.293000,0.092000,-9.504000,-18.237000,47.336000,28.250000
4.457,-0.779000,0.307000,0.062000,-7.427000,-5.237000,51.076000,28.390000
4.464,-0.773000,0.336000,0.052000,-3.260000,9.672000,59.038000,28.390000
4.477,-0.844000,0.380000,0.052000,-0.160000,21.878000,64.870000,28.440000
4.485,-0.958000,0.395000,0.071000,0.313000,22.382000,67.374000,28.340000
4.497,-1.061000,0.360000,0.106000,-0.122000,11.061000,66.344000,28.250000
4.508,-1.085000,0.346000,0.123000,-3.580000,-4.237000,63.313000,28.290000
4.515,-1.018000,0.339000,0.115000,-6.969000,-15.267000,59.137000,28.390000
4.528,-0.876000,0.374000,0.082000,-6.366000,-11.328000,57.450000,28.290000
4.535,-0.889000,0.392000,0.057000,-1.779000,-4.809000,61.992000,28.340000
4.547,-0.958000,0.370000,0.050000,3.748000,-2.237000,59.214000,28.290000
4.554,-0.964000,0.395000,0.077000,6.359000,-3.718000,53.198000,28.290000
4.566,-0.939000,0.359000,0.112000,6.763000,-7.771000,47.649000,28.250000
4.573,-0.876000,0.354000,0.160000,3.992000,-13.733000,41.817000,28.340000
4.587,-0.766000,0.416000,0.195000,-0.824000,-18.924000,43.534000,28.340000
4.599,-0.667000,0.423000,0.164000,-5.412000,-12.153000,47.580000,28.290000
4.605,-0.630000,0.594000,0.153000,-6.695000,-6.443000,66.939000,28.290000
4.617,-0.806000,0.613000,0.141000,-4.672000,-4.916000,85.061000,28.250000
4.627,-0.997000,0.604000,0.151000,-4.229000,-10.771000,88.763000,28.340000
4.638,-1.072000,0.586000,0.177000,-7.130000,-19.366000,80.420000,28.290000
4.644,-1.082000,0.492000,0.195000,-10.260000,-32.183000,71.733000,28.390000
4.655,-0.987000,0.411000,0.216000,-11.748000,-40.084000,56.939000,28.290000
4.668,-0.791000,0.418000,0.233000,-11.893000,-38.870000,47.511000,28.440000
4.677,-0.611000,0.381000,0.185000,-4.939000,-27.458000,51.534000,28.250000
4.688,-0.457000,0.462000,0.144000,0.061000,0.802000,59.611000,28.290000
4.696,-0.449000,0.533000,0.122000,8.031000,22.321000,73.420000,28.290000
4.706,-0.577000,0.589000,0.127000,11.634000,38.687000,87.710000,28.290000
4.713,-0.792000,0.657000,0.143000,11.634000,40.725000,98.481000,28.250000
4.727,-0.961000,0.722000,0.161000,8.183000,30.893000,102.908000,28.290000
4.738,-1.088000,0.735000,0.172000,2.221000,12.038000,100.168000,28.290000
4.745,-1.150000,0.698000,0.157000,-6.992000,-10.565000,87.130000,28.290000
4.757,-1.120000,0.639000,0.157000,-17.557000,-31.664000,68.214000,28.250000
4.764,-0.922000,0.573000,0.130000,-26.153000,-40.466000,48.420000,28.250000
4.777,-0.601000,0.597000,0.036000,-24.084000,-24.916000,40.802000,28.390000
4.783,-0.416000,0.668000,-0.019000,-9.878000,5.702000,53.305000,28.200000
4.796,-0.488000,0.673000,-0.042000,6.710000,32.687000,61.931000,28.250000
4.808,-0.690000,0.686000,-0.005000,21.481000,47.145000,68.313000,28.250000
4.815,-0.890000,0.694000,0.075000,24.069000,41.580000,63.328000,28.290000
4.828,-0.973000,0.662000,0.133000,17.611000,25.817000,53.137000,28.290000
4.837,-0.883000,0.646000,0.159000,9.305000,7.618000,40.351000,28.290000
4.847,-0.684000,0.657000,0.134000,2.252000,6.069000,37.115000,28.250000
4.854,-0.516000,0.744000,0.080000,3.137000,17.885000,44.130000,28.250000
4.866,-0.492000,0.769000,0.057000,10.786000,33.885000,52.977000,28.290000
4.872,-0.660000,0.770000,0.069000,15.771000,40.977000,61.580000,28.290000
4.887,-0.868000,0.762000,0.134000,10.733000,29.351000,61.969000,28.290000
4.898,-0.922000,0.735000,0.167000,-1.206000,9.107000,55.366000,28.340000
4.905,-0.809000,0.692000,0.173000,-12.962000,-9.656000,49.931000,28.290000
4.917,-0.652000,0.664000,0.132000,-22.092000,-21.863000,50.206000,28.290000
4.924,-0.482000,0.639000,0.081000,-24.870000,-17.550000,54.443000,28.200000
4.938,-0.403000,0.636000,0.055000,-21.198000,-9.260000,63.290000,28.340000
4.949,-0.409000,0.573000,0.028000,-16.435000,-1.099000,68.076000,28.250000
4.955,-0.435000,0.565000,0.024000,-10.870000,4.031000,75.046000,28.390000
4.968,-0.452000,0.635000,0.067000,-6.763000,4.656000,82.069000,28.290000
4.978,-0.411000,0.726000,0.091000,-1.588000,7.802000,89.260000,28.250000
4.987,-0.371000,0.980000,0.129000,1.656000,13.481000,106.435000,28.340000
4.995,-0.505000,1.097000,0.204000,0.977000,18.573000,123.733000,28.250000
5.006,-0.723000,1.121000,0.252000,-10.733000,17.679000,120.122000,28.200000
5.013,-0.895000,1.029000,0.307000,-21.237000,0.939000,115.603000,28.390000
5.026,-0.984000,0.924000,0.306000,-36.198000,-23.473000,98.458000,28.340000
5.038,-0.869000,0.870000,0.256000,-46.237000,-38.817000,78.160000,28.250000
5.045,-0.666000,0.896000,0.200000,-50.733000,-39.229000,65.672000,28.390000
5.056,-0.503000,0.850000,0.133000,-51.992000,-23.863000,56.885000,28.390000
5.063,-0.359000,0.842000,0.053000,-40.679000,2.595000,52.229000,28.290000
5.077,-0.328000,0.903000,0.003000,-24.947000,25.115000,59.084000,28.340000
5.088,-0.439000,0.844000,-0.007000,-9.542000,35.511000,61.267000,28.340000
5.096,-0.547000,0.801000,0.028000,1.092000,30.298000,61.443000,28.290000
5.108,-0.641000,0.766000,0.083000,6.641000,15.931000,55.687000,28.200000
5.114,-0.616000,0.799000,0.128000,7.641000,-5.580000,45.885000,28.250000
5.127,-0.520000,0.878000,0.196000,8.489000,-25.962000,41.405000,28.250000
5.136,-0.339000,1.046000,0.251000,14.214000,-29.229000,49.527000,28.290000
5.146,-0.265000,1.252000,0.266000,7.000000,-22.282000,68.771000,28.290000
5.153,-0.413000,1.238000,0.343000,5.252000,-20.412000,70.962000,28.290000
5.166,-0.577000,1.149000,0.317000,-6.527000,-27.931000,72.695000,28.250000
5.178,-0.694000,1.080000,0.305000,-18.901000,-43.321000,69.740000,28.250000
5.185,-0.759000,0.969000,0.307000,-27.992000,-61.405000,55.282000,28.290000
5.197,-0.624000,0.856000,0.236000,-36.389000,-77.053000,42.298000,28.290000
5.204,-0.425000,0.804000,0.156000,-36.252000,-69.153000,28.473000,28.340000
5.215,-0.264000,0.783000,0.121000,-25.366000,-49.893000,23.351000,28.250000
5.228,-0.167000,0.784000,0.080000,-10.153000,-22.435000,21.389000,28.290000
5.237,-0.164000,0.772000,0.098000,-0.130000,7.565000,23.260000,28.290000
5.247,-0.250000,0.764000,0.117000,5.687000,23.489000,23.267000,28.200000
5.254,-0.334000,0.764000,0.146000,10.038000,19.855000,24.916000,28.250000
5.267,-0.351000,0.731000,0.157000,9.779000,12.725000,23.740000,28.250000
5.274,-0.313000,0.787000,0.155000,11.519000,4.718000,22.412000,28.390000
5.287,-0.272000,0.844000,0.168000,15.153000,1.977000,22.519000,28.390000
5.295,-0.205000,0.917000,0.199000,17.099000,5.878000,28.672000,28.250000
5.306,-0.188000,1.024000,0.217000,17.412000,17.855000,41.000000,28.250000
5.318,-0.266000,1.076000,0.240000,13.985000,24.924000,52.382000,28.290000
5.328,-0.382000,1.059000,0.242000,7.046000,22.252000,56.824000,28.290000
5.338,-0.458000,1.061000,0.206000,-3.695000,15.885000,53.611000,28.200000
5.346,-0.505000,0.963000,0.164000,-7.954000,3.183000,48.824000,28.250000
5.357,-0.465000,0.938000,0.125000,-9.641000,-5.153000,44.061000,28.250000
5.364,-0.396000,0.938000,0.091000,-7.427000,-6.603000,39.069000,28.290000
5.377,-0.279000,0.986000,0.074000,-0.015000,4.160000,38.321000,28.290000
5.383,-0.258000,1.025000,0.063000,9.153000,18.015000,42.939000,28.200000
5.396,-0.313000,1.017000,0.070000,19.290000,27.412000,44.328000,28.340000
5.408,-0.405000,1.023000,0.077000,25.282000,33.000000,43.473000,28.340000
5.415,-0.505000,0.995000,0.101000,26.878000,29.618000,37.771000,28.290000
5.428,-0.532000,0.982000,0.141000,24.405000,19.771000,29.137000,28.290000
5.434,-0.517000,0.958000,0.160000,21.183000,7.290000,21.198000,28.290000
5.447,-0.477000,0.932000,0.160000,18.534000,-4.183000,12.496000,28.250000
5.454,-0.381000,0.951000,0.153000,18.153000,-12.191000,6.328000,28.290000
5.466,-0.340000,0.967000,0.154000,19.710000,-19.992000,4.687000,28.200000
5.478,-0.309000,0.944000,0.150000,24.015000,-27.298000,3.176000,28.290000
5.488,-0.287000,0.972000,0.156000,25.389000,-31.962000,6.290000,28.340000
5.498,-0.259000,0.965000,0.182000,20.366000,-33.985000,10.924000,28.250000
5.504,-0.261000,0.898000,0.181000,17.695000,-36.832000,9.550000,28.200000
5.517,-0.194000,0.890000,0.185000,15.031000,-36.840000,10.405000,28.200000
5.524,-0.140000,0.918000,0.163000,11.924000,-29.672000,12.198000,28.250000
5.538,-0.064000,0.980000,0.146000,16.023000,-21.313000,19.344000,28.250000
5.549,-0.058000,1.084000,0.163000,14.321000,-8.718000,27.214000,28.290000
5.555,-0.143000,1.097000,0.151000,16.130000,-2.756000,38.168000,28.290000
5.568,-0.290000,1.064000,0.160000,16.908000,-7.328000,47.191000,28.290000
5.577,-0.420000,0.921000,0.127000,16.489000,-19.947000,42.443000,28.250000
5.589,-0.434000,0.882000,0.127000,19.481000,-31.649000,33.588000,28.340000
5.594,-0.352000,0.885000,0.131000,21.664000,-37.099000,27.817000,28.290000
5.606,-0.182000,0.958000,0.127000,21.664000,-27.168000,19.290000,28.290000
5.618,-0.022000,1.077000,0.150000,21.252000,-7.069000,24.519000,28.290000
5.626,-0.028000,1.102000,0.171000,22.092000,13.260000,33.344000,28.250000
5.638,-0.148000,1.099000,0.178000,16.481000,22.847000,41.824000,28.250000
5.646,-0.307000,1.076000,0.166000,12.580000,23.489000,47.046000,28.290000
5.657,-0.408000,1.025000,0.152000,10.550000,10.550000,47.137000,28.290000
5.664,-0.463000,0.967000,0.149000,8.893000,-7.061000,40.618000,28.440000
5.677,-0.444000,0.983000,0.154000,6.595000,-23.313000,31.985000,28.340000
5.684,-0.375000,0.969000,0.160000,6.954000,-35.489000,18.397000,28.290000
5.697,-0.215000,1.032000,0.138000,3.893000,-34.542000,8.763000,28.290000
5.708,-0.124000,1.074000,0.145000,-0.084000,-28.939000,9.176000,28.290000
5.715,-0.101000,1.048000,0.112000,-0.740000,-23.351000,11.489000,28.250000
5.728,-0.135000,1.041000,0.096000,0.550000,-21.336000,14.954000,28.340000
5.736,-0.191000,0.989000,0.076000,3.145000,-29.832000,18.069000,28.290000
5.748,-0.202000,0.953000,0.078000,6.916000,-41.305000,17.916000,28.390000
5.754,-0.165000,0.938000,0.089000,10.573000,-47.344000,16.397000,28.340000
5.766,-0.062000,0.968000,0.112000,12.198000,-43.107000,14.611000,28.340000
5.778,0.023000,0.989000,0.127000,14.427000,-28.405000,16.603000,28.290000
5.786,0.059000,1.036000,0.129000,12.901000,-9.817000,16.168000,28.290000
5.798,0.048000,1.057000,0.135000,9.382000,5.969000,19.084000,28.290000
5.805,-0.034000,1.050000,0.127000,7.702000,15.435000,26.855000,28.290000
5.817,-0.170000,1.027000,0.108000,3.191000,11.878000,32.809000,28.250000
5.826,-0.242000,1.014000,0.103000,1.557000,0.176000,35.076000,28.390000
5.838,-0.276000,0.984000,0.110000,0.588000,-14.145000,33.855000,28.390000
5.846,-0.254000,0.927000,0.098000,1.359000,-24.641000,24.221000,28.250000
5.857,-0.141000,0.959000,0.097000,2.847000,-25.603000,15.504000,28.250000
5.863,-0.047000,0.958000,0.085000,2.168000,-20.908000,11.679000,28.250000
5.877,0.049000,0.995000,0.062000,1.863000,-10.489000,10.977000,28.290000
5.888,0.046000,0.978000,0.044000,5.710000,-2.565000,20.779000,28.390000
5.895,-0.023000,0.996000,0.035000,4.641000,1.305000,26.840000,28.250000
5.908,-0.107000,0.973000,0.057000,6.931000,-2.832000,34.443000,28.250000
5.915,-0.191000,0.945000,0.087000,9.038000,-12.305000,35.672000,28.200000
5.928,-0.175000,0.959000,0.099000,7.176000,-17.038000,28.710000,28.290000
5.934,-0.131000,0.962000,0.100000,4.588000,-18.824000,23.061000,28.390000
5.948,-0.075000,0.973000,0.098000,3.557000,-18.015000,17.931000,28.250000
5.953,-0.022000,0.969000,0.104000,3.321000,-12.718000,19.046000,28.340000
5.966,-0.042000,0.927000,0.102000,8.656000,-9.687000,22.328000,28.290000
5.978,-0.047000,0.973000,0.140000,7.290000,-8.046000,22.397000,28.290000
5.986,-0.047000,0.983000,0.161000,5.504000,-5.344000,23.435000,28.290000
5.998,-0.057000,0.992000,0.173000,2.420000,-5.427000,20.412000,28.340000
6.005,-0.063000,0.998000,0.167000,-2.695000,-8.695000,18.427000,28.340000
6.017,-0.067000,0.984000,0.127000,-5.817000,-16.664000,15.252000,28.290000
6.026,-0.019000,0.977000,0.089000,-6.893000,-24.595000,12.855000,28.480000
6.037,0.066000,0.963000,0.058000,-6.626000,-27.496000,13.649000,28.340000
6.044,0.126000,0.977000,0.045000,-1.908000,-25.427000,14.786000,28.340000
6.056,0.171000,0.973000,0.028000,1.580000,-16.511000,19.649000,28.290000
6.068,0.166000,0.988000,0.030000,4.916000,-3.496000,23.481000,28.290000
6.077,0.125000,0.985000,0.053000,7.084000,7.092000,26.130000,28.340000
6.088,0.052000,1.004000,0.054000,7.260000,12.115000,28.748000,28.340000
6.097,-0.015000,1.012000,0.045000,6.893000,11.840000,28.977000,28.250000
6.107,-0.064000,1.012000,0.055000,5.176000,6.344000,29.198000,28.390000
6.114,-0.093000,0.993000,0.038000,5.305000,-1.191000,28.031000,28.290000
6.128,-0.085000,0.978000,0.032000,5.153000,-6.443000,24.969000,28.340000
6.135,-0.042000,0.961000,0.032000,6.481000,-9.466000,21.183000,28.250000
6.147,-0.006000,0.951000,0.043000,9.489000,-10.443000,19.557000,28.290000
6.153,0.022000,0.969000,0.053000,12.504000,-10.443000,18.237000,28.390000
6.166,0.061000,1.007000,0.070000,11.107000,-7.015000,19.344000,28.290000
6.178,0.059000,1.029000,0.088000,10.321000,-3.809000,22.420000,28.390000
6.187,0.040000,1.050000,0.108000,9.985000,-2.947000,24.733000,28.340000
6.198,-0.002000,1.028000,0.110000,7.481000,-2.847000,25.954000,28.390000
6.205,-0.029000,1.009000,0.109000,5.076000,-6.901000,24.359000,28.290000
6.217,-0.033000,0.986000,0.082000,2.969000,-12.992000,20.588000,28.250000
6.227,-0.019000,0.992000,0.057000,3.817000,-19.527000,17.252000,28.250000
6.238,0.041000,0.990000,0.076000,5.863000,-27.206000,16.534000,28.250000
6.244,0.120000,1.019000,0.070000,6.351000,-21.076000,22.107000,28.290000
6.256,0.147000,1.056000,0.074000,6.443000,-10.992000,23.122000,28.290000
6.263,0.127000,1.058000,0.090000,6.565000,-2.656000,25.397000,28.250000
6.278,0.102000,1.044000,0.072000,6.244000,8.939000,27.565000,28.340000
6.283,0.061000,1.033000,0.080000,4.626000,18.008000,27.527000,28.290000
6.296,-0.037000,1.008000,0.041000,3.969000,17.817000,26.511000,28.390000
6.308,-0.095000,1.008000,0.040000,5.382000,12.435000,22.229000,28.290000
6.315,-0.129000,0.985000,0.039000,6.901000,-0.160000,18.649000,28.340000
6.327,-0.102000,0.980000,0.038000,8.641000,-15.374000,13.183000,28.340000
6.337,-0.035000,0.988000,0.047000,11.733000,-26.374000,8.962000,28.390000
6.347,0.053000,0.995000,0.071000,11.397000,-30.664000,6.351000,28.390000
6.354,0.160000,1.030000,0.105000,11.977000,-22.916000,11.115000,28.290000
6.366,0.155000,1.085000,0.104000,10.702000,-12.802000,12.328000,28.340000
6.378,0.152000,1.072000,0.133000,10.122000,-5.099000,16.313000,28.390000
6.387,0.072000,1.058000,0.119000,5.672000,-2.183000,18.786000,28.290000
6.398,-0.025000,1.009000,0.092000,5.405000,-9.573000,19.901000,28.390000
6.405,-0.037000,0.996000,0.079000,6.427000,-17.832000,16.031000,28.340000
6.417,-0.007000,1.009000,0.107000,5.000000,-24.710000,12.305000,28.340000
6.426,0.025000,1.006000,0.094000,4.420000,-28.008000,6.298000,28.290000
6.437,0.148000,1.046000,0.094000,1.939000,-17.977000,3.443000,28.390000
6.446,0.177000,1.029000,0.102000,1.397000,-5.992000,6.130000,28.250000
6.457,0.141000,1.040000,0.100000,0.443000,2.863000,10.023000,28.250000
6.464,0.065000,0.999000,0.077000,-1.061000,5.840000,10.863000,28.250000
6.478,-0.002000,0.958000,0.049000,-1.084000,-0.832000,8.931000,28.290000
6.484,-0.027000,0.948000,0.048000,2.573000,-14.893000,7.252000,28.290000
6.496,0.028000,0.978000,0.072000,2.237000,-24.313000,2.511000,28.440000
6.503,0.093000,1.028000,0.078000,1.183000,-25.817000,3.130000,28.340000
6.516,0.115000,1.071000,0.086000,-1.985000,-21.366000,5.466000,28.390000
6.528,0.061000,1.097000,0.083000,-8.924000,-15.344000,11.679000,28.390000
6.537,-0.043000,1.043000,0.041000,-13.351000,-9.901000,12.115000,28.290000
6.547,-0.138000,0.982000,-0.003000,-12.214000,-9.817000,5.542000,28.340000
6.554,-0.150000,0.968000,-0.012000,-7.687000,-14.328000,-7.511000,28.290000
6.566,-0.113000,0.967000,-0.002000,-1.985000,-19.145000,-18.718000,28.390000
6.572,0.004000,0.987000,0.019000,1.260000,-19.756000,-30.427000,28.290000
6.587,0.132000,1.012000,0.036000,1.153000,-13.412000,-34.221000,28.340000
6.598,0.206000,1.006000,0.042000,2.527000,-4.901000,-27.481000,28.340000
6.605,0.190000,1.013000,0.043000,-0.985000,1.603000,-20.603000,28.390000
6.617,0.158000,1.001000,0.048000,-3.947000,5.061000,-11.962000,28.390000
6.626,0.097000,0.983000,0.018000,-5.664000,3.687000,-5.611000,28.340000
6.637,0.051000,0.954000,0.004000,-4.817000,-2.458000,-4.397000,28.340000
6.646,0.047000,0.955000,0.014000,-2.023000,-7.435000,-6.687000,28.390000
6.656,0.082000,0.954000,0.015000,0.962000,-9.252000,-9.092000,28.290000
6.664,0.117000,0.974000,0.040000,2.534000,-7.519000,-9.992000,28.290000
6.679,0.123000,0.986000,0.069000,2.725000,-3.771000,-8.359000,28.340000
6.683,0.105000,1.000000,0.070000,0.076000,-1.725000,-6.519000,28.340000
6.697,0.085000,1.005000,0.060000,-2.702000,-0.901000,-7.298000,28.290000
6.708,0.087000,0.995000,0.041000,-4.206000,-1.641000,-7.733000,28.290000
6.715,0.091000,0.972000,0.031000,-3.015000,-2.916000,-7.802000,28.290000
6.728,0.109000,0.977000,0.024000,-1.366000,-2.702000,-8.008000,28.250000
6.737,0.126000,0.989000,0.031000,-0.374000,-1.328000,-7.427000,28.250000
6.748,0.112000,0.979000,0.041000,1.359000,-0.947000,-6.481000,28.290000
6.754,0.104000,0.989000,0.052000,1.389000,-0.977000,-7.115000,28.290000
6.767,0.104000,0.994000,0.040000,0.870000,-1.763000,-7.511000,28.250000
6.776,0.119000,1.003000,0.065000,0.527000,-2.115000,-6.397000,28.250000
6.788,0.137000,1.011000,0.054000,-0.695000,0.053000,-5.046000,28.290000
6.794,0.126000,1.008000,0.050000,-2.336000,1.710000,-2.351000,28.290000
6.806,0.093000,1.002000,0.031000,-2.817000,0.389000,0.130000,28.440000
6.813,0.050000,0.994000,0.020000,-2.115000,-3.053000,1.458000,28.250000
6.828,0.039000,1.008000,0.034000,-1.649000,-6.977000,1.046000,28.340000
6.838,0.039000,0.996000,0.043000,-1.435000,-10.519000,-0.779000,28.290000
6.846,0.078000,1.008000,0.054000,-1.672000,-9.023000,-2.427000,28.390000
6.858,0.099000,1.001000,0.062000,-1.817000,-4.420000,-4.145000,28.340000
6.865,0.107000,0.990000,0.054000,-2.870000,0.748000,-5.145000,28.340000
6.878,0.114000,0.974000,0.039000,-1.420000,3.252000,-5.611000,28.390000
6.886,0.104000,0.979000,0.042000,0.046000,2.908000,-4.153000,28.390000
6.898,0.094000,0.980000,0.043000,0.794000,-0.191000,-2.229000,28.390000
6.904,0.109000,0.990000,0.052000,1.015000,-2.679000,-1.153000,28.250000
6.917,0.119000,1.009000,0.060000,-0.229000,-4.046000,0.863000,28.340000
6.927,0.126000,0.989000,0.047000,-0.160000,-3.550000,1.779000,28.290000
6.937,0.144000,1.002000,0.053000,-0.053000,-0.473000,4.710000,28.290000
6.944,0.126000,1.005000,0.054000,-0.023000,5.053000,8.092000,28.340000
6.956,0.073000,1.003000,0.047000,-0.763000,7.580000,10.221000,28.340000
6.963,0.019000,0.991000,0.035000,-1.855000,5.855000,9.779000,28.390000
6.978,-0.006000,0.991000,0.046000,-1.313000,1.534000,6.969000,28.390000
6.984,-0.012000,0.979000,0.028000,-0.534000,-4.809000,4.153000,28.290000
6.996,0.011000,0.982000,0.030000,0.427000,-8.435000,0.420000,28.440000
7.008,0.054000,1.008000,0.053000,0.840000,-8.344000,0.336000,28.440000
7.016,0.037000,1.021000,0.061000,0.221000,-8.939000,2.824000,28.390000
7.028,-0.024000,1.028000,0.070000,-1.824000,-11.229000,5.252000,28.390000
7.036,-0.081000,1.033000,0.070000,-4.237000,-16.824000,5.519000,28.340000
7.047,-0.126000,1.041000,0.061000,-6.435000,-24.389000,3.420000,28.340000
7.054,-0.144000,1.015000,0.054000,-7.672000,-34.099000,-1.435000,28.290000
7.067,-0.118000,1.010000,0.060000,-7.695000,-45.198000,-5.405000,28.290000
7.073,-0.053000,1.017000,0.060000,-8.061000,-52.237000,-10.176000,28.290000
7.087,0.055000,1.010000,0.050000,-8.733000,-48.534000,-13.191000,28.340000
7.098,0.153000,1.005000,0.050000,-8.977000,-39.053000,-11.198000,28.340000
7.105,0.148000,0.982000,0.028000,-7.420000,-26.198000,-8.969000,28.390000
7.117,0.120000,0.959000,0.019000,-4.771000,-17.840000,-7.832000,28.390000
7.128,0.089000,0.956000,0.027000,-0.641000,-13.733000,-7.099000,28.250000
7.137,0.053000,0.976000,0.051000,1.023000,-14.305000,-6.405000,28.340000
7.144,0.058000,0.982000,0.077000,1.252000,-15.962000,-7.405000,28.290000
7.156,0.065000,1.003000,0.099000,-0.031000,-15.252000,-6.725000,28.390000
7.168,0.056000,1.003000,0.119000,-2.176000,-15.313000,-6.153000,28.340000
7.177,0.037000,0.998000,0.094000,-5.290000,-18.458000,-5.985000,28.340000
7.188,0.039000,0.993000,0.085000,-5.763000,-23.092000,-6.588000,28.340000
7.196,0.053000,0.999000,0.058000,-6.183000,-26.939000,-5.802000,28.390000
7.207,0.056000,0.999000,0.055000,-6.069000,-31.481000,-4.534000,28.390000
7.214,0.042000,1.005000,0.066000,-6.153000,-35.840000,-3.313000,28.340000
7.227,0.074000,1.009000,0.061000,-6.687000,-33.824000,-5.084000,28.340000
7.234,0.124000,1.004000,0.056000,-7.115000,-25.214000,-7.542000,28.390000
7.247,0.150000,0.993000,0.043000,-6.893000,-14.290000,-9.573000,28.290000
7.258,0.153000,0.976000,0.030000,-4.992000,-4.702000,-10.336000,28.390000
7.265,0.131000,0.975000,0.012000,-2.260000,1.038000,-9.618000,28.340000
7.278,0.107000,0.990000,0.020000,0.595000,1.618000,-7.031000,28.340000
7.286,0.069000,0.996000,0.044000,1.710000,-3.809000,-3.282000,28.390000
7.297,0.040000,1.009000,0.073000,0.336000,-13.779000,0.198000,28.290000
7.304,0.015000,1.018000,0.098000,-3.053000,-21.756000,2.992000,28.340000
7.317,-0.037000,1.018000,0.101000,-7.168000,-36.336000,4.252000,28.340000
7.326,-0.070000,1.014000,0.096000,-11.885000,-54.237000,6.458000,28.390000
7.338,-0.059000,0.983000,0.052000,-14.374000,-71.298000,5.412000,28.390000
7.349,0.086000,1.003000,0.042000,-16.863000,-73.519000,2.122000,28.340000
7.355,0.147000,0.972000,0.018000,-13.725000,-64.282000,5.031000,28.440000
7.368,0.157000,0.965000,0.021000,-9.824000,-51.412000,3.038000,28.440000
7.378,0.167000,0.956000,0.029000,-6.740000,-33.603000,0.229000,28.390000
7.388,0.169000,0.951000,0.036000,-2.496000,-18.214000,-2.664000,28.290000
7.394,0.154000,0.957000,0.042000,0.580000,-6.763000,-4.802000,28.340000
7.407,0.144000,0.977000,0.053000,1.710000,1.198000,-4.565000,28.440000
7.414,0.104000,0.976000,0.061000,2.061000,2.267000,-1.328000,28.290000
7.428,0.054000,0.992000,0.075000,1.282000,-2.878000,2.160000,28.390000
7.434,0.015000,0.998000,0.083000,0.229000,-11.634000,4.336000,28.390000
7.446,-0.002000,1.011000,0.091000,-1.634000,-19.924000,5.107000,28.250000
7.453,-0.008000,1.002000,0.081000,-3.542000,-27.695000,4.191000,28.290000
7.466,0.049000,1.002000,0.067000,-5.298000,-28.931000,0.618000,28.390000
7.478,0.102000,0.990000,0.059000,-4.557000,-25.000000,-1.145000,28.390000
7.486,0.128000,0.983000,0.051000,-2.740000,-18.954000,-1.298000,28.340000
7.497,0.159000,0.985000,0.049000,-0.473000,-10.130000,-0.947000,28.340000
7.504,0.146000,1.008000,0.061000,1.473000,-1.695000,1.405000,28.390000
7.517,0.101000,1.004000,0.068000,2.198000,3.588000,3.099000,28.390000
7.528,0.054000,0.998000,0.062000,2.061000,4.031000,1.771000,28.340000
7.541,0.040000,0.994000,0.068000,2.130000,2.137000,-0.206000,28.340000
7.544,0.049000,0.992000,0.069000,3.015000,-1.260000,-1.336000,28.340000
7.557,0.068000,0.986000,0.069000,3.000000,-4.038000,-1.779000,28.290000
7.564,0.090000,0.991000,0.089000,3.031000,-4.908000,-0.427000,28.390000
7.579,0.096000,0.990000,0.102000,3.053000,-5.489000,1.870000,28.340000
7.584,0.089000,1.009000,0.110000,1.710000,-4.038000,3.076000,28.440000
7.597,0.090000,1.010000,0.113000,-0.275000,-1.550000,4.336000,28.480000
7.604,0.062000,0.999000,0.094000,-1.679000,0.557000,4.069000,28.390000
7.616,0.045000,0.982000,0.068000,-1.244000,0.840000,1.656000,28.390000
7.623,0.056000,0.975000,0.063000,0.267000,1.573000,-1.023000,28.250000
7.638,0.074000,0.978000,0.057000,2.137000,1.672000,-1.771000,28.250000
7.644,0.100000,0.991000,0.085000,3.351000,2.504000,-1.267000,28.290000
7.656,0.099000,1.001000,0.098000,2.969000,3.954000,0.733000,28.390000
7.663,0.087000,1.013000,0.102000,1.618000,5.641000,2.405000,28.340000
7.677,0.062000,1.010000,0.100000,-0.618000,6.473000,3.534000,28.440000
7.689,0.039000,0.993000,0.106000,-2.023000,5.023000,3.473000,28.390000
7.697,0.037000,0.991000,0.082000,-3.015000,3.382000,1.893000,28.290000
7.708,0.042000,0.989000,0.085000,-2.725000,2.244000,1.183000,28.390000
7.715,0.049000,0.985000,0.069000,-1.901000,1.221000,0.359000,28.250000
7.729,0.075000,0.990000,0.068000,-1.153000,2.267000,0.550000,28.440000
7.736,0.085000,1.001000,0.087000,-0.672000,4.947000,0.947000,28.390000
7.749,0.080000,0.995000,0.080000,-1.260000,7.740000,1.664000,28.390000
7.755,0.051000,1.004000,0.072000,-1.664000,8.649000,2.031000,28.340000
7.768,0.037000,0.993000,0.057000,-1.931000,7.275000,1.160000,28.340000
7.777,0.045000,1.000000,0.059000,-0.855000,5.076000,1.137000,28.390000
7.788,0.044000,0.998000,0.052000,-0.252000,2.214000,1.870000,28.480000
7.796,0.061000,1.000000,0.073000,0.298000,1.282000,1.824000,28.390000
7.808,0.070000,0.999000,0.092000,0.290000,1.855000,3.046000,28.340000
7.815,0.050000,1.001000,0.091000,-0.702000,2.725000,3.809000,28.440000
7.827,0.038000,0.998000,0.081000,-1.527000,3.313000,3.359000,28.390000
7.836,0.022000,0.999000,0.080000,-1.389000,2.191000,2.412000,28.390000
7.848,0.023000,0.987000,0.072000,-0.305000,1.489000,0.313000,28.340000
7.854,0.042000,0.990000,0.082000,0.298000,1.985000,-1.206000,28.340000
7.867,0.055000,0.998000,0.089000,0.237000,2.519000,-1.893000,28.390000
7.890,0.047000,1.007000,0.104000,-0.466000,3.053000,-1.939000,28.390000
7.890,0.056000,1.013000,0.108000,-1.611000,4.817000,-1.840000,28.390000
