time_sec,ax,ay,az,gx,gy,gz,temp_c
0.013,-0.417000,0.860000,0.133000,4.015000,-3.496000,3.344000,29.710000
0.013,-0.427000,0.858000,0.132000,4.977000,-4.214000,6.931000,29.660000
0.025,-0.445000,0.857000,0.139000,5.710000,-2.435000,8.053000,29.660000
0.032,-0.466000,0.864000,0.161000,6.344000,-0.771000,7.450000,29.610000
0.045,-0.450000,0.877000,0.165000,7.634000,2.061000,5.878000,29.710000
0.052,-0.446000,0.916000,0.183000,6.313000,8.130000,3.351000,29.570000
0.064,-0.434000,0.923000,0.198000,5.145000,14.359000,3.023000,29.750000
0.071,-0.464000,0.934000,0.194000,2.176000,18.382000,3.130000,29.610000
0.084,-0.508000,0.927000,0.172000,-1.137000,18.885000,1.962000,29.610000
0.096,-0.543000,0.905000,0.159000,-3.252000,15.443000,-0.328000,29.660000
0.104,-0.560000,0.882000,0.128000,-5.664000,8.084000,-2.008000,29.660000
0.116,-0.540000,0.851000,0.116000,-6.313000,0.565000,-3.901000,29.710000
0.123,-0.500000,0.846000,0.115000,-5.061000,-2.435000,-5.634000,29.710000
0.135,-0.465000,0.847000,0.119000,-3.527000,-4.176000,-4.985000,29.660000
0.142,-0.437000,0.857000,0.139000,-4.008000,-2.023000,-3.947000,29.660000
0.154,-0.431000,0.857000,0.151000,-3.847000,0.992000,-3.031000,29.710000
0.161,-0.423000,0.862000,0.149000,-3.191000,2.733000,-2.405000,29.660000
0.174,-0.427000,0.870000,0.151000,-4.137000,5.305000,-1.710000,29.570000
0.186,-0.426000,0.872000,0.133000,-6.031000,5.794000,0.160000,29.710000
0.195,-0.430000,0.866000,0.137000,-7.466000,4.344000,2.107000,29.610000
0.206,-0.440000,0.865000,0.121000,-8.115000,2.672000,4.817000,29.660000
0.213,-0.440000,0.853000,0.121000,-9.595000,1.145000,6.176000,29.660000
0.226,-0.436000,0.862000,0.106000,-10.786000,1.191000,7.366000,29.710000
0.234,-0.424000,0.871000,0.096000,-10.840000,2.137000,8.779000,29.710000
0.245,-0.420000,0.881000,0.078000,-10.237000,3.863000,10.695000,29.610000
0.252,-0.446000,0.890000,0.066000,-9.137000,4.832000,12.496000,29.570000
0.265,-0.472000,0.880000,0.051000,-7.412000,3.763000,12.420000,29.610000
0.272,-0.492000,0.870000,0.052000,-5.267000,1.550000,10.206000,29.710000
0.284,-0.495000,0.848000,0.061000,-4.924000,-2.229000,6.397000,29.660000
0.291,-0.485000,0.858000,0.070000,-4.901000,-6.046000,3.718000,29.660000
0.303,-0.435000,0.864000,0.083000,-5.977000,-6.260000,2.985000,29.610000
0.316,-0.391000,0.866000,0.089000,-6.542000,-4.450000,5.374000,29.710000
0.323,-0.370000,0.863000,0.073000,-5.527000,-0.015000,10.366000,29.660000
0.335,-0.394000,0.855000,0.057000,-4.107000,2.038000,14.977000,29.660000
0.343,-0.430000,0.839000,0.055000,-0.939000,2.176000,17.771000,29.610000
0.355,-0.460000,0.829000,0.056000,1.550000,0.733000,18.305000,29.710000
0.362,-0.480000,0.823000,0.063000,3.771000,-1.962000,16.840000,29.660000
0.374,-0.481000,0.827000,0.060000,5.214000,-3.878000,15.237000,29.570000
0.383,-0.478000,0.841000,0.091000,5.038000,-5.832000,13.863000,29.710000
0.394,-0.459000,0.854000,0.113000,3.725000,-8.145000,12.824000,29.710000
0.406,-0.458000,0.864000,0.144000,0.481000,-13.374000,12.740000,29.660000
0.413,-0.408000,0.908000,0.194000,-3.863000,-19.122000,17.160000,29.660000
0.425,-0.397000,0.878000,0.203000,-13.695000,-25.664000,21.412000,29.610000
0.433,-0.349000,0.874000,0.186000,-19.153000,-27.710000,24.382000,29.710000
0.444,-0.326000,0.860000,0.206000,-22.305000,-26.427000,27.786000,29.660000
0.451,-0.330000,0.819000,0.182000,-24.458000,-27.534000,29.779000,29.660000
0.463,-0.336000,0.801000,0.166000,-22.214000,-28.252000,32.603000,29.610000
0.476,-0.318000,0.785000,0.150000,-19.053000,-26.611000,32.908000,29.660000
0.482,-0.269000,0.800000,0.143000,-16.275000,-20.466000,33.565000,29.660000
0.495,-0.243000,0.814000,0.136000,-11.038000,-11.893000,34.519000,29.710000
0.502,-0.275000,0.821000,0.125000,-5.824000,-6.328000,35.924000,29.610000
0.514,-0.312000,0.824000,0.116000,-0.359000,-4.298000,36.183000,29.750000
0.528,-0.359000,0.831000,0.148000,2.282000,-6.565000,33.901000,29.660000
0.533,-0.340000,0.864000,0.164000,4.000000,-13.153000,31.985000,29.710000
0.546,-0.328000,0.888000,0.218000,2.198000,-16.565000,32.305000,29.710000
0.552,-0.311000,0.899000,0.229000,-1.023000,-17.534000,31.344000,29.610000
0.565,-0.254000,0.985000,0.276000,-6.870000,-12.496000,32.053000,29.660000
0.572,-0.278000,0.976000,0.264000,-16.779000,-8.901000,30.771000,29.710000
0.584,-0.281000,0.969000,0.279000,-24.328000,-9.931000,33.321000,29.610000
0.596,-0.302000,0.962000,0.271000,-32.145000,-13.779000,36.321000,29.660000
0.603,-0.289000,0.929000,0.223000,-36.588000,-15.374000,37.748000,29.750000
0.615,-0.238000,0.934000,0.199000,-32.359000,-13.901000,42.901000,29.610000
0.622,-0.249000,0.945000,0.171000,-26.000000,-9.374000,49.359000,29.610000
0.634,-0.284000,0.923000,0.159000,-17.313000,-5.756000,52.893000,29.660000
0.642,-0.325000,0.945000,0.158000,-8.832000,-1.748000,53.763000,29.660000
0.654,-0.390000,0.932000,0.170000,-1.389000,-1.107000,49.443000,29.710000
0.666,-0.420000,0.941000,0.189000,3.679000,-2.374000,40.710000,29.710000
0.673,-0.431000,0.964000,0.220000,7.267000,-4.496000,30.542000,29.570000
0.686,-0.399000,0.974000,0.228000,9.817000,-6.397000,20.557000,29.660000
0.693,-0.361000,1.011000,0.246000,9.321000,-9.496000,15.809000,29.610000
0.705,-0.317000,1.021000,0.250000,10.885000,-7.122000,12.595000,29.710000
0.712,-0.304000,1.032000,0.261000,7.794000,-7.527000,11.962000,29.610000
0.724,-0.315000,1.049000,0.281000,4.504000,-8.092000,12.176000,29.660000
0.732,-0.326000,1.015000,0.283000,-0.366000,-11.710000,10.092000,29.520000
0.744,-0.317000,0.989000,0.276000,-3.092000,-17.389000,8.656000,29.710000
0.756,-0.284000,0.984000,0.272000,-7.748000,-18.290000,6.817000,29.570000
0.763,-0.239000,0.963000,0.245000,-8.885000,-17.023000,5.634000,29.660000
0.775,-0.203000,0.961000,0.238000,-5.763000,-11.695000,9.466000,29.610000
0.783,-0.192000,0.960000,0.233000,0.817000,-0.595000,13.679000,29.710000
0.795,-0.257000,0.989000,0.246000,6.771000,15.282000,13.573000,29.660000
0.802,-0.386000,1.019000,0.268000,11.168000,28.405000,8.412000,29.660000
0.814,-0.497000,1.033000,0.270000,13.038000,30.595000,-1.794000,29.610000
0.821,-0.539000,1.039000,0.252000,6.496000,22.389000,-10.603000,29.710000
0.834,-0.501000,1.021000,0.227000,3.771000,8.191000,-16.344000,29.660000
0.847,-0.406000,1.011000,0.203000,2.053000,0.427000,-14.359000,29.660000
0.853,-0.353000,1.000000,0.189000,3.740000,-3.176000,-10.099000,29.710000
0.866,-0.328000,0.991000,0.195000,7.672000,-0.328000,-6.977000,29.710000
0.872,-0.338000,0.999000,0.191000,11.679000,3.870000,-7.405000,29.570000
0.885,-0.377000,1.001000,0.198000,13.824000,8.466000,-10.969000,29.570000
0.892,-0.408000,1.006000,0.209000,14.580000,10.756000,-16.504000,29.710000
0.904,-0.444000,0.965000,0.223000,12.397000,11.534000,-27.382000,29.750000
0.916,-0.430000,0.978000,0.219000,11.321000,10.313000,-34.733000,29.660000
0.923,-0.417000,0.992000,0.201000,12.420000,7.260000,-37.328000,29.610000
0.938,-0.387000,0.998000,0.206000,12.389000,5.832000,-39.191000,29.710000
0.943,-0.372000,1.006000,0.213000,11.702000,6.374000,-38.832000,29.570000
0.955,-0.390000,1.003000,0.210000,14.260000,4.885000,-35.863000,29.660000
0.962,-0.381000,1.018000,0.219000,15.389000,9.137000,-36.504000,29.710000
0.974,-0.415000,1.023000,0.224000,12.962000,11.595000,-37.504000,29.710000
0.982,-0.444000,1.045000,0.205000,12.901000,11.122000,-39.099000,29.660000
0.994,-0.489000,1.023000,0.202000,11.534000,8.817000,-43.863000,29.570000
1.006,-0.486000,1.005000,0.186000,10.641000,4.634000,-48.496000,29.710000
1.013,-0.466000,0.984000,0.197000,10.061000,5.290000,-54.214000,29.710000
1.026,-0.457000,0.981000,0.197000,7.824000,7.511000,-59.176000,29.610000
1.032,-0.428000,0.978000,0.205000,9.901000,8.000000,-61.267000,29.660000
1.045,-0.425000,0.972000,0.186000,9.038000,13.260000,-61.336000,29.610000
1.052,-0.441000,0.979000,0.162000,10.756000,15.267000,-60.214000,29.710000
1.064,-0.455000,0.977000,0.165000,14.008000,15.954000,-59.672000,29.570000
1.076,-0.475000,0.984000,0.163000,15.458000,18.031000,-60.351000,29.660000
1.083,-0.504000,0.972000,0.167000,15.008000,17.252000,-61.595000,29.710000
1.095,-0.514000,0.917000,0.160000,14.000000,11.603000,-65.634000,29.750000
1.103,-0.512000,0.891000,0.148000,11.924000,8.046000,-70.130000,29.660000
1.115,-0.495000,0.878000,0.145000,9.664000,6.145000,-74.595000,29.710000
1.122,-0.422000,0.869000,0.139000,12.962000,3.580000,-72.687000,29.710000
1.134,-0.388000,0.885000,0.116000,14.802000,9.282000,-68.969000,29.660000
1.147,-0.385000,0.914000,0.120000,18.947000,14.672000,-62.107000,29.570000
1.153,-0.433000,0.899000,0.137000,20.985000,18.084000,-57.221000,29.710000
1.165,-0.485000,0.879000,0.137000,21.756000,15.137000,-56.038000,29.610000
1.172,-0.534000,0.892000,0.151000,20.015000,8.672000,-56.450000,29.710000
1.185,-0.532000,0.889000,0.145000,17.176000,5.664000,-59.702000,29.570000
1.192,-0.503000,0.941000,0.157000,12.992000,4.748000,-56.573000,29.610000
1.204,-0.452000,0.964000,0.135000,11.527000,10.313000,-51.115000,29.610000
1.216,-0.463000,0.985000,0.124000,12.443000,19.130000,-45.985000,29.750000
1.223,-0.543000,0.936000,0.104000,16.962000,26.534000,-44.992000,29.750000
1.236,-0.618000,0.914000,0.093000,14.237000,26.603000,-47.634000,29.710000
1.243,-0.687000,0.852000,0.084000,12.840000,19.000000,-53.939000,29.710000
1.255,-0.681000,0.834000,0.080000,11.038000,14.573000,-62.550000,29.570000
1.261,-0.634000,0.839000,0.052000,10.489000,11.198000,-66.969000,29.660000
1.274,-0.597000,0.817000,0.041000,10.977000,9.397000,-68.817000,29.710000
1.286,-0.573000,0.838000,0.052000,13.916000,11.015000,-66.962000,29.710000
1.293,-0.627000,0.842000,0.067000,13.153000,7.450000,-64.313000,29.570000
1.305,-0.639000,0.786000,0.054000,12.359000,2.840000,-66.198000,29.570000
1.312,-0.625000,0.758000,0.057000,13.282000,-0.847000,-67.779000,29.710000
1.325,-0.593000,0.740000,0.067000,13.992000,-2.588000,-69.542000,29.610000
1.332,-0.547000,0.714000,0.068000,16.305000,-0.969000,-69.366000,29.660000
1.347,-0.531000,0.727000,0.071000,20.252000,3.557000,-64.695000,29.610000
1.356,-0.549000,0.738000,0.088000,22.252000,7.496000,-59.115000,29.710000
1.363,-0.584000,0.708000,0.089000,23.328000,8.626000,-56.588000,29.660000
1.375,-0.584000,0.705000,0.089000,21.763000,10.771000,-54.221000,29.660000
1.383,-0.598000,0.690000,0.095000,18.908000,11.000000,-54.069000,29.710000
1.395,-0.556000,0.703000,0.074000,21.962000,16.351000,-52.191000,29.610000
1.402,-0.530000,0.790000,0.093000,25.443000,23.969000,-43.237000,29.660000
1.414,-0.560000,0.818000,0.062000,26.832000,30.687000,-31.695000,29.660000
1.426,-0.637000,0.843000,0.032000,32.092000,38.351000,-21.641000,29.610000
1.434,-0.769000,0.837000,0.056000,27.756000,34.962000,-17.420000,29.610000
1.445,-0.858000,0.819000,0.051000,22.000000,29.519000,-24.863000,29.660000
1.452,-0.907000,0.750000,0.024000,11.092000,21.359000,-29.313000,29.660000
1.464,-0.880000,0.742000,0.016000,10.687000,15.206000,-39.611000,29.710000
1.471,-0.860000,0.705000,-0.007000,8.397000,11.550000,-49.672000,29.610000
1.484,-0.835000,0.680000,-0.016000,11.740000,8.603000,-57.092000,29.610000
1.496,-0.809000,0.697000,-0.007000,16.931000,9.244000,-61.496000,29.570000
1.503,-0.831000,0.683000,0.011000,17.450000,6.405000,-67.282000,29.610000
1.515,-0.820000,0.653000,0.012000,15.580000,5.679000,-76.092000,29.800000
1.522,-0.796000,0.604000,0.028000,15.237000,1.336000,-81.420000,29.660000
1.534,-0.744000,0.579000,0.011000,12.382000,-1.458000,-85.176000,29.660000
1.542,-0.677000,0.601000,0.015000,15.214000,1.092000,-80.939000,29.710000
1.553,-0.648000,0.590000,-0.004000,17.763000,2.298000,-73.351000,29.710000
1.566,-0.635000,0.666000,0.016000,24.221000,9.206000,-60.527000,29.570000
1.573,-0.731000,0.653000,0.020000,25.931000,10.840000,-51.687000,29.660000
1.586,-0.825000,0.603000,0.030000,22.855000,7.870000,-51.779000,29.710000
1.592,-0.874000,0.601000,0.036000,21.702000,3.061000,-56.366000,29.520000
1.604,-0.864000,0.546000,0.065000,12.679000,-2.550000,-64.679000,29.660000
1.611,-0.794000,0.520000,0.017000,5.336000,-3.267000,-68.252000,29.660000
1.624,-0.701000,0.601000,0.000000,6.275000,2.405000,-63.237000,29.610000
1.636,-0.706000,0.580000,0.005000,7.359000,5.740000,-57.389000,29.610000
1.644,-0.742000,0.542000,-0.028000,8.908000,11.817000,-53.168000,29.610000
1.655,-0.817000,0.565000,-0.014000,10.595000,12.061000,-49.977000,29.660000
1.662,-0.862000,0.520000,-0.025000,8.649000,7.061000,-54.038000,29.710000
1.675,-0.847000,0.520000,-0.046000,6.282000,5.565000,-57.748000,29.710000
1.682,-0.823000,0.538000,-0.033000,3.863000,2.649000,-55.321000,29.660000
1.695,-0.794000,0.464000,-0.058000,5.969000,3.137000,-55.366000,29.660000
1.706,-0.739000,0.626000,-0.082000,9.145000,10.038000,-47.038000,29.610000
1.713,-0.809000,0.647000,-0.057000,9.771000,11.389000,-36.160000,29.610000
1.725,-0.887000,0.570000,-0.061000,9.595000,13.931000,-34.901000,29.660000
1.733,-0.960000,0.568000,-0.040000,9.595000,12.122000,-35.351000,29.660000
1.745,-1.030000,0.478000,-0.048000,7.763000,4.473000,-47.740000,29.610000
1.752,-1.007000,0.430000,-0.052000,-0.641000,1.954000,-55.000000,29.800000
1.764,-1.003000,0.404000,-0.059000,1.183000,-5.473000,-61.000000,29.660000
1.776,-0.909000,0.359000,-0.070000,1.588000,-3.550000,-71.511000,29.750000
1.783,-0.837000,0.391000,-0.109000,10.656000,2.031000,-74.702000,29.710000
1.796,-0.846000,0.410000,-0.099000,17.893000,4.328000,-70.260000,29.710000
1.802,-0.861000,0.376000,-0.091000,22.756000,6.824000,-69.168000,29.610000
1.814,-0.918000,0.419000,-0.066000,26.611000,6.168000,-65.855000,29.660000
1.821,-0.956000,0.382000,-0.061000,27.420000,2.863000,-66.649000,29.710000
1.834,-0.915000,0.470000,-0.088000,28.511000,5.382000,-64.802000,29.710000
1.846,-0.972000,0.490000,-0.045000,24.832000,0.634000,-55.160000,29.660000
1.853,-1.017000,0.404000,-0.028000,24.656000,-2.031000,-59.282000,29.660000
1.865,-1.086000,0.334000,-0.029000,24.618000,-9.206000,-68.557000,29.520000
1.872,-1.043000,0.281000,-0.016000,15.298000,-13.160000,-77.122000,29.800000
1.884,-0.948000,0.317000,-0.054000,11.237000,-6.885000,-83.389000,29.660000
1.896,-0.878000,0.313000,-0.047000,10.366000,-3.634000,-82.374000,29.660000
1.903,-0.846000,0.281000,-0.061000,11.458000,3.359000,-82.008000,29.710000
1.915,-0.873000,0.318000,-0.083000,14.244000,7.603000,-76.878000,29.800000
1.922,-0.943000,0.282000,-0.062000,10.145000,4.023000,-73.763000,29.750000
1.934,-0.936000,0.217000,-0.093000,10.450000,2.718000,-74.145000,29.750000
1.941,-0.931000,0.237000,-0.087000,11.901000,-1.160000,-71.794000,29.710000
1.953,-0.936000,0.187000,-0.083000,8.031000,-7.168000,-70.718000,29.610000
1.966,-0.893000,0.179000,-0.126000,10.008000,-7.374000,-70.786000,29.660000
1.972,-0.903000,0.181000,-0.099000,11.710000,-12.290000,-66.847000,29.660000
1.984,-0.879000,0.098000,-0.117000,12.496000,-14.145000,-67.893000,29.710000
1.991,-0.841000,0.101000,-0.102000,19.298000,-11.771000,-63.908000,29.710000
2.003,-0.847000,0.083000,-0.093000,23.511000,-10.794000,-60.336000,29.660000
2.015,-0.825000,0.071000,-0.076000,27.802000,-3.443000,-54.580000,29.750000
2.022,-0.856000,0.110000,-0.040000,32.427000,-1.588000,-47.145000,29.610000
2.036,-0.877000,0.084000,-0.032000,30.992000,1.977000,-48.344000,29.610000
2.042,-0.915000,0.084000,-0.021000,31.008000,4.008000,-45.954000,29.660000
2.053,-0.933000,0.075000,-0.009000,30.519000,0.557000,-44.031000,29.750000
2.066,-0.901000,0.025000,-0.025000,33.916000,4.115000,-43.229000,29.800000
2.073,-0.908000,0.109000,-0.038000,35.992000,5.702000,-36.023000,29.660000
2.085,-0.945000,0.099000,-0.025000,37.504000,6.817000,-32.298000,29.570000
2.092,-0.969000,0.150000,-0.000000,38.718000,8.809000,-31.000000,29.660000
2.104,-1.055000,0.140000,0.005000,29.298000,4.115000,-30.168000,29.710000
2.110,-1.081000,0.123000,-0.015000,23.405000,-3.389000,-32.565000,29.800000
2.123,-1.042000,0.164000,-0.019000,18.687000,-6.748000,-33.321000,29.750000
2.136,-1.050000,0.098000,-0.025000,11.145000,-12.985000,-35.130000,29.750000
2.142,-1.003000,0.070000,-0.055000,8.939000,-13.023000,-39.145000,29.610000
2.154,-0.988000,0.089000,-0.049000,10.931000,-12.634000,-39.595000,29.710000
2.166,-0.982000,0.028000,-0.059000,11.137000,-11.756000,-41.374000,29.750000
2.173,-0.962000,0.048000,-0.073000,13.649000,-7.221000,-44.252000,29.610000
2.185,-0.979000,0.012000,-0.058000,13.901000,-6.031000,-43.802000,29.710000
2.193,-0.976000,0.013000,-0.079000,13.779000,-7.878000,-43.985000,29.660000
2.204,-0.999000,0.018000,-0.082000,13.557000,-9.504000,-42.863000,29.750000
2.216,-0.982000,-0.004000,-0.081000,15.786000,-10.794000,-42.740000,29.710000
2.223,-0.954000,-0.011000,-0.062000,17.542000,-8.763000,-41.878000,29.710000
2.235,-0.965000,0.005000,-0.065000,19.893000,-8.511000,-39.924000,29.750000
2.242,-0.970000,0.000000,-0.060000,21.244000,-4.084000,-40.962000,29.750000
2.254,-1.003000,-0.010000,-0.073000,21.260000,-3.366000,-41.084000,29.710000
2.266,-1.021000,-0.029000,-0.057000,19.924000,-2.046000,-42.939000,29.710000
2.273,-1.027000,-0.031000,-0.081000,19.969000,-2.870000,-46.763000,29.800000
2.286,-1.021000,-0.073000,-0.074000,20.038000,-5.260000,-49.366000,29.660000
2.293,-1.009000,-0.087000,-0.071000,24.931000,-8.611000,-52.382000,29.710000
2.304,-1.011000,-0.087000,-0.075000,26.908000,-10.076000,-52.786000,29.710000
2.316,-0.964000,-0.099000,-0.042000,32.771000,-8.275000,-55.137000,29.660000
2.322,-0.956000,-0.088000,-0.021000,36.565000,-10.695000,-54.382000,29.660000
2.335,-0.963000,-0.098000,-0.009000,38.405000,-10.015000,-57.206000,29.710000
2.343,-0.967000,-0.107000,0.004000,36.168000,-8.099000,-61.260000,29.710000
2.354,-0.943000,-0.118000,0.013000,31.931000,-6.321000,-64.947000,29.660000
2.366,-0.938000,-0.092000,-0.012000,26.817000,-10.412000,-63.664000,29.750000
2.372,-0.923000,-0.180000,-0.029000,27.489000,-14.802000,-59.786000,29.710000
2.384,-0.877000,-0.196000,-0.024000,26.840000,-13.160000,-55.107000,29.800000
2.397,-0.881000,-0.228000,-0.019000,28.298000,-11.786000,-50.611000,29.750000
2.403,-0.873000,-0.205000,-0.015000,28.122000,-8.847000,-46.977000,29.660000
2.415,-0.836000,-0.184000,0.018000,32.092000,-1.053000,-43.435000,29.610000
2.422,-0.893000,-0.251000,0.089000,57.557000,-4.802000,-50.878000,29.710000
2.434,-0.916000,-0.218000,0.015000,31.122000,-3.122000,-44.046000,29.800000
2.446,-0.944000,-0.202000,-0.031000,30.443000,-6.168000,-36.015000,29.750000
2.453,-0.940000,-0.219000,-0.015000,32.420000,-10.672000,-34.252000,29.710000
2.465,-0.947000,-0.210000,-0.003000,31.824000,-14.099000,-30.489000,29.710000
2.472,-0.946000,-0.241000,0.004000,31.718000,-17.725000,-29.634000,29.660000
2.484,-0.942000,-0.216000,0.029000,34.611000,-18.061000,-32.015000,29.660000
2.496,-0.934000,-0.235000,0.038000,35.260000,-14.878000,-33.473000,29.800000
2.503,-0.906000,-0.235000,0.049000,40.718000,-10.733000,-36.061000,29.710000
2.515,-0.893000,-0.200000,0.048000,38.565000,-2.435000,-39.740000,29.660000
2.522,-0.910000,-0.198000,0.047000,32.672000,1.458000,-41.550000,29.660000
2.534,-0.940000,-0.188000,0.037000,26.405000,0.328000,-40.374000,29.710000
2.546,-0.969000,-0.199000,0.061000,23.519000,-5.817000,-35.389000,29.660000
2.553,-0.994000,-0.235000,0.057000,19.679000,-13.229000,-32.962000,29.750000
2.565,-0.982000,-0.248000,0.052000,17.206000,-17.626000,-32.542000,29.710000
2.572,-0.952000,-0.242000,0.099000,17.176000,-21.786000,-30.275000,29.710000
2.584,-0.929000,-0.241000,0.118000,12.237000,-21.763000,-32.435000,29.710000
2.596,-0.950000,-0.217000,0.127000,3.977000,-22.733000,-32.893000,29.750000
2.603,-1.013000,-0.194000,0.104000,-3.305000,-36.748000,-29.000000,29.710000
2.615,-1.019000,-0.229000,0.105000,-10.786000,-46.954000,-27.718000,29.710000
2.621,-0.951000,-0.219000,0.120000,-18.504000,-51.817000,-26.687000,29.750000
2.634,-0.922000,-0.253000,0.133000,-24.328000,-52.710000,-26.985000,29.750000
2.646,-0.883000,-0.295000,0.126000,-25.527000,-47.481000,-25.870000,29.710000
2.652,-0.891000,-0.329000,0.102000,-25.947000,-41.237000,-25.412000,29.710000
2.664,-0.884000,-0.401000,0.073000,-23.046000,-34.893000,-28.015000,29.750000
2.676,-0.863000,-0.396000,0.065000,-16.779000,-27.802000,-29.550000,29.750000
2.683,-0.897000,-0.428000,0.055000,-11.420000,-26.305000,-27.634000,29.710000
2.695,-0.912000,-0.434000,0.034000,-3.550000,-22.634000,-30.473000,29.610000
2.702,-0.919000,-0.422000,0.050000,2.237000,-24.481000,-29.908000,29.750000
2.714,-0.941000,-0.436000,0.045000,5.557000,-23.641000,-34.298000,29.660000
2.726,-0.909000,-0.432000,0.046000,11.817000,-21.695000,-39.924000,29.710000
2.733,-0.890000,-0.412000,0.071000,14.794000,-22.992000,-39.107000,29.710000
2.745,-0.882000,-0.375000,0.084000,18.130000,-21.771000,-38.084000,29.750000
2.752,-0.926000,-0.396000,0.104000,22.580000,-22.786000,-35.847000,29.660000
2.764,-0.909000,-0.351000,0.115000,22.122000,-17.840000,-38.450000,29.710000
2.776,-0.946000,-0.336000,0.126000,20.382000,-19.771000,-42.565000,29.710000
2.783,-0.973000,-0.367000,0.115000,15.450000,-20.756000,-47.901000,29.750000
2.795,-1.008000,-0.356000,0.102000,12.557000,-29.435000,-50.267000,29.710000
2.801,-0.959000,-0.385000,0.061000,11.511000,-34.290000,-53.290000,29.710000
2.813,-0.854000,-0.461000,0.037000,22.160000,-29.321000,-54.969000,29.750000
2.826,-0.802000,-0.541000,0.017000,36.351000,-17.992000,-58.244000,29.660000
2.833,-0.745000,-0.632000,0.028000,57.038000,3.649000,-64.511000,29.710000
2.845,-0.701000,-0.639000,0.090000,76.695000,29.290000,-76.580000,29.710000
2.852,-0.755000,-0.594000,0.181000,92.328000,46.802000,-86.275000,29.660000
2.864,-0.807000,-0.406000,0.329000,89.405000,44.313000,-83.351000,29.660000
2.876,-0.905000,-0.269000,0.430000,72.710000,26.954000,-67.298000,29.710000
2.883,-0.938000,-0.272000,0.431000,49.305000,10.122000,-52.771000,29.710000
2.895,-0.887000,-0.374000,0.352000,28.305000,-8.695000,-40.260000,29.710000
2.902,-0.804000,-0.516000,0.213000,21.588000,-14.244000,-33.855000,29.750000
2.914,-0.764000,-0.623000,0.139000,32.344000,-8.824000,-34.168000,29.710000
2.926,-0.799000,-0.587000,0.152000,46.244000,-3.809000,-39.977000,29.710000
2.933,-0.839000,-0.534000,0.212000,53.733000,2.962000,-50.183000,29.660000
2.945,-0.879000,-0.410000,0.286000,49.191000,-0.267000,-56.260000,29.660000
2.952,-0.873000,-0.366000,0.320000,38.466000,-6.969000,-55.718000,29.710000
2.964,-0.842000,-0.287000,0.334000,21.450000,-13.351000,-46.069000,29.710000
2.976,-0.813000,-0.381000,0.271000,6.771000,-18.237000,-42.031000,29.660000
2.984,-0.747000,-0.434000,0.230000,2.061000,-17.733000,-37.046000,29.660000
2.995,-0.738000,-0.568000,0.204000,6.305000,-13.710000,-43.000000,29.710000
3.002,-0.684000,-0.560000,0.192000,16.191000,-9.573000,-45.275000,29.710000
3.014,-0.701000,-0.518000,0.218000,16.282000,-3.328000,-45.153000,29.660000
3.026,-0.712000,-0.453000,0.225000,16.145000,0.748000,-41.649000,29.660000
3.034,-0.767000,-0.505000,0.203000,12.168000,-4.504000,-36.809000,29.710000
3.048,-0.784000,-0.517000,0.189000,8.939000,-14.427000,-33.305000,29.710000
3.054,-0.721000,-0.551000,0.190000,10.595000,-17.519000,-35.313000,29.710000
3.064,-0.636000,-0.566000,0.228000,11.771000,-18.336000,-34.565000,29.660000
3.076,-0.558000,-0.551000,0.236000,14.206000,-10.534000,-30.038000,29.710000
3.084,-0.591000,-0.564000,0.262000,15.733000,-0.603000,-22.031000,29.710000
3.095,-0.632000,-0.580000,0.294000,15.985000,7.099000,-17.916000,29.750000
3.102,-0.679000,-0.597000,0.286000,15.511000,10.305000,-18.656000,29.660000
3.114,-0.681000,-0.584000,0.292000,11.779000,11.458000,-15.679000,29.710000
3.126,-0.689000,-0.552000,0.298000,11.603000,7.481000,-11.702000,29.800000
3.134,-0.710000,-0.527000,0.330000,3.748000,3.237000,-4.733000,29.750000
3.146,-0.731000,-0.517000,0.340000,-1.725000,-6.527000,5.244000,29.750000
3.153,-0.730000,-0.531000,0.344000,-8.092000,-11.901000,13.183000,29.800000
3.165,-0.704000,-0.583000,0.315000,-10.221000,-10.931000,12.771000,29.850000
3.172,-0.667000,-0.570000,0.309000,-11.992000,-3.702000,11.313000,29.660000
3.185,-0.687000,-0.570000,0.286000,-10.496000,3.237000,13.122000,29.710000
3.197,-0.719000,-0.553000,0.252000,-10.542000,10.221000,12.687000,29.710000
3.203,-0.772000,-0.537000,0.247000,-11.282000,11.687000,12.305000,29.710000
3.215,-0.793000,-0.545000,0.244000,-11.588000,11.015000,13.649000,29.750000
3.222,-0.780000,-0.555000,0.230000,-12.366000,10.031000,12.107000,29.710000
3.234,-0.779000,-0.562000,0.231000,-14.832000,8.443000,9.733000,29.710000
3.246,-0.778000,-0.589000,0.236000,-14.740000,3.443000,16.000000,29.750000
3.253,-0.752000,-0.596000,0.223000,-16.817000,1.779000,17.298000,29.660000
3.266,-0.682000,-0.607000,0.226000,-16.221000,2.000000,16.885000,29.800000
3.272,-0.632000,-0.615000,0.211000,-13.992000,6.351000,17.687000,29.800000
3.285,-0.630000,-0.631000,0.216000,-11.626000,8.244000,19.534000,29.660000
3.292,-0.623000,-0.619000,0.237000,-7.191000,10.901000,21.656000,29.660000
3.304,-0.611000,-0.580000,0.268000,-5.748000,12.740000,28.206000,29.800000
3.316,-0.612000,-0.504000,0.299000,-8.649000,14.267000,36.786000,29.710000
3.323,-0.615000,-0.493000,0.317000,-14.183000,16.053000,46.176000,29.660000
3.335,-0.633000,-0.491000,0.289000,-22.053000,19.824000,52.908000,29.750000
3.343,-0.660000,-0.539000,0.248000,-25.244000,21.275000,54.481000,29.610000
3.354,-0.659000,-0.551000,0.216000,-22.321000,23.153000,54.023000,29.710000
3.366,-0.666000,-0.572000,0.207000,-23.260000,26.702000,56.328000,29.800000
3.373,-0.697000,-0.533000,0.208000,-16.771000,26.908000,62.168000,29.660000
3.385,-0.744000,-0.442000,0.252000,-20.046000,24.908000,72.588000,29.710000
3.393,-0.808000,-0.455000,0.274000,-19.969000,13.832000,78.496000,29.800000
3.404,-0.802000,-0.394000,0.301000,-22.473000,7.641000,79.282000,29.750000
3.412,-0.780000,-0.410000,0.303000,-27.840000,3.718000,78.061000,29.850000
3.423,-0.664000,-0.429000,0.239000,-30.809000,14.969000,72.489000,29.610000
3.436,-0.589000,-0.458000,0.176000,-31.573000,34.542000,75.489000,29.710000
3.443,-0.573000,-0.479000,0.138000,-30.664000,55.389000,80.504000,29.660000
3.454,-0.650000,-0.438000,0.107000,-25.916000,72.359000,86.679000,29.660000
3.461,-0.769000,-0.338000,0.098000,-26.397000,79.916000,98.679000,29.800000
3.474,-0.958000,-0.342000,0.078000,-32.145000,69.924000,110.557000,29.710000
3.486,-1.130000,-0.350000,0.074000,-34.710000,50.733000,108.183000,29.750000
3.493,-1.235000,-0.400000,0.033000,-43.969000,24.664000,104.473000,29.660000
3.504,-1.212000,-0.419000,0.030000,-43.458000,3.824000,87.740000,29.710000
3.511,-1.106000,-0.358000,0.019000,-40.260000,-6.939000,72.084000,29.800000
3.524,-1.019000,-0.373000,0.009000,-36.115000,-11.718000,61.466000,29.660000
3.536,-0.898000,-0.341000,-0.008000,-30.473000,-6.351000,53.359000,29.750000
3.543,-0.844000,-0.257000,0.014000,-28.115000,5.847000,57.290000,29.710000
3.555,-0.885000,-0.288000,0.019000,-26.656000,15.237000,60.634000,29.750000
3.561,-0.915000,-0.274000,0.002000,-22.092000,25.580000,62.160000,29.660000
3.574,-0.991000,-0.229000,0.021000,-19.122000,27.779000,65.733000,29.710000
3.587,-1.080000,-0.249000,0.037000,-21.389000,22.931000,61.618000,29.710000
3.593,-1.143000,-0.229000,0.030000,-22.931000,12.389000,53.382000,29.660000
3.605,-1.142000,-0.225000,0.054000,-28.733000,-1.221000,46.275000,29.660000
3.611,-1.072000,-0.257000,0.048000,-32.267000,-14.779000,39.824000,29.710000
3.624,-0.927000,-0.145000,0.063000,-31.237000,-18.901000,42.847000,29.710000
3.636,-0.839000,-0.083000,0.087000,-38.008000,-13.496000,55.969000,29.850000
3.644,-0.840000,-0.107000,0.081000,-45.176000,-3.908000,65.962000,29.750000
3.655,-0.874000,-0.126000,0.067000,-49.489000,5.504000,71.771000,29.800000
3.662,-0.920000,-0.180000,0.049000,-51.519000,7.878000,76.000000,29.710000
3.674,-0.973000,-0.267000,0.030000,-49.870000,5.695000,71.183000,29.710000
3.687,-0.968000,-0.262000,0.016000,-44.115000,4.519000,62.855000,29.750000
3.694,-0.957000,-0.261000,0.036000,-40.420000,-0.817000,60.053000,29.800000
3.705,-0.938000,-0.240000,0.036000,-37.542000,-4.534000,57.336000,29.710000
3.712,-0.915000,-0.155000,0.065000,-35.527000,-5.756000,59.954000,29.750000
3.724,-0.903000,-0.141000,0.079000,-37.321000,-5.840000,62.000000,29.660000
3.732,-0.908000,-0.171000,0.089000,-39.924000,-4.977000,61.977000,29.710000
3.743,-0.895000,-0.198000,0.097000,-43.733000,-5.565000,57.832000,29.710000
3.755,-0.875000,-0.277000,0.097000,-45.870000,-6.557000,51.725000,29.750000
3.762,-0.779000,-0.224000,0.067000,-41.237000,-0.573000,52.412000,29.750000
3.775,-0.721000,-0.133000,0.061000,-33.969000,6.252000,65.115000,29.800000
3.781,-0.751000,-0.095000,0.060000,-32.115000,12.443000,79.565000,29.710000
3.794,-0.853000,-0.043000,0.078000,-34.786000,16.656000,88.969000,29.750000
3.806,-0.956000,-0.026000,0.081000,-42.015000,15.015000,92.099000,29.750000
3.812,-1.022000,-0.067000,0.103000,-50.298000,5.466000,89.305000,29.710000
3.825,-0.983000,-0.062000,0.054000,-56.519000,5.885000,85.542000,29.710000
3.833,-0.940000,-0.054000,0.030000,-57.565000,3.527000,84.649000,29.850000
3.845,-0.880000,-0.105000,-0.042000,-54.038000,8.603000,82.435000,29.750000
3.856,-0.864000,-0.033000,-0.081000,-39.878000,17.733000,88.527000,29.710000
3.863,-0.913000,0.011000,-0.090000,-30.031000,25.115000,92.779000,29.750000
3.875,-1.017000,0.047000,-0.083000,-22.389000,27.168000,94.015000,29.750000
3.883,-1.108000,0.088000,-0.003000,-21.824000,22.588000,89.099000,29.710000
3.894,-1.167000,0.077000,0.036000,-29.916000,10.198000,79.397000,29.710000
3.906,-1.138000,0.025000,0.043000,-42.359000,-0.763000,67.504000,29.660000
3.913,-0.995000,0.025000,0.003000,-41.267000,-4.145000,64.275000,29.660000
3.926,-0.853000,0.073000,-0.050000,-33.664000,1.336000,69.336000,29.710000
3.933,-0.820000,0.138000,-0.078000,-21.809000,9.809000,82.061000,29.800000
3.945,-0.922000,0.181000,-0.087000,-12.198000,18.420000,89.748000,29.750000
3.952,-1.052000,0.202000,-0.060000,-6.511000,19.397000,90.656000,29.750000
3.964,-1.180000,0.202000,-0.010000,-7.252000,10.924000,81.634000,29.800000
3.976,-1.179000,0.149000,0.026000,-14.687000,2.008000,65.893000,29.710000
3.984,-1.112000,0.093000,0.043000,-20.817000,-4.794000,52.405000,29.800000
3.996,-0.917000,0.148000,-0.028000,-19.336000,0.115000,48.786000,29.750000
4.003,-0.852000,0.184000,-0.031000,-12.878000,4.969000,56.992000,29.800000
4.015,-0.868000,0.163000,-0.059000,-4.740000,10.939000,62.840000,29.710000
4.021,-0.925000,0.218000,-0.036000,2.740000,14.733000,66.298000,29.750000
4.035,-0.999000,0.252000,0.010000,3.802000,14.206000,65.328000,29.660000
4.047,-1.056000,0.286000,0.065000,-2.672000,6.031000,61.947000,29.710000
4.053,-1.030000,0.312000,0.117000,-14.992000,-2.084000,57.824000,29.710000
4.065,-0.994000,0.297000,0.149000,-30.763000,-12.740000,58.435000,29.750000
4.072,-0.929000,0.222000,0.101000,-44.351000,-20.160000,61.443000,29.750000
4.086,-0.774000,0.248000,0.076000,-44.145000,-14.282000,68.939000,29.710000
4.092,-0.690000,0.201000,0.025000,-41.634000,-1.794000,77.672000,29.660000
4.104,-0.670000,0.239000,-0.020000,-28.473000,17.893000,88.496000,29.750000
4.116,-0.771000,0.326000,-0.009000,-17.061000,31.710000,96.008000,29.710000
4.122,-0.941000,0.344000,-0.007000,-8.763000,35.695000,94.374000,29.800000
4.135,-1.086000,0.393000,0.037000,-13.031000,30.214000,86.275000,29.610000
4.142,-1.209000,0.350000,0.079000,-21.275000,9.221000,74.878000,29.660000
4.154,-1.172000,0.295000,0.074000,-32.153000,-13.344000,60.618000,29.710000
4.166,-1.012000,0.353000,0.062000,-38.427000,-29.420000,52.924000,29.800000
4.173,-0.843000,0.350000,0.004000,-39.779000,-32.466000,54.099000,29.660000
4.185,-0.707000,0.382000,-0.041000,-30.115000,-22.489000,65.252000,29.750000
4.192,-0.667000,0.465000,-0.045000,-16.481000,-9.092000,75.611000,29.800000
4.204,-0.774000,0.445000,-0.016000,-7.031000,3.084000,77.756000,29.610000
4.211,-0.939000,0.447000,0.013000,-6.069000,2.206000,77.786000,29.750000
4.224,-1.006000,0.435000,0.071000,-10.038000,-0.069000,69.740000,29.660000
4.236,-1.001000,0.404000,0.099000,-20.382000,-12.313000,62.168000,29.710000
4.243,-0.873000,0.422000,0.064000,-27.725000,-15.992000,58.802000,29.710000
4.255,-0.759000,0.448000,0.043000,-29.924000,-15.534000,64.794000,29.750000
4.261,-0.634000,0.434000,-0.044000,-25.115000,0.672000,71.870000,29.800000
4.274,-0.599000,0.594000,-0.064000,-9.885000,15.931000,92.947000,29.710000
4.287,-0.727000,0.603000,-0.064000,5.802000,28.115000,99.672000,29.710000
4.293,-0.885000,0.644000,-0.029000,13.107000,34.802000,98.969000,29.750000
4.305,-1.071000,0.662000,0.004000,9.565000,27.031000,90.763000,29.800000
4.312,-1.152000,0.606000,0.049000,-0.794000,16.832000,75.504000,29.800000
4.325,-1.124000,0.561000,0.060000,-11.573000,-0.809000,60.069000,29.750000
4.332,-1.026000,0.504000,0.061000,-21.145000,-15.603000,47.992000,29.750000
4.344,-0.841000,0.431000,0.024000,-25.855000,-18.435000,39.412000,29.890000
4.356,-0.685000,0.473000,-0.013000,-21.053000,-17.275000,42.748000,29.710000
4.362,-0.604000,0.468000,-0.018000,-14.336000,-13.847000,54.519000,29.660000
4.375,-0.531000,0.593000,0.047000,-7.695000,-9.687000,64.885000,29.660000
4.382,-0.573000,0.687000,0.127000,-13.992000,-5.786000,79.267000,29.800000
4.394,-0.658000,0.718000,0.147000,-25.298000,-6.908000,93.412000,29.800000
4.406,-0.698000,0.746000,0.136000,-37.031000,-9.206000,104.168000,29.660000
4.413,-0.695000,0.716000,0.102000,-43.656000,-7.366000,108.832000,29.750000
4.425,-0.686000,0.683000,0.041000,-41.160000,-0.840000,108.382000,29.710000
4.433,-0.722000,0.644000,0.009000,-35.496000,4.534000,103.878000,29.710000
4.444,-0.776000,0.595000,-0.013000,-27.710000,10.076000,93.603000,29.710000
4.454,-0.852000,0.624000,-0.006000,-20.954000,8.008000,84.122000,29.750000
4.464,-0.905000,0.606000,0.013000,-15.092000,-2.252000,72.771000,29.710000
4.476,-0.853000,0.619000,0.076000,-13.687000,-15.252000,60.672000,29.710000
4.483,-0.699000,0.617000,0.067000,-15.504000,-16.290000,53.282000,29.750000
4.495,-0.479000,0.742000,0.042000,-7.947000,3.229000,58.145000,29.750000
4.503,-0.394000,0.925000,0.009000,5.435000,23.328000,79.916000,29.890000
4.514,-0.507000,0.980000,0.000000,24.527000,41.229000,91.382000,29.800000
4.521,-0.740000,1.026000,0.009000,29.725000,49.664000,95.504000,29.850000
4.535,-0.955000,1.046000,0.037000,28.366000,44.779000,90.931000,29.710000
4.546,-1.086000,1.023000,0.083000,17.527000,27.458000,77.122000,29.710000
4.553,-1.118000,0.973000,0.123000,-0.511000,5.893000,55.214000,29.660000
4.565,-1.081000,0.880000,0.153000,-18.580000,-14.344000,29.130000,29.750000
4.572,-0.992000,0.819000,0.134000,-35.534000,-35.679000,10.511000,29.710000
4.585,-0.881000,0.739000,0.119000,-46.435000,-57.824000,2.160000,29.710000
4.592,-0.697000,0.632000,0.063000,-50.863000,-70.893000,-0.893000,29.710000
4.604,-0.438000,0.662000,0.044000,-41.863000,-74.656000,8.092000,29.750000
4.616,-0.277000,0.680000,0.042000,-31.962000,-65.794000,20.313000,29.710000
4.622,-0.189000,0.727000,0.075000,-27.435000,-47.771000,38.168000,29.710000
4.635,-0.196000,0.765000,0.088000,-15.260000,-30.847000,57.000000,29.750000
4.642,-0.282000,0.759000,0.098000,-12.878000,-16.183000,72.863000,29.660000
4.654,-0.372000,0.733000,0.100000,-8.687000,-5.550000,84.046000,29.710000
4.666,-0.428000,0.733000,0.104000,-1.710000,-0.450000,87.947000,29.800000
4.673,-0.449000,0.738000,0.102000,6.076000,5.557000,82.870000,29.850000
4.686,-0.477000,0.860000,0.165000,7.504000,6.931000,79.344000,29.660000
4.694,-0.532000,0.933000,0.203000,2.359000,3.275000,77.817000,29.710000
4.705,-0.599000,0.977000,0.248000,-8.588000,-4.229000,73.863000,29.710000
4.712,-0.652000,0.985000,0.277000,-23.992000,-20.878000,70.481000,29.660000
4.724,-0.602000,1.012000,0.282000,-39.275000,-35.756000,67.076000,29.710000
4.732,-0.502000,1.032000,0.261000,-56.450000,-39.336000,67.527000,29.710000
4.744,-0.381000,1.000000,0.196000,-55.824000,-29.237000,65.756000,29.800000
4.755,-0.311000,0.994000,0.146000,-45.893000,-12.160000,67.000000,29.750000
4.762,-0.375000,0.928000,0.074000,-30.420000,4.863000,68.290000,29.710000
4.775,-0.485000,0.889000,0.054000,-13.313000,16.557000,65.321000,29.800000
4.782,-0.578000,0.886000,0.055000,0.878000,20.122000,59.420000,29.660000
4.794,-0.611000,0.891000,0.088000,11.107000,18.260000,49.985000,29.850000
4.800,-0.578000,0.955000,0.128000,14.908000,16.031000,43.351000,29.710000
4.814,-0.580000,0.975000,0.159000,11.840000,16.191000,35.115000,29.710000
4.826,-0.591000,0.968000,0.185000,8.427000,12.519000,27.252000,29.660000
4.833,-0.612000,0.950000,0.176000,5.313000,2.481000,24.420000,29.750000
4.846,-0.588000,0.942000,0.205000,-1.336000,-8.176000,21.954000,29.800000
4.853,-0.527000,0.916000,0.221000,-4.176000,-21.687000,22.092000,29.710000
4.865,-0.453000,0.917000,0.210000,-10.267000,-24.053000,20.695000,29.750000
4.871,-0.353000,0.908000,0.187000,-8.183000,-17.473000,21.443000,29.750000
4.885,-0.299000,0.922000,0.161000,-4.855000,-6.420000,27.221000,29.800000
4.897,-0.314000,0.930000,0.136000,1.557000,5.298000,30.878000,29.710000
4.904,-0.378000,0.925000,0.104000,8.023000,13.809000,33.550000,29.750000
4.916,-0.472000,0.916000,0.104000,11.992000,14.008000,33.786000,29.750000
4.922,-0.523000,0.908000,0.102000,13.473000,10.099000,29.649000,29.710000
4.936,-0.534000,0.926000,0.122000,10.802000,3.511000,24.924000,29.800000
4.942,-0.516000,0.875000,0.138000,10.802000,-3.664000,17.443000,29.660000
4.955,-0.477000,0.872000,0.135000,9.947000,-8.992000,10.214000,29.660000
4.961,-0.372000,0.907000,0.163000,5.160000,-2.863000,7.115000,29.800000
4.974,-0.325000,0.885000,0.160000,10.916000,-1.153000,5.176000,29.750000
4.982,-0.237000,0.951000,0.190000,6.183000,6.595000,3.565000,29.660000
4.994,-0.221000,0.937000,0.216000,1.099000,11.000000,9.924000,29.710000
5.006,-0.258000,0.948000,0.208000,-4.313000,11.542000,17.023000,29.710000
5.013,-0.294000,0.948000,0.198000,-10.947000,6.771000,26.450000,29.750000
5.025,-0.339000,0.891000,0.176000,-15.771000,-4.840000,33.458000,29.750000
5.033,-0.338000,0.872000,0.148000,-18.931000,-15.130000,38.427000,29.710000
5.045,-0.332000,0.841000,0.161000,-20.733000,-24.397000,38.168000,29.800000
5.053,-0.293000,0.790000,0.138000,-18.679000,-27.336000,34.588000,29.710000
5.063,-0.200000,0.793000,0.142000,-11.282000,-22.176000,31.595000,29.660000
5.076,-0.166000,0.813000,0.139000,-8.916000,-14.954000,30.244000,29.800000
5.083,-0.049000,0.885000,0.163000,0.962000,0.817000,32.733000,29.710000
5.095,-0.021000,0.981000,0.202000,-1.710000,17.794000,43.176000,29.750000
5.103,-0.094000,0.953000,0.163000,-4.099000,27.779000,53.160000,29.750000
5.115,-0.121000,0.981000,0.132000,-0.794000,32.053000,63.145000,29.710000
5.121,-0.190000,1.042000,0.095000,-3.000000,33.237000,73.260000,29.800000
5.135,-0.212000,1.022000,0.042000,0.817000,32.824000,78.763000,29.750000
5.147,-0.195000,1.029000,0.027000,13.672000,34.878000,89.901000,29.750000
5.154,-0.265000,1.036000,0.007000,23.069000,38.519000,95.351000,29.710000
5.166,-0.374000,1.026000,0.026000,26.405000,29.420000,99.779000,29.800000
5.172,-0.462000,0.981000,0.058000,27.542000,10.237000,102.748000,29.750000
5.185,-0.500000,1.015000,0.117000,27.481000,-8.145000,100.328000,29.750000
5.193,-0.465000,1.084000,0.169000,18.634000,-29.733000,92.687000,29.710000
5.204,-0.322000,1.127000,0.254000,13.985000,-32.939000,82.298000,29.800000
5.216,-0.227000,1.176000,0.282000,8.290000,-21.153000,74.443000,29.750000
5.223,-0.223000,1.136000,0.278000,-2.481000,-11.947000,63.374000,29.800000
5.236,-0.264000,1.053000,0.223000,-7.611000,-7.298000,53.870000,29.800000
5.243,-0.248000,1.081000,0.221000,-7.962000,-7.176000,47.954000,29.750000
5.255,-0.258000,1.085000,0.224000,-8.427000,-8.679000,45.206000,29.750000
5.262,-0.257000,1.094000,0.216000,-6.710000,-10.244000,43.244000,29.800000
5.274,-0.239000,1.131000,0.208000,-6.168000,-7.405000,40.672000,29.710000
5.287,-0.295000,1.146000,0.198000,-7.687000,-5.076000,37.214000,29.850000
5.294,-0.361000,1.116000,0.169000,-9.023000,-3.496000,26.740000,29.750000
5.305,-0.429000,1.030000,0.159000,-4.221000,-10.397000,13.977000,29.800000
5.312,-0.400000,0.972000,0.180000,4.832000,-11.649000,-2.832000,29.800000
5.325,-0.315000,0.983000,0.213000,10.908000,-9.298000,-17.809000,29.750000
5.332,-0.244000,1.012000,0.219000,14.962000,-3.611000,-27.863000,29.800000
5.344,-0.191000,1.039000,0.241000,15.878000,2.496000,-31.885000,29.710000
5.350,-0.175000,1.052000,0.230000,14.099000,7.802000,-33.282000,29.710000
5.364,-0.200000,1.049000,0.225000,9.382000,7.878000,-32.664000,29.750000
5.376,-0.210000,1.004000,0.210000,5.221000,1.634000,-31.359000,29.800000
5.384,-0.201000,0.989000,0.183000,2.458000,-4.443000,-31.519000,29.800000
5.395,-0.162000,0.980000,0.171000,0.397000,-8.786000,-32.130000,29.750000
5.404,-0.119000,0.977000,0.159000,0.115000,-9.786000,-29.656000,29.750000
5.415,-0.079000,0.976000,0.138000,2.191000,-6.290000,-25.168000,29.800000
5.422,-0.072000,0.993000,0.116000,2.267000,1.786000,-20.176000,29.750000
5.434,-0.064000,1.009000,0.087000,4.687000,10.542000,-16.137000,29.850000
5.446,-0.122000,0.989000,0.071000,6.466000,19.198000,-13.351000,29.710000
5.455,-0.204000,0.972000,0.058000,6.198000,18.191000,-11.229000,29.800000
5.466,-0.279000,0.970000,0.048000,5.939000,11.565000,-12.130000,29.750000
5.473,-0.278000,0.973000,0.071000,5.794000,3.580000,-15.053000,29.750000
5.485,-0.256000,0.970000,0.090000,5.366000,-5.794000,-15.206000,29.710000
5.492,-0.214000,0.975000,0.109000,3.733000,-9.282000,-16.198000,29.800000
5.505,-0.171000,0.970000,0.113000,0.542000,-8.878000,-16.626000,29.660000
5.511,-0.146000,0.955000,0.119000,-0.267000,-6.267000,-16.626000,29.710000
5.523,-0.140000,0.976000,0.113000,-0.733000,-2.115000,-15.924000,29.710000
5.536,-0.159000,0.967000,0.094000,-1.137000,1.252000,-15.435000,29.750000
5.543,-0.178000,0.976000,0.084000,-0.496000,2.359000,-14.427000,29.750000
5.555,-0.179000,0.973000,0.077000,-1.840000,0.847000,-13.198000,29.800000
5.562,-0.205000,0.968000,0.087000,-1.191000,-2.573000,-13.282000,29.750000
5.574,-0.182000,0.952000,0.078000,0.115000,-6.053000,-14.137000,29.750000
5.583,-0.170000,0.960000,0.093000,0.580000,-7.985000,-13.107000,29.710000
5.594,-0.165000,0.952000,0.107000,2.695000,-9.695000,-11.450000,29.710000
5.606,-0.154000,0.953000,0.125000,3.351000,-9.153000,-10.336000,29.750000
5.613,-0.141000,0.962000,0.148000,2.840000,-8.435000,-7.901000,29.750000
5.626,-0.146000,0.970000,0.148000,1.870000,-7.649000,-5.939000,29.800000
5.633,-0.150000,0.966000,0.152000,1.847000,-8.313000,-3.183000,29.710000
5.645,-0.169000,0.959000,0.140000,2.153000,-9.359000,-0.878000,29.750000
5.654,-0.174000,0.954000,0.146000,2.664000,-9.481000,0.053000,29.800000
5.665,-0.172000,0.944000,0.154000,4.099000,-8.527000,0.206000,29.710000
5.672,-0.187000,0.944000,0.166000,5.321000,-7.687000,-0.550000,29.750000
5.684,-0.189000,0.938000,0.173000,6.450000,-5.023000,-2.863000,29.750000
5.693,-0.162000,0.960000,0.200000,7.405000,-1.542000,-4.321000,29.800000
5.705,-0.172000,0.981000,0.219000,6.076000,0.527000,-3.534000,29.710000
5.716,-0.211000,0.983000,0.213000,2.969000,-0.252000,-2.511000,29.750000
5.723,-0.238000,0.967000,0.204000,0.489000,-2.450000,-2.397000,29.710000
5.736,-0.249000,0.947000,0.199000,-1.053000,-6.198000,-3.931000,29.800000
5.745,-0.229000,0.938000,0.187000,-1.695000,-8.374000,-5.008000,29.850000
5.755,-0.219000,0.931000,0.201000,-2.015000,-9.947000,-5.664000,29.750000
5.762,-0.213000,0.933000,0.199000,-2.916000,-10.718000,-6.679000,29.710000
5.774,-0.187000,0.949000,0.193000,-4.855000,-10.122000,-7.779000,29.710000
5.782,-0.151000,0.951000,0.187000,-7.000000,-8.588000,-5.443000,29.750000
5.794,-0.144000,0.943000,0.169000,-8.450000,-6.000000,-0.939000,29.660000
5.806,-0.171000,0.931000,0.136000,-8.061000,-3.702000,2.221000,29.800000
5.813,-0.195000,0.935000,0.128000,-7.145000,-2.908000,3.885000,29.750000
5.826,-0.214000,0.936000,0.120000,-6.710000,-3.893000,3.832000,29.750000
5.833,-0.223000,0.942000,0.120000,-6.519000,-5.603000,2.962000,29.800000
5.845,-0.232000,0.964000,0.116000,-6.725000,-8.336000,3.084000,29.800000
5.852,-0.203000,0.968000,0.096000,-6.939000,-8.489000,2.275000,29.850000
5.865,-0.190000,0.972000,0.098000,-7.863000,-8.573000,3.305000,29.660000
5.871,-0.178000,0.978000,0.104000,-8.405000,-7.237000,6.298000,29.710000
5.884,-0.163000,0.997000,0.120000,-10.046000,-4.977000,10.275000,29.750000
5.896,-0.171000,1.010000,0.125000,-12.557000,-2.832000,13.084000,29.750000
5.904,-0.186000,0.984000,0.120000,-13.901000,-0.748000,15.397000,29.710000
5.915,-0.192000,0.971000,0.116000,-12.412000,2.267000,13.893000,29.710000
5.922,-0.225000,0.973000,0.100000,-11.496000,2.550000,13.542000,29.800000
5.935,-0.238000,0.962000,0.105000,-8.137000,3.779000,11.031000,29.750000
5.944,-0.257000,0.956000,0.100000,-3.053000,3.893000,7.137000,29.710000
5.955,-0.279000,0.970000,0.109000,0.176000,1.565000,3.000000,29.800000
5.961,-0.279000,0.951000,0.131000,3.130000,-3.443000,-0.504000,29.750000
5.974,-0.238000,0.967000,0.162000,6.046000,-6.412000,-2.847000,29.800000
5.982,-0.204000,0.977000,0.197000,5.382000,-7.137000,-3.725000,29.800000
5.995,-0.201000,0.978000,0.209000,3.969000,-6.015000,-5.374000,29.750000
6.006,-0.189000,0.966000,0.226000,3.328000,-3.954000,-6.496000,29.750000
6.013,-0.177000,0.958000,0.235000,2.878000,-1.290000,-6.412000,29.890000
6.026,-0.192000,0.949000,0.223000,1.641000,0.702000,-6.870000,29.710000
6.033,-0.218000,0.932000,0.228000,0.443000,-0.656000,-7.718000,29.750000
6.045,-0.217000,0.914000,0.221000,-0.252000,-3.786000,-8.382000,29.800000
6.054,-0.196000,0.940000,0.237000,-3.008000,-6.076000,-7.885000,29.710000
6.064,-0.180000,0.933000,0.230000,-5.847000,-8.275000,-6.305000,29.710000
6.071,-0.159000,0.924000,0.210000,-8.710000,-8.901000,-4.084000,29.750000
6.085,-0.158000,0.919000,0.192000,-11.435000,-9.863000,-1.595000,29.800000
6.096,-0.152000,0.903000,0.171000,-11.679000,-10.435000,0.626000,29.710000
6.104,-0.151000,0.908000,0.154000,-11.985000,-10.130000,3.412000,29.850000
6.115,-0.153000,0.918000,0.145000,-10.641000,-10.084000,6.183000,29.750000
6.122,-0.177000,0.919000,0.133000,-9.237000,-11.137000,9.038000,29.710000
6.136,-0.172000,0.924000,0.119000,-6.359000,-10.084000,9.443000,29.750000
6.142,-0.130000,0.965000,0.137000,-4.542000,-6.366000,10.802000,29.750000
6.154,-0.135000,0.976000,0.145000,-2.649000,-0.313000,12.290000,29.800000
6.166,-0.173000,0.981000,0.143000,-0.092000,4.061000,13.321000,29.800000
6.173,-0.222000,0.979000,0.144000,1.252000,5.840000,12.031000,29.750000
6.186,-0.236000,0.986000,0.150000,2.466000,7.031000,8.908000,29.750000
6.195,-0.237000,1.003000,0.149000,3.595000,7.962000,5.832000,29.800000
6.206,-0.235000,0.992000,0.154000,3.809000,7.664000,2.427000,29.800000
6.213,-0.263000,0.984000,0.135000,3.389000,5.519000,-1.053000,29.750000
6.225,-0.259000,0.969000,0.146000,3.634000,1.000000,-3.099000,29.710000
6.233,-0.235000,0.966000,0.150000,4.130000,-2.985000,-3.824000,29.710000
6.245,-0.196000,0.957000,0.165000,3.824000,-4.336000,-4.099000,29.850000
6.252,-0.184000,0.946000,0.183000,3.916000,-3.153000,-4.626000,29.750000
6.264,-0.177000,0.950000,0.177000,4.168000,-0.649000,-4.634000,29.610000
6.272,-0.169000,0.946000,0.169000,4.710000,2.817000,-4.344000,29.800000
6.286,-0.174000,0.960000,0.179000,4.878000,4.534000,-3.031000,29.660000
6.292,-0.202000,0.951000,0.164000,4.817000,4.466000,-1.954000,29.800000
6.305,-0.200000,0.942000,0.156000,5.153000,4.397000,-1.542000,29.800000
6.316,-0.216000,0.943000,0.160000,4.901000,2.908000,-0.626000,29.660000
6.323,-0.227000,0.932000,0.157000,5.969000,1.084000,0.153000,29.750000
6.336,-0.221000,0.948000,0.160000,5.725000,-0.015000,0.359000,29.800000
6.345,-0.216000,0.958000,0.178000,5.092000,-0.290000,0.534000,29.710000
6.355,-0.204000,0.964000,0.183000,4.702000,0.145000,0.916000,29.710000
6.363,-0.208000,0.976000,0.185000,3.435000,1.802000,1.137000,29.750000
6.376,-0.210000,0.975000,0.170000,2.817000,3.695000,0.710000,29.710000
6.384,-0.219000,0.972000,0.175000,1.664000,4.870000,0.740000,29.800000
6.396,-0.230000,0.968000,0.155000,1.198000,4.718000,0.649000,29.750000
6.405,-0.238000,0.970000,0.152000,0.710000,3.069000,0.618000,29.750000
6.415,-0.258000,0.965000,0.157000,0.992000,0.023000,-0.084000,29.800000
6.422,-0.245000,0.952000,0.158000,1.351000,-2.962000,-1.244000,29.710000
6.435,-0.219000,0.964000,0.170000,1.733000,-3.099000,-3.092000,29.750000
6.443,-0.190000,0.987000,0.171000,0.710000,-1.634000,-4.015000,29.660000
6.454,-0.189000,0.978000,0.176000,-0.351000,-0.588000,-3.130000,29.710000
6.466,-0.200000,0.968000,0.144000,-0.885000,-0.992000,-1.962000,29.800000
6.473,-0.205000,0.952000,0.147000,-0.573000,-2.489000,-0.634000,29.660000
6.486,-0.205000,0.952000,0.149000,0.603000,-3.641000,0.641000,29.850000
6.494,-0.192000,0.942000,0.146000,2.206000,-3.626000,1.130000,29.710000
6.505,-0.194000,0.958000,0.157000,2.718000,-1.901000,1.008000,29.800000
6.512,-0.199000,0.962000,0.165000,2.496000,-1.244000,0.534000,29.710000
6.525,-0.207000,0.961000,0.168000,1.679000,-0.847000,0.221000,29.660000
6.534,-0.213000,0.985000,0.166000,-0.145000,-1.962000,0.985000,29.710000
6.545,-0.223000,0.969000,0.163000,-1.779000,-3.351000,1.336000,29.890000
6.552,-0.229000,0.952000,0.163000,-1.718000,-4.779000,1.641000,29.750000
6.564,-0.217000,0.949000,0.170000,-0.397000,-4.374000,0.702000,29.750000
6.571,-0.199000,0.965000,0.164000,0.130000,-2.748000,-0.534000,29.800000
6.584,-0.193000,0.971000,0.171000,-0.687000,-0.672000,-1.160000,29.800000
6.596,-0.218000,0.961000,0.158000,-1.427000,-1.221000,-0.618000,29.660000
6.603,-0.218000,0.954000,0.152000,-1.779000,-2.863000,-0.137000,29.750000
6.615,-0.208000,0.942000,0.148000,-1.015000,-5.160000,1.145000,29.800000
6.622,-0.197000,0.947000,0.156000,0.069000,-5.893000,2.336000,29.800000
6.635,-0.193000,0.955000,0.160000,0.427000,-4.618000,2.824000,29.750000
6.642,-0.206000,0.948000,0.170000,0.573000,-2.718000,2.824000,29.850000
6.655,-0.208000,0.959000,0.170000,0.588000,-1.038000,2.038000,29.800000
6.662,-0.221000,0.961000,0.161000,0.519000,-0.534000,1.313000,29.800000
6.674,-0.223000,0.962000,0.160000,0.260000,-0.588000,0.977000,29.890000
6.682,-0.222000,0.967000,0.158000,-0.046000,-0.992000,0.618000,29.750000
6.694,-0.224000,0.961000,0.155000,0.481000,-1.901000,1.000000,29.800000
6.706,-0.223000,0.957000,0.157000,1.198000,-2.870000,0.908000,29.710000
6.714,-0.217000,0.966000,0.167000,1.328000,-3.214000,0.550000,29.850000
6.726,-0.214000,0.965000,0.176000,0.893000,-2.443000,-0.588000,29.850000
6.735,-0.212000,0.964000,0.169000,-0.802000,-1.740000,-1.153000,29.800000
6.745,-0.214000,0.960000,0.172000,-1.611000,-1.443000,-1.672000,29.800000
6.753,-0.210000,0.960000,0.156000,-2.702000,-2.351000,-1.366000,29.750000
6.765,-0.212000,0.948000,0.152000,-3.053000,-4.282000,-0.878000,29.750000
6.772,-0.206000,0.955000,0.145000,-3.145000,-5.771000,-0.298000,29.710000
6.784,-0.198000,0.955000,0.137000,-2.794000,-6.809000,1.206000,29.710000
6.792,-0.195000,0.941000,0.143000,-1.374000,-6.916000,1.863000,29.750000
6.805,-0.198000,0.945000,0.149000,-0.031000,-5.939000,1.901000,29.850000
6.816,-0.193000,0.957000,0.150000,-0.496000,-5.282000,1.466000,29.710000
6.823,-0.201000,0.956000,0.156000,0.237000,-2.489000,1.397000,29.800000
6.836,-0.193000,0.966000,0.157000,1.618000,-0.336000,1.038000,29.800000
6.844,-0.194000,0.975000,0.169000,1.626000,1.412000,1.405000,29.850000
6.855,-0.211000,0.965000,0.154000,1.756000,1.901000,1.962000,29.800000
6.863,-0.228000,0.969000,0.175000,2.244000,1.053000,1.840000,29.890000
6.875,-0.233000,0.961000,0.173000,2.290000,-0.748000,1.397000,29.750000
6.883,-0.229000,0.974000,0.178000,0.534000,-1.427000,-0.092000,29.750000
6.896,-0.230000,0.970000,0.187000,-0.412000,-2.855000,-1.550000,29.800000
6.902,-0.224000,0.958000,0.181000,-1.328000,-4.420000,-2.397000,29.710000
6.914,-0.211000,0.948000,0.180000,-1.649000,-4.924000,-2.878000,29.850000
6.926,-0.203000,0.954000,0.174000,-1.664000,-5.359000,-2.450000,29.710000
6.934,-0.187000,0.938000,0.171000,-0.878000,-5.656000,-1.832000,29.800000
6.945,-0.188000,0.948000,0.172000,-0.244000,-4.168000,-1.679000,29.850000
6.954,-0.189000,0.943000,0.169000,-0.458000,-3.366000,-1.580000,29.850000
6.965,-0.177000,0.951000,0.167000,-1.000000,-1.931000,-1.061000,29.800000
6.972,-0.192000,0.946000,0.172000,-1.290000,-1.481000,-0.664000,29.800000
6.985,-0.202000,0.941000,0.167000,-1.992000,-2.649000,0.565000,29.710000
6.992,-0.193000,0.941000,0.165000,-2.023000,-4.046000,1.603000,29.750000
7.004,-0.175000,0.948000,0.174000,-1.458000,-4.023000,2.702000,29.710000
7.016,-0.193000,0.957000,0.171000,-1.695000,-3.565000,3.260000,29.710000
7.023,-0.199000,0.958000,0.168000,-1.931000,-2.718000,3.603000,29.850000
7.036,-0.212000,0.958000,0.176000,-1.450000,-1.511000,2.916000,29.850000
7.043,-0.221000,0.956000,0.165000,-1.321000,-1.969000,2.275000,29.710000
7.055,-0.235000,0.956000,0.166000,-1.496000,-1.977000,1.435000,29.710000
7.062,-0.223000,0.947000,0.153000,-1.366000,-2.107000,0.634000,29.750000
7.075,-0.216000,0.942000,0.163000,-0.870000,-2.481000,0.313000,29.850000
7.082,-0.211000,0.950000,0.160000,-0.206000,-2.817000,0.443000,29.710000
7.095,-0.212000,0.960000,0.156000,0.412000,-3.107000,0.557000,29.800000
7.103,-0.213000,0.963000,0.172000,0.580000,-3.145000,0.710000,29.850000
7.128,-0.207000,0.972000,0.172000,0.198000,-2.565000,0.290000,29.660000
7.128,-0.208000,0.964000,0.176000,-0.351000,-2.603000,-0.336000,29.710000
