time_sec,ax,ay,az,gx,gy,gz,temp_c
0.002,-0.594000,1.013000,0.562000,19.870000,82.649000,93.626000,28.620000
0.014,-0.679000,1.010000,0.604000,12.947000,67.389000,89.702000,28.580000
0.021,-0.750000,1.000000,0.626000,3.053000,41.206000,80.641000,28.480000
0.033,-0.735000,0.960000,0.620000,-10.458000,13.725000,74.252000,28.530000
0.046,-0.633000,0.945000,0.576000,-20.641000,-9.863000,68.771000,28.530000
0.052,-0.434000,0.943000,0.547000,-22.069000,-11.191000,67.611000,28.530000
0.065,-0.276000,0.946000,0.544000,-15.542000,0.962000,72.931000,28.480000
0.072,-0.206000,0.976000,0.565000,-9.008000,24.771000,87.595000,28.480000
0.085,-0.235000,1.011000,0.585000,-7.374000,55.695000,97.183000,28.440000
0.093,-0.331000,1.007000,0.593000,-4.527000,74.099000,101.565000,28.620000
0.105,-0.458000,0.983000,0.576000,-3.244000,77.107000,101.344000,28.480000
0.116,-0.572000,0.941000,0.577000,-4.550000,68.954000,94.221000,28.480000
0.123,-0.605000,0.949000,0.589000,-7.107000,56.145000,82.412000,28.530000
0.135,-0.611000,0.960000,0.587000,-12.031000,40.496000,68.908000,28.530000
0.142,-0.513000,1.008000,0.613000,-15.550000,32.847000,55.023000,28.580000
0.154,-0.441000,1.009000,0.584000,-17.290000,27.672000,45.328000,28.580000
0.161,-0.339000,1.014000,0.558000,-18.588000,28.519000,36.260000,28.580000
0.174,-0.248000,0.998000,0.521000,-17.557000,34.847000,27.702000,28.440000
0.186,-0.183000,1.009000,0.522000,-12.450000,30.695000,27.603000,28.480000
0.192,-0.115000,1.054000,0.518000,-6.145000,30.435000,32.092000,28.580000
0.205,-0.133000,1.047000,0.500000,-0.229000,33.588000,37.611000,28.530000
0.212,-0.130000,1.036000,0.490000,5.550000,34.198000,45.382000,28.530000
0.225,-0.124000,1.045000,0.479000,10.580000,36.115000,54.992000,28.530000
0.232,-0.172000,1.000000,0.435000,16.550000,39.725000,61.015000,28.580000
0.243,-0.173000,0.987000,0.410000,23.489000,48.939000,59.771000,28.480000
0.249,-0.169000,1.009000,0.412000,27.450000,65.321000,58.450000,28.530000
0.263,-0.195000,1.016000,0.423000,31.115000,81.405000,54.588000,28.530000
0.275,-0.253000,1.016000,0.424000,33.740000,90.695000,49.840000,28.480000
0.282,-0.292000,1.031000,0.428000,30.847000,94.565000,44.893000,28.580000
0.294,-0.310000,1.017000,0.443000,28.153000,92.267000,39.305000,28.530000
0.301,-0.317000,1.023000,0.439000,28.168000,83.626000,35.664000,28.440000
0.314,-0.306000,1.035000,0.431000,26.092000,74.985000,33.687000,28.480000
0.321,-0.301000,1.004000,0.414000,26.344000,62.069000,35.137000,28.580000
0.333,-0.340000,0.931000,0.364000,28.855000,45.878000,32.870000,28.480000
0.345,-0.286000,0.936000,0.349000,23.160000,34.992000,31.351000,28.530000
0.352,-0.228000,0.923000,0.322000,19.969000,29.710000,35.626000,28.530000
0.367,-0.216000,0.898000,0.308000,17.847000,26.107000,38.084000,28.480000
0.372,-0.195000,0.881000,0.305000,16.359000,25.832000,41.183000,28.580000
0.384,-0.191000,0.895000,0.327000,17.885000,24.183000,44.176000,28.530000
0.391,-0.186000,0.927000,0.323000,19.405000,25.550000,44.130000,28.530000
0.403,-0.187000,0.924000,0.327000,19.634000,25.023000,44.985000,28.480000
0.409,-0.188000,0.909000,0.332000,19.267000,26.542000,46.847000,28.480000
0.424,-0.210000,0.904000,0.326000,17.725000,27.382000,48.115000,28.440000
0.436,-0.208000,0.893000,0.322000,15.252000,27.191000,48.885000,28.440000
0.442,-0.230000,0.877000,0.316000,12.588000,27.832000,51.748000,28.530000
0.454,-0.249000,0.855000,0.310000,12.366000,25.794000,53.000000,28.480000
0.461,-0.253000,0.866000,0.310000,10.458000,23.924000,53.725000,28.480000
0.474,-0.289000,0.858000,0.295000,8.008000,20.718000,54.237000,28.440000
0.481,-0.301000,0.830000,0.281000,7.443000,15.191000,53.206000,28.530000
0.493,-0.315000,0.815000,0.273000,6.977000,7.725000,52.450000,28.480000
0.500,-0.295000,0.803000,0.275000,6.313000,4.924000,48.687000,28.480000
0.513,-0.254000,0.791000,0.294000,5.733000,3.664000,46.053000,28.390000
0.526,-0.259000,0.786000,0.300000,5.176000,3.710000,43.344000,28.530000
0.533,-0.255000,0.781000,0.312000,3.679000,4.832000,37.153000,28.440000
0.545,-0.239000,0.779000,0.330000,1.473000,7.481000,31.985000,28.480000
0.552,-0.232000,0.801000,0.337000,1.130000,6.954000,26.565000,28.480000
0.567,-0.236000,0.755000,0.321000,5.191000,6.656000,25.550000,28.530000
0.572,-0.221000,0.798000,0.321000,1.855000,10.290000,17.076000,28.440000
0.585,-0.215000,0.748000,0.317000,2.099000,10.099000,16.160000,28.580000
0.592,-0.212000,0.703000,0.306000,0.855000,12.977000,14.611000,28.480000
0.604,-0.209000,0.672000,0.277000,0.275000,15.069000,12.885000,28.530000
0.611,-0.186000,0.664000,0.274000,0.328000,19.580000,10.504000,28.530000
0.624,-0.180000,0.689000,0.270000,0.618000,25.527000,8.718000,28.480000
0.632,-0.181000,0.709000,0.271000,-1.588000,32.000000,5.504000,28.390000
0.643,-0.198000,0.719000,0.289000,-2.962000,35.687000,1.298000,28.580000
0.655,-0.223000,0.699000,0.272000,-4.023000,37.008000,-1.580000,28.530000
0.662,-0.239000,0.665000,0.258000,-4.183000,35.321000,-3.809000,28.440000
0.675,-0.249000,0.644000,0.241000,-3.664000,31.840000,-6.870000,28.580000
0.682,-0.247000,0.646000,0.242000,-1.809000,27.542000,-8.748000,28.480000
0.694,-0.233000,0.664000,0.261000,0.076000,25.115000,-12.168000,28.480000
0.701,-0.224000,0.701000,0.280000,1.954000,23.618000,-14.947000,28.440000
0.714,-0.219000,0.721000,0.312000,3.183000,22.695000,-17.710000,28.530000
0.726,-0.204000,0.739000,0.317000,3.344000,23.939000,-19.481000,28.480000
0.734,-0.222000,0.748000,0.308000,4.046000,23.641000,-21.397000,28.480000
0.745,-0.238000,0.759000,0.298000,3.595000,20.588000,-20.748000,28.530000
0.752,-0.246000,0.784000,0.283000,5.504000,20.244000,-20.366000,28.440000
0.764,-0.274000,0.820000,0.283000,6.405000,14.130000,-20.084000,28.580000
0.772,-0.266000,0.847000,0.311000,8.198000,8.916000,-22.954000,28.480000
0.784,-0.267000,0.888000,0.339000,8.931000,5.183000,-25.321000,28.530000
0.791,-0.248000,0.927000,0.374000,7.771000,2.038000,-27.901000,28.440000
0.803,-0.246000,0.981000,0.391000,4.641000,-2.038000,-28.344000,28.480000
0.817,-0.257000,1.008000,0.414000,-0.695000,-5.099000,-28.008000,28.480000
0.822,-0.241000,1.010000,0.410000,-5.260000,-8.153000,-26.298000,28.440000
0.835,-0.241000,1.011000,0.384000,-7.053000,-11.405000,-25.756000,28.530000
0.841,-0.241000,0.977000,0.365000,-4.466000,-14.397000,-27.901000,28.530000
0.854,-0.212000,0.970000,0.357000,-1.313000,-11.099000,-26.107000,28.390000
0.861,-0.216000,1.006000,0.371000,-1.176000,-1.618000,-21.137000,28.480000
0.873,-0.257000,1.018000,0.378000,-2.458000,7.985000,-14.885000,28.530000
0.885,-0.298000,1.019000,0.382000,-3.511000,21.252000,-11.641000,28.530000
0.892,-0.359000,1.014000,0.358000,-3.855000,34.710000,-13.611000,28.480000
0.904,-0.421000,1.031000,0.372000,-5.908000,44.466000,-26.443000,28.480000
0.911,-0.463000,0.950000,0.345000,-2.267000,47.534000,-34.496000,28.530000
0.924,-0.508000,0.941000,0.328000,-2.824000,47.214000,-46.366000,28.530000
0.936,-0.518000,0.924000,0.325000,-1.389000,42.931000,-54.954000,28.480000
0.943,-0.516000,0.923000,0.322000,-0.870000,35.160000,-62.206000,28.480000
0.955,-0.482000,0.919000,0.313000,-1.863000,27.924000,-68.038000,28.440000
0.962,-0.451000,0.929000,0.310000,-2.115000,20.740000,-73.634000,28.530000
0.977,-0.402000,0.928000,0.300000,-2.092000,16.466000,-77.687000,28.530000
0.981,-0.361000,0.928000,0.274000,-2.832000,13.145000,-76.565000,28.580000
0.993,-0.362000,0.897000,0.261000,-1.672000,15.718000,-73.618000,28.580000
1.006,-0.365000,0.875000,0.269000,2.809000,15.641000,-70.344000,28.530000
1.012,-0.394000,0.804000,0.283000,7.229000,17.740000,-71.954000,28.440000
1.025,-0.410000,0.788000,0.307000,7.756000,19.641000,-76.824000,28.480000
1.032,-0.406000,0.781000,0.343000,4.763000,24.290000,-74.122000,28.480000
1.044,-0.406000,0.808000,0.344000,2.443000,24.351000,-72.641000,28.480000
1.051,-0.403000,0.881000,0.325000,-2.336000,24.321000,-68.542000,28.530000
1.064,-0.416000,0.903000,0.301000,-2.008000,23.817000,-60.603000,28.480000
1.076,-0.470000,0.913000,0.294000,2.076000,22.794000,-51.985000,28.580000
1.084,-0.495000,0.868000,0.293000,7.504000,23.122000,-50.053000,28.480000
1.095,-0.542000,0.880000,0.304000,12.084000,23.031000,-48.275000,28.440000
1.102,-0.558000,0.913000,0.336000,13.374000,24.244000,-48.351000,28.440000
1.114,-0.572000,0.913000,0.348000,7.817000,29.435000,-53.557000,28.480000
1.122,-0.567000,0.948000,0.356000,-0.908000,32.130000,-62.527000,28.580000
1.134,-0.586000,0.940000,0.321000,-10.015000,34.786000,-71.496000,28.530000
1.145,-0.610000,0.902000,0.287000,-14.214000,33.374000,-73.122000,28.530000
1.152,-0.625000,0.854000,0.240000,-13.664000,27.511000,-74.664000,28.480000
1.164,-0.617000,0.818000,0.214000,-10.878000,22.031000,-76.084000,28.580000
1.171,-0.611000,0.815000,0.211000,-5.542000,16.954000,-76.588000,28.530000
1.184,-0.603000,0.825000,0.227000,-3.038000,12.237000,-76.382000,28.530000
1.191,-0.570000,0.858000,0.236000,-0.863000,10.779000,-74.847000,28.530000
1.203,-0.573000,0.919000,0.262000,-2.366000,9.137000,-69.511000,28.580000
1.217,-0.587000,0.889000,0.267000,-5.756000,11.145000,-63.985000,28.580000
1.222,-0.592000,0.888000,0.270000,-6.969000,11.664000,-61.344000,28.480000
1.235,-0.622000,0.830000,0.242000,-8.122000,10.344000,-62.366000,28.440000
1.241,-0.586000,0.787000,0.196000,-4.511000,10.290000,-66.718000,28.480000
1.254,-0.568000,0.778000,0.181000,-2.008000,8.466000,-67.458000,28.480000
1.261,-0.547000,0.723000,0.162000,0.718000,4.015000,-68.443000,28.530000
1.273,-0.524000,0.691000,0.137000,4.031000,-0.595000,-67.153000,28.530000
1.286,-0.525000,0.645000,0.119000,6.198000,-1.389000,-67.046000,28.480000
1.292,-0.487000,0.639000,0.104000,11.023000,-0.107000,-68.206000,28.580000
1.304,-0.445000,0.671000,0.118000,19.382000,-0.069000,-63.878000,28.440000
1.311,-0.423000,0.689000,0.125000,26.847000,4.573000,-55.160000,28.530000
1.324,-0.429000,0.722000,0.151000,32.855000,12.519000,-43.771000,28.530000
1.331,-0.494000,0.733000,0.166000,36.840000,14.939000,-33.931000,28.480000
1.343,-0.569000,0.702000,0.175000,36.588000,14.260000,-31.427000,28.480000
1.355,-0.621000,0.676000,0.175000,34.718000,12.336000,-32.298000,28.440000
1.362,-0.641000,0.685000,0.174000,32.137000,9.420000,-31.725000,28.530000
1.375,-0.633000,0.726000,0.188000,30.969000,9.412000,-28.634000,28.580000
1.383,-0.659000,0.739000,0.217000,31.076000,7.214000,-26.137000,28.480000
1.394,-0.686000,0.722000,0.235000,28.351000,5.939000,-29.221000,28.480000
1.401,-0.690000,0.695000,0.233000,22.145000,3.794000,-37.916000,28.530000
1.413,-0.639000,0.695000,0.214000,18.069000,4.481000,-42.779000,28.580000
1.426,-0.609000,0.713000,0.208000,14.344000,6.427000,-38.588000,28.480000
1.433,-0.640000,0.707000,0.183000,12.908000,9.534000,-32.290000,28.530000
1.445,-0.721000,0.709000,0.169000,15.130000,7.992000,-24.840000,28.530000
1.452,-0.831000,0.669000,0.173000,16.137000,0.397000,-26.969000,28.480000
1.464,-0.849000,0.655000,0.167000,15.565000,-7.344000,-34.550000,28.480000
1.471,-0.844000,0.673000,0.184000,12.260000,-16.198000,-37.870000,28.480000
1.484,-0.802000,0.656000,0.185000,7.931000,-19.511000,-40.779000,28.530000
1.495,-0.755000,0.711000,0.165000,6.344000,-18.786000,-39.275000,28.440000
1.502,-0.777000,0.701000,0.170000,9.603000,-16.038000,-36.679000,28.480000
1.515,-0.787000,0.673000,0.154000,12.046000,-9.191000,-41.053000,28.580000
1.522,-0.808000,0.638000,0.153000,12.466000,-2.275000,-45.908000,28.530000
1.534,-0.829000,0.568000,0.151000,12.542000,3.427000,-51.710000,28.440000
1.541,-0.817000,0.581000,0.146000,12.145000,8.748000,-58.298000,28.480000
1.553,-0.804000,0.608000,0.155000,12.618000,11.802000,-59.267000,28.580000
1.567,-0.815000,0.614000,0.145000,15.573000,13.908000,-63.779000,28.480000
1.573,-0.851000,0.642000,0.160000,21.321000,14.298000,-61.504000,28.440000
1.586,-0.914000,0.612000,0.188000,24.939000,9.397000,-65.397000,28.480000
1.592,-0.893000,0.585000,0.192000,27.198000,7.794000,-73.305000,28.480000
1.604,-0.842000,0.583000,0.217000,24.099000,7.466000,-73.282000,28.530000
1.611,-0.824000,0.577000,0.217000,20.153000,8.130000,-74.840000,28.440000
1.624,-0.794000,0.570000,0.217000,18.374000,13.473000,-76.107000,28.480000
1.636,-0.780000,0.593000,0.221000,18.420000,18.405000,-72.679000,28.580000
1.642,-0.820000,0.599000,0.224000,20.664000,22.298000,-67.870000,28.580000
1.655,-0.857000,0.594000,0.239000,22.053000,23.420000,-66.046000,28.440000
1.661,-0.914000,0.546000,0.248000,19.137000,21.649000,-70.168000,28.620000
1.674,-0.913000,0.506000,0.229000,16.122000,20.878000,-72.992000,28.480000
1.681,-0.912000,0.505000,0.199000,14.580000,17.672000,-75.229000,28.580000
1.693,-0.880000,0.502000,0.178000,12.916000,18.405000,-77.275000,28.440000
1.705,-0.874000,0.502000,0.143000,12.763000,19.267000,-73.473000,28.530000
1.712,-0.918000,0.478000,0.139000,12.107000,16.321000,-72.359000,28.480000
1.725,-0.927000,0.441000,0.124000,11.779000,16.176000,-73.206000,28.580000
1.732,-0.934000,0.412000,0.110000,11.733000,12.031000,-69.817000,28.480000
1.744,-0.935000,0.392000,0.101000,9.664000,6.939000,-70.328000,28.440000
1.750,-0.899000,0.405000,0.091000,9.901000,3.588000,-68.015000,28.530000
1.764,-0.877000,0.414000,0.076000,11.527000,1.573000,-64.275000,28.480000
1.776,-0.859000,0.397000,0.072000,13.084000,2.931000,-59.794000,28.580000
1.783,-0.856000,0.392000,0.070000,13.924000,8.504000,-59.061000,28.530000
1.795,-0.857000,0.382000,0.065000,14.977000,12.969000,-59.656000,28.530000
1.802,-0.881000,0.347000,0.069000,15.458000,14.130000,-62.397000,28.580000
1.814,-0.847000,0.355000,0.063000,14.626000,15.847000,-64.618000,28.580000
1.821,-0.858000,0.372000,0.065000,13.863000,15.954000,-60.336000,28.530000
1.834,-0.889000,0.333000,0.033000,13.580000,16.084000,-59.847000,28.530000
1.846,-0.918000,0.310000,0.021000,17.328000,14.679000,-55.664000,28.580000
1.852,-0.938000,0.300000,0.013000,21.458000,11.053000,-52.840000,28.480000
1.864,-0.937000,0.291000,0.033000,26.718000,8.137000,-52.206000,28.530000
1.872,-0.922000,0.285000,0.060000,28.618000,6.275000,-51.534000,28.440000
1.884,-0.911000,0.282000,0.087000,26.634000,5.382000,-54.122000,28.480000
1.891,-0.875000,0.300000,0.096000,21.443000,8.260000,-56.382000,28.580000
1.903,-0.848000,0.325000,0.111000,15.947000,11.878000,-55.145000,28.480000
1.917,-0.855000,0.321000,0.098000,12.901000,15.817000,-48.962000,28.530000
1.923,-0.915000,0.304000,0.062000,12.763000,16.282000,-41.382000,28.440000
1.934,-0.971000,0.302000,0.057000,11.931000,15.496000,-34.931000,28.480000
1.942,-1.041000,0.255000,0.073000,8.588000,6.130000,-35.427000,28.480000
1.954,-1.016000,0.216000,0.102000,8.412000,0.176000,-36.382000,28.530000
1.961,-1.012000,0.209000,0.113000,3.779000,-2.176000,-40.489000,28.530000
1.973,-1.034000,0.230000,0.122000,-7.954000,-8.115000,-44.557000,28.480000
1.986,-0.973000,0.224000,0.110000,-11.595000,-14.076000,-48.473000,28.580000
1.992,-0.956000,0.238000,0.099000,-9.046000,-14.069000,-52.687000,28.530000
2.004,-0.949000,0.220000,0.114000,-11.130000,-18.198000,-61.267000,28.440000
2.011,-0.918000,0.203000,0.131000,-9.069000,-17.710000,-66.985000,28.480000
2.023,-0.867000,0.281000,0.173000,-14.840000,-17.420000,-66.351000,28.580000
2.035,-0.850000,0.290000,0.174000,-20.466000,-16.366000,-60.756000,28.530000
2.042,-0.909000,0.227000,0.132000,-22.397000,-11.099000,-53.626000,28.530000
2.054,-1.031000,0.163000,0.095000,-26.229000,-11.290000,-55.237000,28.480000
2.061,-1.072000,-0.003000,0.063000,-19.427000,-19.405000,-59.176000,28.580000
2.073,-0.991000,-0.024000,0.049000,-16.321000,-24.298000,-61.908000,28.480000
2.085,-0.908000,-0.006000,0.061000,-12.687000,-24.344000,-62.084000,28.620000
2.092,-0.854000,0.068000,0.070000,-10.611000,-21.313000,-55.603000,28.620000
2.104,-0.884000,0.093000,0.080000,-5.183000,-10.435000,-43.061000,28.580000
2.111,-1.028000,0.070000,0.071000,-0.038000,-5.740000,-36.511000,28.480000
2.123,-1.151000,0.080000,0.072000,2.565000,-5.107000,-38.130000,28.530000
2.136,-1.187000,0.082000,0.089000,7.107000,-10.931000,-48.870000,28.530000
2.142,-1.149000,0.089000,0.113000,8.649000,-14.237000,-58.328000,28.580000
2.154,-1.098000,0.097000,0.128000,7.450000,-17.351000,-64.908000,28.480000
2.161,-1.031000,0.068000,0.120000,7.008000,-20.229000,-65.550000,28.530000
2.173,-0.967000,0.049000,0.123000,9.885000,-20.809000,-61.244000,28.530000
2.186,-0.932000,-0.014000,0.112000,11.542000,-22.366000,-60.252000,28.580000
2.192,-0.869000,-0.015000,0.168000,12.977000,-20.282000,-57.603000,28.580000
2.204,-0.819000,0.065000,0.232000,10.794000,-15.924000,-50.557000,28.530000
2.211,-0.835000,0.035000,0.232000,5.924000,-9.634000,-48.649000,28.530000
2.224,-0.849000,0.022000,0.220000,2.824000,-5.069000,-44.321000,28.620000
2.231,-0.936000,0.004000,0.185000,2.107000,-6.122000,-37.863000,28.580000
2.243,-0.972000,-0.056000,0.154000,4.351000,-9.153000,-39.321000,28.580000
2.256,-0.934000,-0.063000,0.166000,7.557000,-7.840000,-42.947000,28.580000
2.262,-0.897000,-0.073000,0.196000,8.221000,-2.962000,-46.107000,28.530000
2.275,-0.840000,-0.033000,0.220000,6.939000,1.977000,-44.351000,28.580000
2.283,-0.866000,-0.011000,0.233000,5.847000,4.298000,-37.145000,28.480000
2.294,-0.912000,-0.055000,0.208000,5.023000,8.321000,-35.412000,28.530000
2.301,-0.976000,-0.009000,0.182000,4.504000,11.008000,-28.748000,28.530000
2.313,-1.119000,-0.047000,0.174000,5.015000,7.023000,-27.893000,28.580000
2.326,-1.193000,-0.072000,0.173000,3.794000,0.198000,-36.931000,28.580000
2.333,-1.203000,-0.060000,0.187000,0.718000,-9.565000,-48.527000,28.530000
2.344,-1.117000,-0.090000,0.182000,-3.115000,-17.267000,-59.595000,28.440000
2.351,-0.975000,-0.083000,0.172000,-2.962000,-18.649000,-63.748000,28.530000
2.364,-0.872000,-0.122000,0.159000,-2.221000,-12.802000,-62.794000,28.580000
2.376,-0.823000,-0.148000,0.158000,-1.000000,-3.244000,-56.679000,28.480000
2.383,-0.884000,-0.164000,0.171000,0.511000,1.412000,-50.153000,28.530000
2.395,-0.913000,-0.174000,0.196000,1.855000,-0.672000,-51.046000,28.620000
2.402,-0.896000,-0.147000,0.221000,-2.382000,-3.122000,-45.649000,28.580000
2.414,-0.922000,-0.145000,0.229000,-1.962000,-5.145000,-42.763000,28.580000
2.421,-0.921000,-0.154000,0.204000,-1.733000,-5.634000,-40.962000,28.580000
2.433,-0.940000,-0.154000,0.182000,-2.023000,-4.573000,-37.061000,28.530000
2.445,-0.977000,-0.220000,0.179000,-1.489000,-4.595000,-37.855000,28.480000
2.452,-0.926000,-0.230000,0.181000,-0.702000,-0.191000,-41.977000,28.480000
2.464,-0.897000,-0.220000,0.199000,-0.473000,0.725000,-41.824000,28.440000
2.472,-0.901000,-0.218000,0.206000,-2.557000,1.198000,-40.397000,28.530000
2.483,-0.885000,-0.222000,0.211000,-3.817000,1.366000,-39.542000,28.620000
2.496,-0.893000,-0.221000,0.218000,-5.137000,-0.328000,-35.084000,28.480000
2.502,-0.912000,-0.208000,0.201000,-8.244000,-0.229000,-31.466000,28.580000
2.517,-0.951000,-0.227000,0.184000,-9.626000,0.855000,-29.214000,28.620000
2.521,-0.997000,-0.275000,0.167000,-9.351000,-1.168000,-34.695000,28.530000
2.534,-0.934000,-0.278000,0.157000,-9.985000,-0.618000,-45.351000,28.580000
2.546,-0.855000,-0.299000,0.170000,-8.366000,-2.939000,-50.366000,28.480000
2.552,-0.816000,-0.292000,0.163000,-6.237000,-6.351000,-47.183000,28.530000
2.564,-0.839000,-0.262000,0.157000,-6.542000,-11.183000,-42.542000,28.530000
2.572,-0.835000,-0.275000,0.128000,-5.985000,-9.298000,-41.649000,28.580000
2.584,-0.866000,-0.287000,0.098000,-6.458000,-3.855000,-43.122000,28.580000
2.596,-0.887000,-0.278000,0.082000,-3.221000,3.947000,-45.565000,28.580000
2.603,-0.925000,-0.255000,0.099000,0.771000,7.947000,-45.275000,28.530000
2.617,-0.976000,-0.268000,0.116000,1.053000,6.336000,-47.244000,28.530000
2.622,-0.980000,-0.263000,0.130000,3.076000,6.740000,-47.985000,28.580000
2.635,-1.044000,-0.289000,0.120000,3.221000,2.435000,-44.489000,28.580000
2.641,-1.022000,-0.330000,0.120000,3.061000,2.656000,-46.908000,28.440000
2.654,-1.047000,-0.352000,0.125000,2.573000,2.031000,-49.824000,28.530000
2.661,-0.965000,-0.379000,0.122000,3.282000,2.992000,-50.511000,28.580000
2.673,-0.940000,-0.393000,0.135000,6.153000,4.939000,-47.603000,28.480000
2.686,-0.957000,-0.429000,0.150000,9.122000,3.145000,-45.267000,28.530000
2.692,-0.985000,-0.418000,0.189000,9.435000,1.290000,-46.519000,28.530000
2.705,-1.000000,-0.439000,0.231000,6.748000,-0.466000,-48.336000,28.580000
2.712,-0.985000,-0.447000,0.237000,3.458000,-6.603000,-52.740000,28.480000
2.724,-0.884000,-0.446000,0.241000,-2.427000,-13.427000,-56.504000,28.440000
2.736,-0.776000,-0.459000,0.245000,-6.603000,-13.931000,-58.015000,28.530000
2.743,-0.689000,-0.438000,0.219000,-9.618000,-9.298000,-58.908000,28.620000
2.755,-0.647000,-0.448000,0.206000,-9.489000,-2.626000,-53.847000,28.580000
2.761,-0.682000,-0.444000,0.203000,-7.359000,1.634000,-47.550000,28.580000
2.774,-0.731000,-0.395000,0.228000,-7.771000,1.641000,-40.153000,28.620000
2.781,-0.802000,-0.425000,0.208000,-9.893000,-0.282000,-37.710000,28.530000
2.793,-0.780000,-0.451000,0.172000,-13.954000,-1.008000,-41.092000,28.580000
2.805,-0.756000,-0.458000,0.133000,-14.550000,-0.939000,-39.969000,28.580000
2.812,-0.741000,-0.496000,0.098000,-10.229000,-2.679000,-37.550000,28.440000
2.825,-0.720000,-0.475000,0.087000,-4.702000,-5.321000,-32.252000,28.620000
2.832,-0.737000,-0.477000,0.103000,-1.573000,-4.634000,-26.176000,28.580000
2.843,-0.750000,-0.481000,0.104000,-0.420000,-1.473000,-22.756000,28.580000
2.855,-0.765000,-0.479000,0.095000,-1.855000,4.901000,-19.466000,28.530000
2.862,-0.802000,-0.480000,0.080000,-2.641000,7.878000,-18.817000,28.530000
2.875,-0.780000,-0.498000,0.064000,-0.573000,9.328000,-21.534000,28.580000
2.881,-0.767000,-0.527000,0.068000,1.924000,11.221000,-19.328000,28.480000
2.893,-0.788000,-0.522000,0.080000,6.221000,9.725000,-17.252000,28.480000
2.906,-0.788000,-0.493000,0.107000,7.534000,10.282000,-15.947000,28.530000
2.913,-0.803000,-0.489000,0.105000,5.733000,13.847000,-15.183000,28.530000
2.925,-0.829000,-0.510000,0.104000,8.107000,15.359000,-14.145000,28.580000
2.932,-0.850000,-0.475000,0.121000,10.840000,18.550000,-11.466000,28.580000
2.944,-0.918000,-0.495000,0.110000,13.206000,22.573000,-15.099000,28.480000
2.951,-0.963000,-0.499000,0.138000,14.687000,22.298000,-21.000000,28.620000
2.963,-0.969000,-0.500000,0.162000,14.733000,16.557000,-27.031000,28.580000
2.975,-0.929000,-0.484000,0.175000,13.779000,10.176000,-28.763000,28.580000
2.983,-0.906000,-0.488000,0.179000,13.847000,6.649000,-29.023000,28.530000
2.994,-0.842000,-0.494000,0.180000,14.130000,7.046000,-28.718000,28.530000
3.001,-0.774000,-0.479000,0.202000,13.069000,12.008000,-30.023000,28.580000
3.014,-0.719000,-0.523000,0.211000,16.382000,18.351000,-28.435000,28.670000
3.025,-0.704000,-0.466000,0.269000,11.885000,26.168000,-28.863000,28.620000
3.033,-0.739000,-0.473000,0.302000,7.084000,29.053000,-23.771000,28.530000
3.044,-0.829000,-0.495000,0.288000,-1.015000,23.313000,-21.527000,28.580000
3.051,-0.892000,-0.509000,0.248000,-9.977000,13.809000,-21.527000,28.580000
3.064,-0.888000,-0.548000,0.168000,-10.061000,5.229000,-23.695000,28.580000
3.076,-0.882000,-0.561000,0.135000,-8.282000,-0.244000,-23.382000,28.530000
3.083,-0.896000,-0.566000,0.125000,-4.939000,-4.824000,-24.985000,28.530000
3.095,-0.913000,-0.559000,0.124000,-1.809000,-8.160000,-27.427000,28.670000
3.101,-0.881000,-0.547000,0.139000,-2.802000,-7.863000,-31.260000,28.670000
3.114,-0.883000,-0.553000,0.115000,-4.015000,-5.977000,-32.191000,28.580000
3.120,-0.855000,-0.618000,0.080000,-5.702000,-3.282000,-38.359000,28.530000
3.133,-0.812000,-0.640000,0.059000,-4.099000,-2.748000,-44.412000,28.580000
3.145,-0.702000,-0.699000,0.043000,-1.206000,-4.458000,-52.634000,28.480000
3.152,-0.495000,-0.633000,0.105000,0.000000,-5.847000,-51.008000,28.530000
3.164,-0.369000,-0.638000,0.115000,-2.168000,-10.573000,-52.542000,28.530000
3.172,-0.269000,-0.602000,0.154000,-5.160000,-9.053000,-37.115000,28.530000
3.183,-0.262000,-0.604000,0.147000,-8.794000,-2.870000,-14.008000,28.580000
3.195,-0.354000,-0.621000,0.115000,-8.588000,2.450000,6.847000,28.480000
3.202,-0.494000,-0.595000,0.065000,-10.679000,6.122000,9.710000,28.530000
3.215,-0.599000,-0.640000,0.046000,-2.328000,7.252000,17.641000,28.620000
3.222,-0.764000,-0.599000,0.051000,2.603000,2.901000,17.053000,28.580000
3.235,-0.852000,-0.546000,0.095000,5.679000,-4.221000,14.901000,28.580000
3.241,-0.877000,-0.527000,0.124000,5.198000,-1.038000,10.115000,28.440000
3.253,-0.922000,-0.514000,0.124000,3.252000,5.321000,5.725000,28.620000
3.259,-1.002000,-0.542000,0.097000,2.840000,11.725000,-3.427000,28.580000
3.273,-1.037000,-0.607000,0.109000,3.275000,12.992000,-19.656000,28.580000
3.285,-0.981000,-0.605000,0.117000,0.557000,16.908000,-24.710000,28.480000
3.292,-0.954000,-0.622000,0.122000,-1.916000,15.466000,-31.511000,28.620000
3.304,-0.906000,-0.651000,0.128000,-4.160000,11.145000,-34.962000,28.440000
3.311,-0.852000,-0.652000,0.144000,-5.580000,5.809000,-34.756000,28.580000
3.324,-0.796000,-0.702000,0.144000,-4.687000,0.450000,-37.160000,28.580000
3.336,-0.679000,-0.698000,0.165000,-1.962000,1.489000,-39.695000,28.620000
3.342,-0.618000,-0.623000,0.169000,-4.137000,11.702000,-35.344000,28.530000
3.354,-0.650000,-0.660000,0.144000,-5.053000,13.779000,-35.847000,28.580000
3.361,-0.656000,-0.631000,0.158000,-10.473000,12.115000,-32.458000,28.580000
3.373,-0.679000,-0.622000,0.154000,-16.053000,6.458000,-33.260000,28.530000
3.386,-0.622000,-0.550000,0.185000,-22.481000,7.412000,-32.214000,28.620000
3.392,-0.728000,-0.574000,0.169000,-26.275000,12.702000,-36.679000,28.670000
3.404,-0.748000,-0.588000,0.192000,-31.473000,15.573000,-45.809000,28.480000
3.411,-0.707000,-0.599000,0.182000,-33.954000,19.076000,-53.725000,28.440000
3.424,-0.645000,-0.584000,0.164000,-39.214000,27.664000,-65.183000,28.530000
3.436,-0.577000,-0.650000,0.122000,-36.168000,32.198000,-61.969000,28.480000
3.442,-0.611000,-0.749000,0.062000,-30.405000,28.565000,-56.618000,28.580000
3.454,-0.636000,-0.792000,0.055000,-22.229000,18.557000,-48.908000,28.480000
3.461,-0.632000,-0.788000,0.048000,-20.153000,8.435000,-42.931000,28.620000
3.473,-0.596000,-0.769000,0.044000,-20.275000,4.023000,-40.130000,28.620000
3.485,-0.561000,-0.794000,0.039000,-18.863000,4.137000,-35.733000,28.480000
3.492,-0.496000,-0.796000,0.004000,-16.366000,15.076000,-30.641000,28.580000
3.504,-0.535000,-0.808000,-0.021000,-11.931000,29.908000,-24.779000,28.530000
3.511,-0.674000,-0.798000,-0.054000,-8.405000,37.672000,-23.397000,28.530000
3.523,-0.771000,-0.818000,-0.065000,-6.786000,36.588000,-29.603000,28.480000
3.535,-0.769000,-0.784000,-0.069000,-4.397000,24.656000,-33.183000,28.580000
3.542,-0.744000,-0.754000,-0.060000,-1.786000,9.924000,-29.496000,28.530000
3.554,-0.668000,-0.780000,-0.041000,0.137000,-1.206000,-26.687000,28.620000
3.561,-0.566000,-0.777000,-0.021000,4.725000,-1.435000,-21.153000,28.580000
3.573,-0.540000,-0.809000,0.005000,10.191000,5.252000,-18.763000,28.580000
3.585,-0.539000,-0.760000,0.019000,11.466000,16.779000,-16.618000,28.480000
3.592,-0.623000,-0.792000,0.007000,10.427000,17.359000,-20.046000,28.530000
3.604,-0.608000,-0.773000,0.020000,10.794000,10.450000,-21.130000,28.530000
3.611,-0.567000,-0.792000,0.023000,11.580000,-0.084000,-17.916000,28.580000
3.624,-0.502000,-0.757000,0.052000,11.107000,-5.672000,-11.802000,28.480000
3.636,-0.460000,-0.778000,0.100000,9.702000,-8.817000,-7.405000,28.580000
3.642,-0.392000,-0.764000,0.133000,8.672000,-4.298000,-2.824000,28.530000
3.655,-0.355000,-0.745000,0.143000,4.641000,1.305000,2.122000,28.580000
3.662,-0.353000,-0.739000,0.151000,0.786000,4.733000,10.969000,28.580000
3.675,-0.424000,-0.753000,0.115000,-5.565000,6.031000,23.931000,28.530000
3.682,-0.478000,-0.787000,0.059000,-7.840000,4.153000,29.580000,28.620000
3.694,-0.548000,-0.796000,0.044000,-6.458000,-0.420000,29.160000,28.480000
3.699,-0.567000,-0.788000,0.065000,-5.351000,-10.947000,26.802000,28.580000
3.713,-0.522000,-0.735000,0.105000,-6.321000,-22.130000,29.626000,28.530000
3.725,-0.482000,-0.721000,0.133000,-9.435000,-23.702000,37.595000,28.620000
3.732,-0.470000,-0.698000,0.120000,-12.847000,-14.672000,47.275000,28.580000
3.744,-0.557000,-0.728000,0.069000,-15.588000,-1.718000,54.031000,28.480000
3.751,-0.645000,-0.760000,0.016000,-15.863000,9.740000,52.656000,28.530000
3.763,-0.721000,-0.776000,-0.023000,-13.053000,14.992000,51.260000,28.530000
3.775,-0.810000,-0.773000,-0.055000,-9.168000,14.618000,46.153000,28.620000
3.782,-0.877000,-0.773000,-0.049000,-5.634000,4.664000,39.122000,28.480000
3.794,-0.867000,-0.732000,-0.017000,-1.969000,-14.969000,33.595000,28.580000
3.801,-0.781000,-0.687000,0.025000,-0.237000,-28.107000,31.252000,28.670000
3.813,-0.666000,-0.698000,0.030000,-1.504000,-25.733000,33.076000,28.530000
3.825,-0.619000,-0.702000,0.031000,-1.977000,-18.435000,35.954000,28.580000
3.833,-0.631000,-0.710000,0.030000,-2.634000,-8.641000,35.878000,28.580000
3.844,-0.647000,-0.713000,0.026000,-2.298000,-1.489000,34.908000,28.620000
3.851,-0.664000,-0.712000,0.042000,0.435000,-4.565000,36.405000,28.620000
3.864,-0.687000,-0.656000,0.059000,0.046000,-11.878000,37.046000,28.580000
3.876,-0.687000,-0.634000,0.094000,-3.817000,-21.305000,37.397000,28.580000
3.882,-0.668000,-0.640000,0.096000,-8.137000,-28.366000,37.519000,28.580000
3.895,-0.633000,-0.648000,0.096000,-13.450000,-29.924000,35.870000,28.440000
3.901,-0.556000,-0.694000,0.043000,-11.580000,-24.344000,41.901000,28.530000
3.913,-0.561000,-0.776000,-0.010000,-5.305000,-15.557000,42.832000,28.480000
3.926,-0.607000,-0.728000,-0.019000,2.153000,-6.771000,51.145000,28.580000
3.933,-0.743000,-0.710000,0.016000,6.794000,-6.107000,55.916000,28.530000
3.945,-0.785000,-0.609000,0.094000,4.031000,-23.145000,58.267000,28.530000
3.952,-0.800000,-0.545000,0.154000,-4.405000,-33.084000,59.687000,28.480000
3.964,-0.756000,-0.572000,0.145000,-12.870000,-41.244000,60.519000,28.480000
3.971,-0.645000,-0.601000,0.109000,-17.366000,-36.420000,64.458000,28.580000
3.984,-0.610000,-0.610000,0.056000,-15.046000,-19.496000,71.221000,28.530000
3.995,-0.696000,-0.615000,0.019000,-15.389000,-2.122000,73.496000,28.620000
4.002,-0.807000,-0.633000,0.029000,-14.840000,3.511000,72.504000,28.580000
4.014,-0.879000,-0.615000,0.039000,-14.634000,0.458000,69.122000,28.580000
4.022,-0.896000,-0.604000,0.033000,-15.763000,-9.015000,63.031000,28.440000
4.033,-0.835000,-0.583000,0.039000,-14.885000,-22.702000,59.198000,28.440000
4.045,-0.770000,-0.526000,0.083000,-14.634000,-31.473000,64.405000,28.580000
4.052,-0.742000,-0.487000,0.115000,-13.786000,-32.710000,73.038000,28.670000
4.064,-0.768000,-0.508000,0.090000,-16.244000,-30.038000,76.481000,28.530000
4.071,-0.820000,-0.550000,0.085000,-13.420000,-31.290000,78.275000,28.530000
4.083,-0.812000,-0.521000,0.086000,-10.649000,-32.008000,77.076000,28.670000
4.095,-0.816000,-0.518000,0.086000,-10.099000,-31.031000,75.626000,28.580000
4.102,-0.860000,-0.549000,0.060000,-9.977000,-33.901000,69.840000,28.580000
4.114,-0.850000,-0.523000,0.054000,-6.298000,-46.931000,69.427000,28.530000
4.121,-0.798000,-0.462000,0.081000,-6.824000,-58.756000,72.450000,28.530000
4.134,-0.725000,-0.425000,0.106000,-5.412000,-55.885000,81.969000,28.480000
4.145,-0.729000,-0.423000,0.089000,-10.313000,-41.878000,84.473000,28.580000
4.152,-0.773000,-0.434000,0.114000,-8.626000,-32.458000,84.969000,28.480000
4.164,-0.812000,-0.406000,0.120000,-8.832000,-22.366000,84.046000,28.530000
4.171,-0.886000,-0.432000,0.119000,-6.336000,-18.458000,79.840000,28.480000
4.183,-0.928000,-0.421000,0.135000,-3.962000,-23.397000,77.695000,28.580000
4.195,-0.913000,-0.432000,0.136000,-2.794000,-35.389000,77.069000,28.530000
4.202,-0.788000,-0.406000,0.103000,-0.687000,-39.053000,78.198000,28.530000
4.214,-0.722000,-0.383000,0.082000,1.695000,-31.321000,87.061000,28.530000
4.222,-0.758000,-0.405000,0.078000,6.466000,-19.183000,93.229000,28.480000
4.233,-0.740000,-0.236000,0.118000,7.832000,-11.504000,103.931000,28.480000
4.245,-0.897000,-0.197000,0.159000,6.282000,2.321000,108.824000,28.530000
4.252,-1.083000,-0.212000,0.155000,1.351000,-1.031000,107.115000,28.440000
4.265,-1.192000,-0.183000,0.177000,-6.061000,-16.664000,96.611000,28.580000
4.272,-1.183000,-0.216000,0.179000,-12.885000,-36.802000,82.649000,28.480000
4.284,-0.996000,-0.270000,0.146000,-15.695000,-41.099000,70.847000,28.440000
4.296,-0.840000,-0.266000,0.120000,-12.229000,-33.542000,71.450000,28.530000
4.302,-0.797000,-0.303000,0.090000,-3.412000,-17.084000,72.267000,28.480000
4.315,-0.779000,-0.268000,0.083000,3.748000,0.427000,73.176000,28.480000
4.323,-0.829000,-0.251000,0.110000,10.183000,13.405000,74.107000,28.670000
4.334,-0.900000,-0.245000,0.136000,12.931000,16.542000,71.458000,28.480000
4.341,-0.879000,-0.069000,0.214000,12.473000,4.550000,76.802000,28.440000
4.353,-0.967000,0.007000,0.306000,6.885000,-3.817000,88.504000,28.480000
4.366,-1.081000,-0.038000,0.313000,-4.626000,-18.344000,87.656000,28.390000
4.373,-1.071000,-0.081000,0.293000,-13.901000,-35.611000,79.626000,28.620000
4.385,-0.919000,-0.155000,0.250000,-21.794000,-37.061000,64.969000,28.530000
4.391,-0.681000,-0.243000,0.148000,-28.473000,-24.985000,51.954000,28.580000
4.403,-0.534000,-0.273000,0.044000,-19.573000,-7.328000,55.389000,28.580000
4.417,-0.522000,-0.277000,-0.025000,4.328000,7.733000,71.740000,28.480000
4.423,-0.631000,-0.041000,0.071000,25.504000,14.397000,100.527000,28.440000
4.435,-0.935000,0.105000,0.200000,31.557000,21.000000,115.389000,28.620000
4.443,-1.344000,0.137000,0.297000,23.221000,8.954000,111.137000,28.580000
4.454,-1.494000,0.094000,0.347000,5.679000,-23.985000,87.473000,28.480000
4.461,-1.303000,-0.002000,0.305000,-8.153000,-44.885000,59.725000,28.530000
4.474,-0.944000,-0.032000,0.215000,-9.565000,-43.305000,47.969000,28.530000
4.486,-0.730000,-0.105000,0.144000,-0.870000,-20.985000,49.947000,28.480000
4.492,-0.641000,-0.116000,0.110000,9.550000,13.977000,56.847000,28.480000
4.504,-0.787000,0.025000,0.153000,18.550000,36.550000,73.076000,28.580000
4.511,-1.068000,0.137000,0.259000,14.924000,38.229000,78.015000,28.440000
4.524,-1.272000,0.214000,0.354000,4.229000,21.931000,79.031000,28.390000
4.532,-1.383000,0.158000,0.372000,-13.840000,-6.244000,67.802000,28.480000
4.543,-1.203000,0.097000,0.300000,-26.069000,-26.275000,55.924000,28.480000
4.555,-0.946000,0.079000,0.170000,-23.626000,-21.412000,56.015000,28.530000
4.562,-0.876000,0.025000,0.048000,-10.916000,1.969000,60.206000,28.530000
4.575,-0.972000,0.003000,0.022000,7.603000,25.405000,59.656000,28.580000
4.582,-1.083000,0.079000,0.094000,15.618000,37.618000,50.977000,28.480000
4.594,-1.141000,0.089000,0.198000,13.069000,34.176000,39.412000,28.440000
4.601,-1.107000,0.080000,0.234000,1.824000,5.985000,30.740000,28.530000
4.613,-0.905000,0.147000,0.254000,-8.504000,-27.947000,41.290000,28.480000
4.626,-0.748000,0.206000,0.222000,-11.374000,-51.473000,58.038000,28.580000
4.633,-0.585000,0.266000,0.208000,-11.053000,-50.672000,79.542000,28.480000
4.645,-0.586000,0.297000,0.171000,5.038000,-24.053000,100.779000,28.440000
4.652,-0.782000,0.230000,0.184000,12.550000,7.389000,99.702000,28.530000
4.664,-0.964000,0.189000,0.200000,17.618000,29.786000,86.901000,28.480000
4.672,-1.107000,0.142000,0.247000,15.664000,36.672000,69.634000,28.480000
4.684,-1.154000,0.191000,0.298000,6.565000,23.641000,52.473000,28.580000
4.696,-1.078000,0.198000,0.307000,-1.985000,-5.748000,40.038000,28.530000
4.703,-0.872000,0.241000,0.311000,-11.305000,-28.351000,38.565000,28.480000
4.715,-0.695000,0.372000,0.342000,-16.611000,-43.779000,58.244000,28.480000
4.723,-0.680000,0.409000,0.346000,-19.336000,-40.740000,77.473000,28.580000
4.734,-0.739000,0.372000,0.299000,-27.985000,-30.450000,91.282000,28.530000
4.742,-0.849000,0.296000,0.229000,-29.130000,-17.977000,93.672000,28.620000
4.753,-0.883000,0.215000,0.177000,-28.244000,-6.076000,83.542000,28.580000
4.767,-0.864000,0.200000,0.132000,-23.992000,7.786000,76.038000,28.480000
4.773,-0.870000,0.254000,0.111000,-14.176000,11.389000,76.870000,28.530000
4.784,-0.937000,0.230000,0.107000,-5.458000,12.702000,73.672000,28.530000
4.792,-0.995000,0.275000,0.125000,2.137000,10.153000,71.626000,28.480000
4.804,-1.041000,0.317000,0.191000,3.183000,3.656000,68.557000,28.390000
4.811,-1.014000,0.502000,0.245000,-1.626000,-8.824000,71.092000,28.480000
4.823,-1.026000,0.586000,0.299000,-8.153000,-19.611000,76.817000,28.530000
4.836,-1.015000,0.565000,0.259000,-12.183000,-20.382000,74.458000,28.530000
4.842,-1.060000,0.601000,0.221000,-19.321000,-21.931000,72.855000,28.580000
4.854,-1.123000,0.492000,0.156000,-13.260000,-30.145000,69.214000,28.580000
4.861,-1.106000,0.367000,0.145000,-9.565000,-38.435000,58.046000,28.580000
4.874,-1.060000,0.285000,0.107000,-6.679000,-45.824000,49.542000,28.440000
4.881,-0.866000,0.268000,0.089000,-6.824000,-40.053000,48.092000,28.480000
4.893,-0.738000,0.248000,0.107000,4.435000,-31.962000,48.824000,28.480000
4.905,-0.654000,0.193000,0.124000,16.802000,-21.405000,49.450000,28.480000
4.912,-0.569000,0.388000,0.212000,29.802000,-8.237000,63.733000,28.530000
4.925,-0.669000,0.479000,0.320000,32.794000,-6.702000,72.595000,28.440000
4.932,-0.740000,0.484000,0.393000,25.160000,-1.885000,72.130000,28.580000
4.944,-0.791000,0.610000,0.433000,19.443000,-3.611000,81.214000,28.580000
4.950,-0.900000,0.590000,0.436000,7.779000,-12.725000,79.137000,28.530000
4.963,-0.906000,0.525000,0.389000,-4.542000,-13.977000,70.992000,28.440000
4.975,-0.900000,0.445000,0.318000,-15.931000,-24.183000,63.779000,28.480000
4.982,-0.805000,0.369000,0.240000,-23.969000,-26.359000,57.916000,28.580000
4.994,-0.633000,0.408000,0.163000,-22.656000,-20.267000,61.496000,28.530000
5.001,-0.551000,0.426000,0.112000,-12.008000,-11.176000,67.031000,28.530000
5.014,-0.536000,0.435000,0.082000,0.924000,9.466000,70.092000,28.440000
5.020,-0.624000,0.519000,0.111000,15.252000,21.687000,78.168000,28.580000
5.033,-0.783000,0.529000,0.156000,19.641000,25.023000,73.687000,28.480000
5.045,-0.835000,0.493000,0.214000,15.924000,18.229000,65.725000,28.480000
5.052,-0.835000,0.430000,0.217000,8.763000,3.031000,57.160000,28.440000
5.067,-0.719000,0.441000,0.133000,5.863000,-8.504000,51.725000,28.480000
5.072,-0.524000,0.606000,0.074000,21.466000,-7.328000,69.992000,28.480000
5.084,-0.455000,0.688000,0.016000,41.031000,11.237000,76.992000,28.620000
5.092,-0.512000,0.951000,0.020000,64.290000,44.664000,99.832000,28.530000
5.103,-0.823000,1.042000,0.106000,76.008000,57.962000,115.260000,28.480000
5.117,-1.091000,1.054000,0.239000,68.595000,55.885000,109.000000,28.580000
5.124,-1.248000,0.971000,0.326000,58.679000,41.649000,100.504000,28.580000
5.135,-1.299000,0.859000,0.370000,33.244000,15.382000,74.481000,28.440000
5.142,-1.184000,0.704000,0.314000,10.053000,-5.947000,46.237000,28.440000
5.154,-0.928000,0.622000,0.235000,-3.969000,-14.855000,26.756000,28.580000
5.161,-0.671000,0.539000,0.154000,-4.733000,-10.908000,16.183000,28.580000
5.173,-0.506000,0.480000,0.098000,3.740000,-3.611000,13.145000,28.530000
5.182,-0.399000,0.478000,0.096000,9.847000,6.542000,22.489000,28.440000
5.193,-0.380000,0.478000,0.128000,18.275000,8.160000,36.405000,28.480000
5.205,-0.331000,0.487000,0.170000,30.313000,3.130000,56.351000,28.480000
5.212,-0.319000,0.570000,0.218000,27.664000,1.435000,65.542000,28.480000
5.225,-0.292000,0.626000,0.221000,28.061000,2.954000,79.595000,28.530000
5.232,-0.240000,0.694000,0.210000,29.290000,11.374000,89.382000,28.530000
5.244,-0.217000,0.841000,0.202000,29.153000,28.427000,96.580000,28.480000
5.251,-0.245000,1.077000,0.216000,26.458000,48.290000,114.252000,28.480000
5.264,-0.440000,1.140000,0.258000,18.817000,64.542000,130.908000,28.530000
5.276,-0.696000,1.186000,0.280000,4.229000,59.733000,129.137000,28.440000
5.283,-0.927000,1.054000,0.324000,-1.237000,33.504000,129.191000,28.390000
5.295,-1.022000,0.942000,0.316000,-10.534000,3.595000,109.427000,28.390000
5.302,-0.904000,0.882000,0.266000,-17.611000,-13.053000,87.458000,28.440000
5.314,-0.662000,0.880000,0.174000,-19.237000,-8.305000,68.298000,28.530000
5.322,-0.436000,0.894000,0.063000,-14.687000,23.450000,53.603000,28.530000
5.334,-0.352000,0.969000,-0.047000,-6.565000,58.282000,52.847000,28.480000
5.345,-0.454000,1.006000,-0.106000,5.115000,78.008000,64.969000,28.480000
5.352,-0.642000,0.961000,-0.117000,15.198000,74.893000,70.221000,28.530000
5.365,-0.794000,0.937000,-0.082000,22.084000,50.206000,71.595000,28.530000
5.372,-0.848000,0.864000,-0.007000,25.656000,20.695000,67.206000,28.480000
5.384,-0.828000,0.772000,0.057000,24.031000,-5.634000,51.260000,28.480000
5.392,-0.674000,0.747000,0.122000,20.771000,-13.405000,34.458000,28.480000
5.403,-0.489000,0.808000,0.159000,16.305000,-13.473000,29.542000,28.620000
5.417,-0.382000,0.836000,0.176000,16.160000,-11.634000,34.664000,28.580000
5.424,-0.303000,0.934000,0.182000,16.733000,-3.992000,41.611000,28.480000
5.435,-0.288000,0.965000,0.225000,14.939000,-1.824000,50.786000,28.530000
5.442,-0.345000,0.969000,0.245000,12.473000,-0.786000,57.435000,28.440000
5.454,-0.406000,0.912000,0.248000,12.267000,-5.504000,59.992000,28.390000
5.461,-0.411000,0.887000,0.270000,4.496000,-10.443000,58.473000,28.480000
5.474,-0.409000,0.885000,0.235000,-2.176000,-15.420000,53.947000,28.390000
5.486,-0.325000,0.965000,0.197000,-5.389000,-15.374000,52.855000,28.440000
5.493,-0.244000,1.001000,0.175000,-8.618000,-6.756000,54.115000,28.440000
5.505,-0.218000,1.088000,0.108000,-7.031000,8.870000,61.710000,28.480000
5.512,-0.260000,1.159000,0.085000,-1.649000,21.328000,71.198000,28.480000
5.525,-0.408000,1.168000,0.081000,2.450000,26.031000,80.794000,28.530000
5.532,-0.592000,1.156000,0.115000,2.802000,22.710000,78.519000,28.440000
5.544,-0.735000,1.080000,0.121000,3.237000,7.015000,72.351000,28.480000
5.551,-0.798000,1.010000,0.135000,1.015000,-9.840000,55.443000,28.390000
5.563,-0.752000,0.976000,0.126000,-3.137000,-27.092000,36.092000,28.480000
5.576,-0.632000,0.998000,0.099000,-7.084000,-40.084000,19.916000,28.530000
5.582,-0.493000,1.025000,0.073000,-10.824000,-47.252000,12.985000,28.480000
5.594,-0.400000,0.993000,0.063000,-12.534000,-52.595000,12.519000,28.480000
5.601,-0.344000,0.933000,0.054000,-8.489000,-52.443000,12.237000,28.440000
5.614,-0.323000,0.900000,0.061000,-4.168000,-50.557000,10.687000,28.440000
5.621,-0.269000,0.868000,0.074000,-1.130000,-46.611000,11.191000,28.480000
5.633,-0.238000,0.870000,0.079000,4.733000,-41.351000,14.458000,28.480000
5.645,-0.211000,0.899000,0.102000,3.176000,-36.611000,12.092000,28.480000
5.652,-0.215000,0.851000,0.109000,3.641000,-31.237000,13.794000,28.440000
5.665,-0.221000,0.826000,0.157000,3.443000,-29.351000,15.855000,28.620000
5.672,-0.250000,0.799000,0.142000,4.420000,-33.763000,14.008000,28.480000
5.685,-0.199000,0.808000,0.177000,4.992000,-37.344000,9.626000,28.580000
5.692,-0.134000,0.851000,0.197000,3.542000,-37.634000,13.626000,28.530000
5.704,-0.070000,0.885000,0.192000,2.687000,-35.802000,16.901000,28.530000
5.721,-0.035000,0.926000,0.218000,0.275000,-35.389000,20.786000,28.480000
5.723,0.018000,0.974000,0.226000,0.206000,-33.290000,29.931000,28.480000
5.735,-0.007000,1.002000,0.206000,-3.092000,-32.153000,37.176000,28.480000
5.742,-0.026000,1.018000,0.186000,-2.573000,-32.405000,42.496000,28.530000
5.754,-0.065000,1.027000,0.161000,-3.099000,-32.962000,52.718000,28.580000
5.761,-0.102000,1.034000,0.133000,-2.588000,-31.366000,60.099000,28.580000
5.773,-0.135000,1.017000,0.099000,-3.069000,-28.038000,58.962000,28.480000
5.786,-0.177000,1.045000,0.106000,-1.947000,-23.817000,58.267000,28.620000
5.793,-0.228000,1.042000,0.110000,0.595000,-19.191000,52.672000,28.530000
5.805,-0.269000,1.046000,0.116000,3.389000,-13.412000,46.099000,28.480000
5.812,-0.287000,1.047000,0.127000,6.748000,-9.221000,28.267000,28.480000
5.825,-0.298000,1.061000,0.156000,4.076000,-8.458000,22.992000,28.440000
5.833,-0.299000,1.069000,0.170000,3.588000,-6.099000,17.214000,28.440000
5.844,-0.271000,1.075000,0.187000,-2.160000,-4.626000,11.878000,28.480000
5.851,-0.222000,1.058000,0.175000,-8.229000,-0.405000,10.450000,28.580000
5.864,-0.183000,1.060000,0.180000,-11.069000,5.977000,12.351000,28.530000
5.875,-0.143000,1.096000,0.160000,-14.534000,14.000000,19.305000,28.440000
5.883,-0.166000,1.051000,0.156000,-12.031000,15.908000,23.809000,28.530000
5.895,-0.198000,0.991000,0.157000,-7.321000,16.580000,30.313000,28.580000
5.901,-0.254000,0.969000,0.155000,-5.634000,14.328000,35.344000,28.480000
5.914,-0.332000,0.930000,0.166000,-2.344000,3.260000,38.382000,28.390000
5.921,-0.334000,0.969000,0.196000,-1.481000,-7.824000,34.359000,28.530000
5.934,-0.305000,0.967000,0.194000,-1.550000,-15.840000,38.756000,28.480000
5.946,-0.288000,0.995000,0.216000,-2.450000,-23.092000,34.802000,28.480000
5.952,-0.202000,1.024000,0.219000,-3.321000,-23.550000,32.137000,28.440000
5.965,-0.133000,1.004000,0.216000,-4.443000,-12.496000,32.015000,28.530000
5.973,-0.116000,0.988000,0.201000,-6.359000,2.954000,30.985000,28.530000
5.984,-0.165000,0.959000,0.190000,-2.802000,13.053000,28.092000,28.480000
5.992,-0.206000,0.963000,0.183000,3.008000,18.344000,22.618000,28.390000
6.004,-0.263000,0.973000,0.177000,4.053000,15.336000,21.260000,28.530000
6.011,-0.313000,0.985000,0.180000,8.687000,1.573000,20.725000,28.530000
6.024,-0.299000,1.019000,0.178000,11.382000,-12.756000,23.458000,28.480000
6.036,-0.252000,1.051000,0.190000,7.977000,-20.534000,25.359000,28.580000
6.043,-0.189000,1.087000,0.208000,1.405000,-15.092000,33.275000,28.440000
6.055,-0.179000,1.052000,0.213000,-3.763000,-4.649000,34.405000,28.530000
6.062,-0.228000,1.033000,0.208000,-7.183000,1.626000,29.489000,28.580000
6.074,-0.277000,0.975000,0.171000,-7.947000,3.336000,20.855000,28.480000
6.083,-0.282000,0.963000,0.158000,-5.176000,0.756000,11.702000,28.480000
6.094,-0.252000,0.980000,0.142000,-2.511000,-5.603000,5.832000,28.530000
6.101,-0.194000,0.992000,0.144000,0.466000,-10.626000,3.260000,28.480000
6.113,-0.169000,0.992000,0.154000,2.809000,-14.176000,5.908000,28.480000
6.127,-0.146000,1.013000,0.158000,3.473000,-13.885000,6.305000,28.670000
6.133,-0.153000,1.033000,0.174000,0.565000,-9.832000,7.145000,28.440000
6.145,-0.163000,1.026000,0.175000,-1.282000,-6.160000,6.656000,28.530000
6.152,-0.179000,1.033000,0.180000,-4.359000,-2.275000,4.458000,28.580000
6.167,-0.208000,1.029000,0.163000,-7.221000,-0.328000,0.435000,28.480000
6.172,-0.198000,0.995000,0.149000,-5.779000,-1.595000,-4.954000,28.620000
6.184,-0.160000,1.005000,0.135000,-5.595000,2.198000,-10.107000,28.530000
6.192,-0.133000,0.990000,0.140000,-4.954000,5.565000,-14.046000,28.480000
6.203,-0.138000,0.968000,0.136000,-3.290000,8.664000,-16.542000,28.480000
6.218,-0.126000,0.961000,0.144000,-0.725000,13.099000,-19.626000,28.480000
6.223,-0.127000,0.964000,0.162000,-0.214000,16.038000,-19.893000,28.530000
6.235,-0.159000,0.994000,0.176000,-0.969000,17.824000,-19.672000,28.440000
6.242,-0.216000,0.990000,0.183000,-5.954000,12.412000,-20.115000,28.480000
6.254,-0.269000,0.968000,0.169000,-7.115000,0.389000,-23.427000,28.480000
6.261,-0.231000,0.975000,0.157000,-8.450000,-8.473000,-29.863000,28.480000
6.274,-0.145000,0.994000,0.164000,-10.450000,-11.229000,-31.611000,28.530000
6.285,-0.091000,0.987000,0.161000,-9.641000,-12.779000,-33.214000,28.390000
6.292,-0.036000,1.019000,0.167000,-8.573000,-7.229000,-32.557000,28.480000
6.304,-0.007000,1.021000,0.159000,-8.405000,1.458000,-29.969000,28.620000
6.311,-0.052000,1.029000,0.152000,-10.687000,9.267000,-23.359000,28.440000
6.324,-0.076000,0.981000,0.145000,-9.496000,12.031000,-21.901000,28.530000
6.333,-0.081000,0.996000,0.139000,-8.344000,15.374000,-20.954000,28.480000
6.343,-0.108000,0.976000,0.134000,-4.855000,15.031000,-22.038000,28.480000
6.355,-0.138000,0.972000,0.152000,-2.481000,13.985000,-23.534000,28.530000
6.362,-0.132000,0.976000,0.165000,-0.878000,11.321000,-24.611000,28.530000
6.375,-0.133000,0.984000,0.180000,1.260000,4.824000,-23.351000,28.580000
6.383,-0.144000,0.970000,0.186000,0.985000,-2.664000,-23.916000,28.480000
6.394,-0.118000,0.955000,0.200000,0.802000,-7.885000,-19.947000,28.530000
6.401,-0.116000,0.955000,0.211000,1.023000,-12.260000,-15.489000,28.530000
6.413,-0.096000,0.960000,0.207000,0.237000,-12.466000,-11.664000,28.390000
6.425,-0.091000,0.969000,0.219000,-1.664000,-9.137000,-8.656000,28.480000
6.433,-0.107000,0.960000,0.212000,-4.863000,-4.305000,-7.588000,28.580000
6.445,-0.115000,0.946000,0.204000,-7.267000,0.679000,-7.115000,28.530000
6.451,-0.134000,0.931000,0.189000,-8.389000,5.321000,-7.603000,28.530000
6.464,-0.129000,0.923000,0.169000,-8.985000,6.809000,-7.969000,28.480000
6.472,-0.127000,0.909000,0.169000,-8.229000,6.221000,-7.267000,28.670000
6.484,-0.131000,0.922000,0.165000,-8.115000,4.885000,-5.153000,28.530000
6.492,-0.105000,0.932000,0.167000,-7.221000,3.420000,-2.908000,28.530000
6.503,-0.102000,0.931000,0.162000,-5.435000,2.267000,2.290000,28.480000
6.517,-0.105000,0.955000,0.175000,-6.626000,3.458000,6.366000,28.480000
6.524,-0.127000,0.944000,0.177000,-5.962000,3.382000,10.550000,28.440000
6.535,-0.162000,0.944000,0.166000,-5.542000,2.992000,12.809000,28.530000
6.543,-0.206000,0.936000,0.161000,-4.282000,2.298000,12.641000,28.580000
6.555,-0.222000,0.953000,0.155000,-4.168000,3.145000,10.137000,28.580000
6.562,-0.223000,0.966000,0.153000,-4.489000,6.008000,6.000000,28.580000
6.575,-0.230000,0.961000,0.153000,-4.786000,8.794000,2.618000,28.620000
6.582,-0.229000,0.951000,0.141000,-3.916000,10.511000,-1.947000,28.530000
6.594,-0.219000,0.938000,0.150000,-2.336000,9.763000,-4.489000,28.580000
6.601,-0.215000,0.941000,0.160000,-0.397000,7.313000,-5.336000,28.480000
6.614,-0.213000,0.923000,0.174000,1.443000,3.527000,-4.641000,28.580000
6.620,-0.204000,0.929000,0.185000,2.382000,-3.168000,-3.969000,28.620000
6.634,-0.202000,0.942000,0.204000,3.504000,-6.481000,-4.038000,28.580000
6.645,-0.177000,0.948000,0.229000,2.351000,-9.107000,-5.718000,28.480000
6.652,-0.148000,0.964000,0.218000,1.389000,-9.221000,-6.168000,28.530000
6.665,-0.120000,0.979000,0.217000,0.252000,-6.282000,-5.252000,28.530000
6.673,-0.115000,0.978000,0.214000,-1.748000,-1.611000,-1.481000,28.530000
6.684,-0.148000,0.967000,0.193000,-1.588000,-1.130000,2.031000,28.580000
6.692,-0.176000,0.979000,0.190000,-0.298000,-2.702000,5.206000,28.480000
6.704,-0.188000,0.988000,0.198000,0.985000,-4.832000,5.725000,28.440000
6.711,-0.210000,0.997000,0.208000,2.397000,-8.641000,5.618000,28.530000
6.724,-0.226000,0.999000,0.219000,2.840000,-13.389000,4.344000,28.580000
6.730,-0.201000,0.996000,0.232000,2.511000,-15.374000,1.573000,28.580000
6.743,-0.178000,1.000000,0.246000,1.893000,-15.275000,0.382000,28.530000
6.755,-0.163000,0.997000,0.249000,0.748000,-14.748000,1.076000,28.530000
6.762,-0.171000,0.993000,0.245000,-0.260000,-16.023000,2.695000,28.670000
6.775,-0.183000,0.974000,0.246000,0.374000,-18.702000,4.550000,28.480000
6.782,-0.188000,0.958000,0.251000,0.924000,-21.588000,5.695000,28.580000
6.794,-0.161000,0.951000,0.277000,1.634000,-19.969000,4.221000,28.530000
6.801,-0.127000,0.961000,0.301000,0.473000,-13.863000,1.092000,28.480000
6.814,-0.098000,0.977000,0.318000,-2.382000,-5.267000,-0.046000,28.670000
6.823,-0.073000,0.996000,0.335000,-6.214000,3.099000,0.260000,28.580000
6.834,-0.085000,0.974000,0.337000,-8.855000,7.656000,5.817000,28.530000
6.846,-0.120000,0.989000,0.306000,-11.756000,6.191000,7.939000,28.620000
6.853,-0.163000,0.945000,0.288000,-11.794000,0.252000,12.779000,28.480000
6.865,-0.196000,0.927000,0.272000,-14.084000,-6.008000,14.802000,28.580000
6.872,-0.217000,0.924000,0.249000,-14.802000,-14.015000,16.153000,28.530000
6.884,-0.226000,0.917000,0.244000,-15.763000,-19.450000,15.504000,28.530000
6.891,-0.218000,0.935000,0.225000,-17.069000,-21.603000,12.687000,28.480000
6.903,-0.183000,0.948000,0.207000,-18.130000,-19.191000,9.176000,28.580000
6.917,-0.163000,0.946000,0.185000,-19.542000,-12.809000,8.420000,28.530000
6.923,-0.146000,0.929000,0.150000,-18.954000,-3.931000,7.511000,28.440000
6.935,-0.168000,0.921000,0.135000,-16.374000,2.298000,6.840000,28.580000
6.943,-0.205000,0.916000,0.118000,-13.053000,4.473000,5.382000,28.480000
6.954,-0.224000,0.922000,0.112000,-10.053000,5.084000,1.893000,28.580000
6.961,-0.210000,0.945000,0.124000,-7.519000,3.489000,-2.947000,28.530000
6.974,-0.198000,0.963000,0.139000,-6.008000,0.298000,-6.038000,28.530000
6.981,-0.193000,0.966000,0.127000,-4.947000,-4.450000,-6.924000,28.580000
6.993,-0.180000,0.978000,0.131000,-3.534000,-11.084000,-6.443000,28.480000
7.005,-0.148000,0.962000,0.139000,-2.229000,-15.824000,-4.511000,28.530000
7.012,-0.118000,0.965000,0.154000,-1.573000,-16.466000,-0.244000,28.530000
7.025,-0.114000,0.957000,0.187000,-0.473000,-14.435000,1.191000,28.580000
7.032,-0.100000,0.958000,0.188000,0.534000,-9.527000,1.550000,28.580000
7.044,-0.111000,0.955000,0.205000,1.672000,-3.855000,-0.298000,28.530000
7.051,-0.138000,0.953000,0.206000,1.649000,-0.901000,-2.565000,28.530000
7.064,-0.145000,0.938000,0.204000,2.527000,-0.962000,-3.656000,28.580000
7.071,-0.167000,0.937000,0.208000,3.420000,-4.924000,-3.588000,28.580000
7.083,-0.161000,0.925000,0.206000,4.687000,-10.466000,-3.137000,28.530000
7.095,-0.154000,0.927000,0.229000,5.145000,-15.573000,-2.160000,28.620000
7.102,-0.125000,0.932000,0.254000,5.351000,-17.366000,-2.145000,28.620000
7.115,-0.104000,0.939000,0.276000,4.435000,-15.580000,-2.145000,28.580000
7.123,-0.070000,0.949000,0.285000,3.229000,-10.794000,-2.122000,28.480000
7.135,-0.074000,0.948000,0.268000,1.580000,-5.206000,0.885000,28.580000
7.143,-0.083000,0.953000,0.271000,0.649000,-1.771000,5.641000,28.530000
7.154,-0.114000,0.950000,0.256000,1.229000,-1.725000,10.947000,28.480000
7.161,-0.158000,0.955000,0.252000,1.939000,-3.420000,15.046000,28.580000
7.174,-0.195000,0.953000,0.250000,3.336000,-6.504000,16.099000,28.530000
7.186,-0.205000,0.960000,0.265000,4.260000,-9.275000,14.702000,28.530000
7.193,-0.206000,0.964000,0.277000,5.076000,-11.450000,12.122000,28.480000
7.205,-0.214000,0.963000,0.278000,4.870000,-13.313000,7.954000,28.480000
7.212,-0.207000,0.973000,0.302000,3.702000,-14.779000,3.359000,28.480000
7.224,-0.195000,0.974000,0.306000,1.595000,-16.084000,-0.855000,28.530000
7.233,-0.167000,0.973000,0.295000,-0.550000,-17.389000,-2.885000,28.440000
7.244,-0.142000,0.970000,0.291000,-2.565000,-17.061000,-4.092000,28.480000
7.251,-0.101000,0.969000,0.289000,-4.015000,-13.466000,-4.916000,28.670000
7.263,-0.091000,0.955000,0.282000,-5.336000,-8.992000,-3.489000,28.530000
7.275,-0.093000,0.949000,0.270000,-5.916000,-4.969000,-2.382000,28.530000
7.282,-0.098000,0.951000,0.257000,-6.718000,-0.267000,-1.641000,28.480000
7.295,-0.118000,0.942000,0.248000,-7.565000,2.328000,-0.221000,28.480000
7.302,-0.132000,0.940000,0.236000,-7.718000,2.275000,0.397000,28.580000
7.314,-0.163000,0.938000,0.231000,-7.420000,0.748000,-0.137000,28.530000
7.322,-0.161000,0.953000,0.230000,-7.252000,-1.145000,-2.107000,28.530000
7.335,-0.134000,0.963000,0.221000,-7.191000,-1.527000,-3.649000,28.580000
7.341,-0.128000,0.952000,0.209000,-6.832000,0.366000,-4.618000,28.580000
7.353,-0.120000,0.941000,0.208000,-6.214000,0.595000,-4.817000,28.530000
7.367,-0.123000,0.942000,0.203000,-5.221000,0.321000,-3.885000,28.530000
7.373,-0.125000,0.939000,0.205000,-3.870000,-1.687000,-2.924000,28.580000
7.385,-0.136000,0.926000,0.205000,-2.794000,-3.840000,-2.412000,28.580000
7.392,-0.120000,0.940000,0.195000,-2.481000,-4.290000,-1.725000,28.530000
7.404,-0.116000,0.941000,0.207000,-2.450000,-4.420000,-0.916000,28.530000
7.415,-0.117000,0.944000,0.190000,-1.931000,-4.847000,-0.374000,28.580000
7.424,-0.128000,0.943000,0.205000,-1.679000,-6.069000,0.145000,28.580000
7.432,-0.123000,0.946000,0.190000,-0.740000,-7.443000,0.504000,28.580000
7.444,-0.087000,0.951000,0.200000,-0.985000,-5.687000,1.847000,28.530000
7.455,-0.084000,0.938000,0.209000,-0.710000,-2.481000,3.328000,28.530000
7.463,-0.090000,0.938000,0.207000,-0.145000,-0.214000,4.718000,28.580000
7.475,-0.115000,0.931000,0.209000,0.069000,1.450000,5.809000,28.580000
7.482,-0.124000,0.936000,0.215000,0.977000,0.473000,6.450000,28.580000
7.495,-0.140000,0.940000,0.225000,1.481000,-0.817000,5.756000,28.530000
7.502,-0.144000,0.947000,0.226000,1.557000,-2.634000,5.710000,28.580000
7.515,-0.149000,0.938000,0.223000,1.901000,-4.611000,5.427000,28.580000
7.523,-0.149000,0.938000,0.239000,2.496000,-6.450000,4.664000,28.620000
7.534,-0.150000,0.939000,0.233000,2.947000,-7.802000,3.802000,28.620000
7.542,-0.139000,0.944000,0.242000,3.290000,-7.580000,2.901000,28.530000
7.554,-0.138000,0.936000,0.239000,3.389000,-7.092000,2.282000,28.580000
7.561,-0.121000,0.951000,0.246000,3.626000,-4.817000,1.458000,28.480000
7.575,-0.107000,0.948000,0.270000,4.000000,-2.069000,1.336000,28.530000
7.582,-0.125000,0.943000,0.263000,3.992000,-0.336000,1.664000,28.530000
7.593,-0.125000,0.957000,0.264000,3.679000,0.244000,1.977000,28.670000
7.601,-0.120000,0.961000,0.271000,2.557000,0.771000,2.267000,28.480000
7.613,-0.115000,0.958000,0.273000,1.473000,0.885000,2.748000,28.620000
7.626,-0.120000,0.951000,0.273000,0.557000,1.359000,3.878000,28.620000
7.633,-0.116000,0.947000,0.271000,0.336000,2.481000,4.847000,28.580000
7.646,-0.119000,0.947000,0.267000,0.053000,3.695000,5.527000,28.580000
7.653,-0.126000,0.947000,0.271000,-0.290000,4.664000,5.672000,28.580000
7.667,-0.132000,0.954000,0.267000,-0.405000,5.817000,4.580000,28.620000
7.673,-0.131000,0.954000,0.270000,-0.580000,7.046000,5.191000,28.530000
7.685,-0.147000,0.948000,0.261000,-0.618000,6.374000,5.023000,28.580000
7.693,-0.168000,0.959000,0.259000,-0.214000,4.321000,5.168000,28.480000
7.705,-0.181000,0.946000,0.271000,0.145000,0.962000,4.191000,28.620000
7.711,-0.173000,0.963000,0.273000,-0.885000,-0.702000,2.802000,28.530000
7.725,-0.166000,0.963000,0.271000,-0.893000,-2.756000,1.221000,28.580000
7.732,-0.166000,0.961000,0.271000,-1.779000,-3.137000,-0.137000,28.580000
7.743,-0.143000,0.957000,0.251000,-2.748000,-2.504000,-1.710000,28.580000
7.749,-0.117000,0.949000,0.259000,-2.519000,-1.107000,-1.870000,28.530000
7.764,-0.099000,0.946000,0.255000,-2.756000,1.107000,-0.351000,28.620000
7.776,-0.104000,0.944000,0.249000,-2.557000,2.260000,1.901000,28.580000
7.783,-0.123000,0.949000,0.235000,-2.122000,1.756000,3.885000,28.580000
7.795,-0.150000,0.945000,0.237000,-1.534000,-0.901000,4.924000,28.530000
7.802,-0.165000,0.937000,0.238000,-0.725000,-4.687000,4.053000,28.620000
7.817,-0.165000,0.947000,0.251000,0.046000,-6.504000,1.573000,28.480000
7.823,-0.138000,0.963000,0.267000,-0.557000,-5.412000,-0.702000,28.480000
7.834,-0.117000,0.960000,0.270000,-1.649000,-3.427000,-1.611000,28.580000
7.842,-0.110000,0.944000,0.253000,-2.267000,-1.603000,-1.237000,28.530000
7.853,-0.105000,0.948000,0.233000,-2.710000,-0.382000,0.313000,28.580000
7.859,-0.111000,0.951000,0.228000,-2.305000,0.031000,2.573000,28.580000
7.873,-0.137000,0.933000,0.222000,-0.748000,-1.550000,3.427000,28.580000
7.885,-0.155000,0.939000,0.229000,0.389000,-2.649000,2.847000,28.620000
7.893,-0.139000,0.951000,0.249000,0.992000,-3.008000,0.840000,28.530000
7.905,-0.123000,0.957000,0.249000,0.282000,-2.603000,-0.626000,28.580000
7.912,-0.108000,0.950000,0.253000,-0.122000,-1.840000,-1.275000,28.670000
7.925,-0.101000,0.944000,0.246000,-0.771000,-0.824000,-0.252000,28.620000
7.932,-0.095000,0.940000,0.244000,-0.779000,-0.328000,2.405000,28.620000
7.944,-0.106000,0.947000,0.233000,-0.176000,-0.053000,4.328000,28.620000
7.951,-0.117000,0.949000,0.238000,0.092000,0.092000,5.634000,28.580000
7.964,-0.139000,0.950000,0.236000,0.962000,-0.137000,4.985000,28.670000
7.972,-0.140000,0.964000,0.260000,1.542000,-0.046000,2.832000,28.620000
7.984,-0.126000,0.968000,0.279000,0.069000,1.794000,1.710000,28.530000
7.990,-0.121000,0.954000,0.281000,-1.519000,1.969000,1.511000,28.580000
8.003,-0.115000,0.959000,0.259000,-2.679000,2.756000,2.389000,28.580000
8.018,-0.116000,0.948000,0.246000,-3.458000,3.496000,5.000000,28.580000
8.023,-0.139000,0.939000,0.243000,-2.305000,3.809000,6.420000,28.530000
8.035,-0.166000,0.931000,0.234000,-1.237000,3.718000,6.038000,28.530000
8.043,-0.178000,0.939000,0.236000,0.107000,2.824000,3.870000,28.580000
8.055,-0.195000,0.936000,0.242000,1.389000,1.405000,0.634000,28.480000
8.062,-0.187000,0.937000,0.268000,1.374000,-0.595000,-2.580000,28.530000
8.075,-0.173000,0.951000,0.263000,0.931000,-4.031000,-4.397000,28.620000
8.082,-0.146000,0.955000,0.275000,-0.122000,-6.939000,-4.038000,28.480000
8.094,-0.130000,0.950000,0.265000,-1.740000,-8.244000,-2.466000,28.480000
8.101,-0.127000,0.950000,0.271000,-2.191000,-8.412000,-1.282000,28.580000
8.113,-0.111000,0.939000,0.262000,-1.511000,-8.046000,-1.397000,28.620000
8.125,-0.108000,0.942000,0.271000,-1.824000,-6.229000,-0.969000,28.530000
8.132,-0.114000,0.944000,0.254000,-1.374000,-4.740000,-1.786000,28.580000
8.145,-0.109000,0.948000,0.267000,-1.351000,-3.145000,-2.374000,28.580000
8.152,-0.114000,0.953000,0.263000,-2.008000,-2.000000,-1.412000,28.530000
8.164,-0.109000,0.957000,0.249000,-2.145000,-2.160000,-0.794000,28.720000
8.171,-0.125000,0.942000,0.248000,-2.031000,-2.656000,0.527000,28.620000
8.185,-0.129000,0.943000,0.241000,-1.527000,-3.511000,1.023000,28.580000
8.191,-0.137000,0.938000,0.249000,-0.603000,-4.038000,0.267000,28.580000
8.203,-0.120000,0.946000,0.254000,-0.977000,-3.053000,-0.282000,28.670000
8.217,-0.113000,0.941000,0.261000,-0.710000,-2.176000,-0.969000,28.530000
8.222,-0.111000,0.942000,0.251000,-1.344000,-1.496000,-0.840000,28.480000
8.235,-0.116000,0.952000,0.253000,-1.313000,-1.206000,0.023000,28.580000
8.242,-0.114000,0.959000,0.257000,-1.504000,-2.038000,0.740000,28.580000
8.254,-0.121000,0.962000,0.254000,-1.695000,-2.313000,1.489000,28.530000
8.276,-0.126000,0.956000,0.250000,-1.664000,-2.267000,1.634000,28.620000
8.277,-0.133000,0.946000,0.255000,-1.489000,-2.863000,1.107000,28.580000
