time_sec,ax,ay,az,gx,gy,gz,temp_c
0.014,-0.561000,0.890000,0.163000,3.779000,7.321000,-23.756000,26.880000
0.018,-0.572000,0.889000,0.130000,4.359000,4.679000,-28.008000,26.790000
0.031,-0.570000,0.901000,0.134000,6.702000,3.252000,-30.870000,26.790000
0.043,-0.604000,0.890000,0.124000,9.038000,0.817000,-34.282000,26.980000
0.050,-0.610000,0.907000,0.144000,11.382000,2.725000,-36.641000,26.930000
0.062,-0.621000,0.927000,0.178000,9.702000,5.908000,-38.519000,26.930000
0.069,-0.606000,0.923000,0.194000,6.115000,12.046000,-42.176000,26.790000
0.082,-0.554000,0.903000,0.197000,9.870000,20.000000,-42.763000,26.880000
0.093,-0.559000,0.883000,0.189000,13.802000,30.351000,-44.557000,26.790000
0.101,-0.548000,0.879000,0.177000,14.679000,31.641000,-47.489000,26.880000
0.116,-0.561000,0.847000,0.154000,16.191000,33.015000,-43.771000,26.840000
0.121,-0.622000,0.865000,0.118000,17.473000,26.420000,-41.756000,26.930000
0.134,-0.692000,0.873000,0.092000,14.901000,11.420000,-44.992000,26.840000
0.139,-0.690000,0.854000,0.114000,11.160000,3.435000,-49.374000,26.840000
0.154,-0.636000,0.826000,0.124000,13.954000,-1.992000,-54.290000,26.880000
0.159,-0.595000,0.817000,0.131000,16.641000,-5.740000,-56.313000,26.790000
0.172,-0.575000,0.819000,0.153000,19.954000,-6.046000,-57.466000,26.880000
0.183,-0.603000,0.818000,0.157000,22.130000,-12.992000,-58.221000,26.880000
0.191,-0.583000,0.823000,0.198000,24.763000,-19.832000,-56.824000,26.840000
0.203,-0.597000,0.816000,0.173000,15.550000,-22.252000,-51.053000,26.840000
0.209,-0.613000,0.828000,0.176000,12.405000,-24.336000,-49.733000,26.840000
0.221,-0.654000,0.816000,0.181000,7.947000,-27.947000,-50.954000,26.790000
0.227,-0.646000,0.810000,0.145000,6.641000,-26.115000,-53.214000,26.790000
0.241,-0.595000,0.783000,0.186000,11.443000,-22.496000,-56.817000,26.790000
0.253,-0.599000,0.771000,0.178000,10.122000,-9.351000,-55.282000,26.880000
0.260,-0.634000,0.778000,0.135000,7.565000,-5.389000,-52.305000,26.840000
0.272,-0.618000,0.785000,0.153000,9.328000,2.542000,-52.863000,26.840000
0.279,-0.689000,0.785000,0.128000,9.565000,-1.924000,-47.069000,26.740000
0.293,-0.687000,0.798000,0.136000,17.466000,-1.580000,-50.336000,26.840000
0.299,-0.738000,0.767000,0.083000,17.153000,6.160000,-57.527000,26.880000
0.311,-0.705000,0.745000,0.060000,20.901000,4.595000,-64.427000,26.880000
0.323,-0.699000,0.714000,-0.009000,23.863000,2.122000,-62.076000,26.980000
0.330,-0.704000,0.737000,0.011000,22.611000,-1.298000,-59.221000,26.790000
0.343,-0.713000,0.741000,-0.003000,18.046000,-4.466000,-55.947000,26.740000
0.351,-0.707000,0.734000,0.037000,14.076000,-11.481000,-54.366000,26.840000
0.361,-0.700000,0.746000,0.072000,18.702000,-10.901000,-51.206000,26.840000
0.373,-0.681000,0.704000,0.083000,24.008000,-5.725000,-56.985000,26.980000
0.380,-0.702000,0.714000,0.096000,20.420000,0.198000,-57.137000,26.880000
0.393,-0.699000,0.710000,0.101000,26.153000,8.046000,-58.351000,26.880000
0.401,-0.712000,0.710000,0.089000,25.023000,6.412000,-59.397000,26.840000
0.412,-0.663000,0.683000,0.065000,25.550000,8.267000,-57.634000,26.930000
0.419,-0.677000,0.693000,0.079000,24.092000,10.168000,-53.313000,26.840000
0.431,-0.648000,0.676000,0.043000,21.382000,13.122000,-51.840000,26.840000
0.443,-0.679000,0.643000,0.087000,21.122000,16.412000,-49.504000,26.880000
0.450,-0.688000,0.646000,0.052000,18.893000,17.191000,-48.107000,26.880000
0.462,-0.613000,0.613000,0.025000,19.061000,18.832000,-49.588000,26.880000
0.469,-0.611000,0.598000,0.082000,21.992000,22.427000,-48.481000,26.880000
0.482,-0.698000,0.631000,0.052000,20.412000,23.878000,-39.336000,26.930000
0.488,-0.806000,0.664000,0.052000,20.679000,19.122000,-35.397000,26.840000
0.501,-0.879000,0.688000,0.027000,19.076000,9.679000,-35.176000,26.930000
0.513,-0.899000,0.673000,0.009000,19.344000,3.626000,-42.550000,26.930000
0.520,-0.841000,0.633000,-0.001000,23.527000,2.191000,-49.969000,26.790000
0.532,-0.770000,0.609000,0.030000,26.855000,5.771000,-54.412000,26.880000
0.541,-0.748000,0.599000,0.039000,26.260000,9.702000,-54.328000,26.790000
0.552,-0.739000,0.589000,0.025000,29.214000,10.450000,-48.466000,26.840000
0.560,-0.813000,0.625000,0.046000,25.427000,7.649000,-40.519000,26.840000
0.571,-0.891000,0.643000,0.045000,17.649000,1.130000,-38.298000,26.840000
0.583,-0.871000,0.633000,0.042000,14.557000,-1.229000,-41.015000,26.880000
0.591,-0.829000,0.613000,0.031000,12.947000,3.435000,-42.855000,26.980000
0.603,-0.786000,0.553000,0.031000,15.244000,11.137000,-45.092000,26.880000
0.610,-0.797000,0.537000,0.044000,18.977000,13.321000,-45.405000,26.880000
0.622,-0.817000,0.539000,0.052000,21.802000,4.160000,-45.031000,26.790000
0.629,-0.793000,0.542000,0.064000,23.122000,2.939000,-42.061000,26.930000
0.641,-0.865000,0.577000,0.087000,18.695000,-3.221000,-38.290000,26.930000
0.653,-0.890000,0.584000,0.057000,12.969000,-7.542000,-36.450000,26.880000
0.660,-0.936000,0.581000,0.047000,3.588000,-15.977000,-33.588000,26.980000
0.672,-0.926000,0.591000,0.027000,4.855000,-8.695000,-32.115000,26.880000
0.679,-0.911000,0.551000,-0.001000,7.130000,-8.107000,-34.351000,26.880000
0.693,-0.904000,0.530000,-0.001000,11.328000,0.000000,-40.344000,26.930000
0.699,-0.885000,0.488000,-0.022000,12.878000,-0.725000,-50.573000,26.840000
0.712,-0.821000,0.482000,0.018000,22.137000,6.733000,-51.756000,26.930000
0.723,-0.880000,0.501000,0.039000,18.855000,7.031000,-49.298000,26.880000
0.730,-0.887000,0.504000,0.031000,20.863000,4.344000,-44.496000,26.880000
0.743,-0.937000,0.518000,0.017000,15.153000,0.855000,-40.565000,26.880000
0.750,-0.922000,0.477000,-0.022000,14.053000,-6.076000,-41.206000,26.980000
0.762,-0.883000,0.460000,0.005000,17.374000,-5.939000,-43.809000,26.840000
0.768,-0.871000,0.411000,-0.004000,20.611000,-6.809000,-44.977000,26.840000
0.780,-0.905000,0.449000,0.013000,21.763000,-8.763000,-40.947000,26.930000
0.793,-0.962000,0.470000,0.025000,16.656000,-14.031000,-38.084000,26.980000
0.800,-0.961000,0.468000,0.021000,15.198000,-19.305000,-36.214000,26.880000
0.812,-0.953000,0.487000,0.020000,10.069000,-20.427000,-36.924000,26.880000
0.818,-0.876000,0.456000,0.037000,10.954000,-15.870000,-41.397000,26.980000
0.831,-0.805000,0.416000,0.047000,15.389000,-2.008000,-44.809000,26.930000
0.843,-0.804000,0.406000,0.053000,16.832000,5.664000,-48.061000,26.840000
0.851,-0.817000,0.388000,0.036000,15.840000,10.931000,-44.794000,26.930000
0.863,-0.907000,0.418000,0.034000,15.244000,15.374000,-36.824000,26.880000
0.869,-1.025000,0.465000,0.039000,7.214000,7.557000,-34.290000,26.880000
0.882,-1.032000,0.449000,0.018000,0.511000,-2.328000,-33.015000,26.880000
0.889,-1.027000,0.449000,0.015000,-4.382000,-9.603000,-38.023000,26.790000
0.902,-0.976000,0.393000,-0.017000,-3.084000,-12.809000,-44.466000,26.930000
0.914,-0.897000,0.352000,-0.022000,1.809000,-6.206000,-47.206000,26.930000
0.920,-0.864000,0.316000,-0.035000,8.031000,-1.298000,-48.702000,26.880000
0.932,-0.824000,0.282000,-0.026000,13.893000,3.214000,-47.664000,26.880000
0.941,-0.871000,0.305000,-0.016000,17.924000,8.626000,-40.809000,26.790000
0.951,-0.926000,0.338000,-0.001000,14.656000,6.626000,-37.802000,26.880000
0.959,-0.901000,0.322000,0.030000,13.595000,2.786000,-33.840000,26.930000
0.971,-1.004000,0.379000,0.036000,8.992000,0.885000,-26.489000,26.930000
0.983,-1.082000,0.400000,0.003000,2.504000,-14.611000,-31.221000,26.840000
0.991,-1.032000,0.340000,-0.015000,-2.092000,-19.053000,-36.977000,26.880000
1.002,-0.974000,0.312000,-0.017000,0.687000,-15.206000,-43.977000,26.880000
1.009,-0.907000,0.262000,-0.022000,4.824000,-13.298000,-47.817000,26.880000
1.021,-0.865000,0.240000,0.002000,11.069000,-3.031000,-49.977000,26.930000
1.033,-0.891000,0.256000,0.018000,13.092000,4.954000,-45.595000,26.930000
1.041,-0.932000,0.283000,0.028000,12.382000,6.878000,-40.031000,26.930000
1.053,-0.973000,0.285000,0.023000,10.000000,7.771000,-34.374000,26.930000
1.060,-0.990000,0.283000,0.006000,10.389000,5.511000,-34.435000,26.880000
1.072,-0.953000,0.238000,0.011000,13.565000,6.534000,-37.916000,26.980000
1.079,-0.957000,0.244000,0.024000,15.664000,8.206000,-39.656000,26.980000
1.093,-0.985000,0.248000,0.002000,14.466000,6.481000,-39.191000,27.020000
1.099,-0.961000,0.237000,-0.008000,14.550000,5.748000,-37.389000,26.840000
1.111,-0.979000,0.267000,-0.004000,11.687000,7.237000,-34.664000,26.840000
1.123,-0.987000,0.239000,-0.002000,10.519000,5.076000,-34.893000,26.980000
1.130,-0.946000,0.228000,0.013000,11.252000,9.458000,-33.832000,26.880000
1.143,-0.987000,0.259000,0.007000,6.519000,15.450000,-31.573000,26.880000
1.149,-0.985000,0.222000,-0.021000,4.389000,15.214000,-32.420000,26.880000
1.161,-0.975000,0.200000,-0.032000,4.244000,20.366000,-32.565000,26.880000
1.168,-1.024000,0.176000,-0.045000,4.885000,16.527000,-37.985000,26.930000
1.180,-0.998000,0.172000,-0.032000,10.702000,11.863000,-39.198000,26.930000
1.193,-1.062000,0.205000,-0.023000,11.198000,9.099000,-35.748000,26.980000
1.200,-1.080000,0.188000,-0.045000,9.649000,-0.252000,-37.420000,26.880000
1.212,-1.028000,0.174000,-0.050000,11.198000,2.084000,-34.893000,26.980000
1.219,-1.046000,0.188000,-0.055000,8.710000,3.313000,-36.443000,26.840000
1.231,-0.978000,0.134000,-0.077000,12.519000,3.275000,-42.229000,26.930000
1.243,-0.927000,0.131000,-0.037000,17.718000,11.878000,-40.214000,26.930000
1.251,-0.993000,0.134000,-0.052000,17.229000,10.153000,-40.740000,26.840000
1.263,-0.964000,0.121000,-0.020000,20.008000,5.977000,-38.855000,26.880000
1.269,-1.086000,0.181000,0.001000,15.015000,4.809000,-28.588000,26.880000
1.282,-1.226000,0.178000,0.000000,6.389000,-16.214000,-29.069000,26.980000
1.288,-1.167000,0.126000,-0.067000,5.321000,-27.466000,-25.710000,27.020000
1.301,-1.166000,0.133000,-0.097000,4.588000,-35.046000,-26.176000,26.930000
1.313,-1.102000,0.071000,-0.097000,7.710000,-49.282000,-28.313000,27.020000
1.319,-1.033000,0.067000,-0.089000,9.702000,-50.046000,-26.405000,26.980000
1.332,-1.021000,0.073000,-0.048000,11.618000,-61.031000,-34.771000,26.880000
1.338,-0.870000,0.062000,0.034000,10.511000,-54.176000,-35.733000,26.880000
1.351,-0.874000,0.074000,0.045000,8.550000,-41.183000,-32.115000,26.880000
1.363,-0.868000,0.031000,0.103000,12.840000,-35.198000,-27.672000,26.930000
1.370,-0.910000,0.094000,0.106000,11.000000,-19.374000,-20.664000,26.930000
1.382,-0.991000,0.083000,0.089000,5.092000,-20.237000,-27.718000,26.930000
1.389,-0.917000,0.083000,0.088000,8.099000,-13.672000,-27.435000,26.880000
1.402,-1.014000,0.076000,0.065000,7.733000,-9.229000,-30.550000,26.980000
1.413,-1.016000,0.047000,0.023000,11.183000,-18.000000,-36.458000,26.980000
1.420,-0.975000,0.063000,0.049000,17.267000,-12.092000,-37.481000,26.980000
1.432,-1.045000,0.089000,0.063000,15.145000,-17.908000,-45.557000,26.980000
1.441,-0.926000,0.098000,0.110000,12.290000,-12.969000,-47.481000,26.930000
1.452,-0.979000,0.127000,0.135000,5.176000,4.878000,-40.672000,26.930000
1.460,-1.017000,0.095000,0.071000,1.718000,7.221000,-44.763000,26.980000
1.471,-0.935000,0.033000,0.059000,4.786000,21.427000,-45.092000,26.980000
1.483,-1.029000,0.023000,0.031000,8.168000,30.557000,-46.275000,26.980000
1.491,-1.028000,-0.026000,-0.014000,12.000000,26.176000,-52.122000,26.930000
1.503,-1.027000,0.022000,0.019000,16.389000,34.786000,-49.168000,26.930000
1.510,-1.126000,0.027000,-0.016000,13.214000,25.267000,-52.168000,26.930000
1.521,-1.035000,-0.034000,-0.052000,17.435000,19.061000,-54.748000,26.930000
1.533,-1.024000,-0.024000,-0.016000,18.252000,21.626000,-55.817000,26.880000
1.542,-0.998000,-0.050000,-0.047000,16.885000,11.328000,-62.107000,26.980000
1.553,-0.848000,-0.118000,-0.034000,21.038000,9.687000,-62.832000,26.980000
1.561,-0.820000,-0.118000,-0.012000,25.573000,16.038000,-55.618000,26.930000
1.571,-0.870000,-0.117000,-0.007000,24.832000,13.206000,-51.748000,26.930000
1.583,-0.855000,-0.128000,0.049000,25.252000,15.359000,-43.542000,26.930000
1.591,-0.988000,-0.029000,0.070000,19.168000,16.901000,-31.000000,26.930000
1.603,-1.105000,0.000000,0.041000,5.924000,0.786000,-32.733000,26.980000
1.611,-1.026000,-0.067000,-0.007000,4.725000,-4.771000,-38.420000,27.070000
1.621,-1.050000,-0.066000,0.002000,2.695000,-9.344000,-44.519000,26.980000
1.628,-0.971000,-0.117000,-0.035000,5.641000,-15.076000,-54.664000,27.020000
1.641,-0.805000,-0.194000,0.011000,14.107000,-7.282000,-55.656000,26.930000
1.653,-0.769000,-0.190000,0.060000,20.740000,5.908000,-46.466000,26.930000
1.660,-0.835000,-0.178000,0.071000,22.618000,13.458000,-37.008000,26.930000
1.672,-0.978000,-0.120000,0.095000,16.611000,17.542000,-26.397000,26.880000
1.679,-1.131000,-0.055000,0.063000,5.771000,11.183000,-28.076000,26.980000
1.691,-1.102000,-0.110000,0.014000,-0.344000,2.672000,-41.786000,26.980000
1.703,-0.973000,-0.190000,0.016000,1.817000,1.924000,-54.573000,26.980000
1.711,-0.852000,-0.232000,-0.008000,8.206000,3.763000,-60.473000,27.020000
1.722,-0.732000,-0.284000,0.029000,18.183000,10.099000,-56.954000,27.020000
1.729,-0.799000,-0.223000,0.076000,17.130000,21.145000,-43.344000,26.980000
1.743,-0.961000,-0.204000,0.042000,13.382000,14.069000,-34.603000,26.790000
1.749,-1.049000,-0.145000,0.053000,5.672000,11.015000,-29.198000,26.980000
1.761,-1.118000,-0.133000,0.024000,-1.863000,1.519000,-36.702000,26.980000
1.773,-0.987000,-0.200000,0.007000,1.527000,-1.015000,-42.763000,27.020000
1.780,-0.908000,-0.214000,-0.001000,1.656000,7.733000,-46.031000,27.020000
1.793,-0.841000,-0.269000,-0.027000,7.145000,8.603000,-46.901000,27.020000
1.799,-0.806000,-0.280000,0.010000,13.748000,17.214000,-40.183000,26.980000
1.812,-0.942000,-0.254000,0.000000,13.038000,14.809000,-36.534000,26.880000
1.823,-0.968000,-0.265000,-0.009000,12.397000,6.221000,-33.656000,26.980000
1.830,-1.027000,-0.228000,0.003000,8.244000,5.183000,-29.420000,27.020000
1.843,-1.073000,-0.201000,-0.010000,0.664000,-3.237000,-33.939000,26.930000
1.850,-0.982000,-0.265000,-0.011000,0.718000,-3.496000,-36.397000,27.020000
1.862,-1.014000,-0.262000,-0.022000,1.336000,-1.328000,-37.427000,26.980000
1.867,-0.975000,-0.296000,-0.067000,5.603000,-4.489000,-41.893000,26.880000
1.880,-0.934000,-0.332000,-0.052000,16.206000,-0.160000,-41.481000,26.880000
1.893,-1.018000,-0.277000,-0.024000,17.878000,1.817000,-42.321000,27.070000
1.900,-0.982000,-0.298000,-0.024000,16.832000,0.260000,-46.366000,27.020000
1.911,-0.956000,-0.279000,0.039000,12.153000,12.580000,-45.832000,26.930000
1.918,-1.005000,-0.278000,-0.003000,6.908000,7.824000,-50.679000,26.930000
1.931,-0.933000,-0.346000,0.020000,6.687000,7.802000,-51.718000,26.980000
1.943,-0.874000,-0.351000,-0.010000,11.534000,10.977000,-50.840000,26.980000
1.950,-0.863000,-0.371000,-0.018000,12.473000,5.107000,-53.771000,26.980000
1.962,-0.820000,-0.416000,-0.024000,18.931000,5.634000,-48.664000,26.980000
1.968,-0.887000,-0.366000,0.008000,18.137000,4.023000,-44.412000,26.930000
1.981,-0.955000,-0.398000,-0.003000,17.725000,-4.718000,-40.359000,27.020000
1.993,-1.042000,-0.321000,-0.003000,13.573000,0.176000,-36.901000,26.980000
2.002,-1.123000,-0.289000,-0.016000,5.847000,-6.168000,-48.878000,26.980000
2.012,-0.997000,-0.358000,-0.029000,11.366000,-0.954000,-60.053000,27.070000
2.018,-0.990000,-0.415000,-0.094000,19.954000,8.305000,-70.641000,26.980000
2.031,-0.910000,-0.439000,-0.077000,27.443000,7.824000,-80.336000,27.020000
2.043,-0.785000,-0.499000,-0.053000,38.550000,16.244000,-78.244000,27.020000
2.051,-0.813000,-0.486000,-0.044000,39.550000,23.221000,-69.389000,27.020000
2.062,-0.844000,-0.482000,0.021000,37.427000,20.038000,-64.542000,26.980000
2.068,-0.929000,-0.440000,0.044000,29.328000,18.763000,-56.176000,26.980000
2.081,-0.996000,-0.420000,-0.026000,21.626000,6.832000,-59.466000,26.980000
2.093,-0.917000,-0.458000,-0.029000,22.878000,0.672000,-66.313000,26.980000
2.101,-0.817000,-0.503000,-0.025000,28.000000,0.466000,-75.519000,26.930000
2.112,-0.721000,-0.551000,0.009000,39.069000,4.733000,-80.145000,27.020000
2.119,-0.692000,-0.552000,0.055000,43.458000,14.191000,-78.748000,27.020000
2.131,-0.713000,-0.552000,0.072000,42.557000,17.473000,-73.443000,26.980000
2.143,-0.733000,-0.513000,0.101000,34.450000,23.389000,-66.847000,26.980000
2.151,-0.804000,-0.507000,0.113000,22.802000,19.817000,-65.053000,26.980000
2.163,-0.819000,-0.507000,0.061000,14.519000,13.962000,-62.466000,27.020000
2.169,-0.816000,-0.573000,-0.018000,12.763000,4.786000,-59.733000,26.930000
2.181,-0.801000,-0.567000,-0.004000,15.588000,0.458000,-54.695000,27.120000
2.193,-0.814000,-0.595000,-0.025000,16.321000,-2.015000,-56.504000,27.020000
2.202,-0.757000,-0.621000,-0.021000,19.336000,-1.145000,-57.641000,26.980000
2.213,-0.753000,-0.629000,0.015000,22.397000,4.031000,-58.076000,27.070000
2.219,-0.756000,-0.631000,0.004000,25.107000,3.092000,-60.313000,27.070000
2.231,-0.707000,-0.629000,-0.006000,29.702000,5.008000,-61.595000,27.070000
2.238,-0.737000,-0.632000,0.036000,30.733000,0.198000,-57.847000,27.020000
2.252,-0.806000,-0.610000,0.044000,27.687000,-7.397000,-56.015000,27.020000
2.263,-0.828000,-0.593000,0.054000,23.511000,-22.282000,-58.038000,26.980000
2.269,-0.829000,-0.619000,0.054000,24.359000,-30.947000,-57.046000,27.070000
2.281,-0.824000,-0.597000,0.034000,18.137000,-38.641000,-63.069000,26.980000
2.287,-0.693000,-0.630000,0.017000,19.298000,-47.511000,-70.198000,26.980000
2.300,-0.504000,-0.661000,0.024000,22.015000,-33.809000,-73.290000,27.020000
2.313,-0.400000,-0.693000,0.033000,28.137000,-23.405000,-71.298000,27.020000
2.319,-0.321000,-0.744000,0.063000,35.214000,-11.931000,-62.076000,26.930000
2.331,-0.372000,-0.702000,0.146000,32.214000,4.450000,-44.985000,27.070000
2.338,-0.498000,-0.686000,0.094000,29.015000,4.031000,-32.267000,27.070000
2.352,-0.559000,-0.701000,0.081000,24.313000,-1.618000,-19.092000,26.980000
2.363,-0.699000,-0.661000,0.030000,15.412000,-6.183000,-12.489000,27.020000
2.369,-0.736000,-0.665000,-0.003000,11.084000,-18.763000,-15.321000,27.020000
2.382,-0.699000,-0.700000,-0.023000,17.908000,-17.626000,-19.450000,27.020000
2.393,-0.693000,-0.683000,0.017000,22.786000,-11.053000,-24.977000,27.020000
2.402,-0.709000,-0.715000,0.069000,29.237000,-6.313000,-26.626000,26.880000
2.413,-0.757000,-0.668000,0.115000,26.122000,0.641000,-25.076000,27.070000
2.419,-0.801000,-0.702000,0.125000,25.504000,5.924000,-26.374000,27.070000
2.432,-0.833000,-0.696000,0.073000,21.626000,10.282000,-30.534000,27.020000
2.438,-0.887000,-0.697000,0.062000,16.939000,12.023000,-34.466000,26.930000
2.452,-0.904000,-0.708000,0.034000,17.786000,-2.046000,-42.252000,26.930000
2.463,-0.782000,-0.724000,0.039000,28.878000,-7.557000,-49.855000,26.980000
2.470,-0.704000,-0.698000,0.115000,33.687000,-6.305000,-57.076000,26.980000
2.482,-0.615000,-0.741000,0.168000,37.153000,-5.084000,-63.153000,26.980000
2.489,-0.511000,-0.732000,0.241000,39.924000,2.626000,-62.481000,26.980000
2.502,-0.533000,-0.736000,0.274000,35.802000,15.450000,-59.664000,27.070000
2.513,-0.562000,-0.740000,0.266000,34.015000,13.817000,-60.344000,27.020000
2.520,-0.593000,-0.758000,0.239000,29.649000,12.885000,-56.969000,27.120000
2.532,-0.544000,-0.740000,0.228000,23.084000,15.702000,-53.412000,27.070000
2.539,-0.541000,-0.752000,0.210000,21.336000,18.405000,-51.786000,27.070000
2.552,-0.469000,-0.775000,0.220000,19.924000,19.550000,-51.504000,26.980000
2.564,-0.438000,-0.781000,0.233000,20.710000,25.153000,-49.611000,27.120000
2.570,-0.484000,-0.776000,0.217000,20.221000,22.473000,-47.901000,27.020000
2.582,-0.454000,-0.799000,0.172000,15.855000,19.496000,-42.641000,27.120000
2.589,-0.488000,-0.813000,0.167000,14.832000,20.916000,-32.580000,27.120000
2.601,-0.558000,-0.827000,0.151000,11.115000,15.733000,-27.450000,27.070000
2.613,-0.590000,-0.805000,0.154000,9.107000,11.893000,-24.008000,26.980000
2.620,-0.631000,-0.790000,0.139000,6.527000,4.763000,-27.305000,26.980000
2.633,-0.595000,-0.785000,0.111000,1.985000,4.450000,-30.962000,26.930000
2.641,-0.512000,-0.808000,0.068000,4.733000,13.519000,-32.366000,27.120000
2.652,-0.548000,-0.815000,0.055000,5.092000,18.511000,-35.099000,27.020000
2.660,-0.521000,-0.841000,0.032000,11.840000,16.664000,-34.122000,26.980000
2.671,-0.502000,-0.826000,0.067000,16.336000,12.557000,-32.756000,27.070000
2.683,-0.471000,-0.823000,0.091000,20.649000,-3.962000,-31.237000,26.980000
2.692,-0.379000,-0.843000,0.121000,25.702000,-13.450000,-24.969000,26.980000
2.702,-0.334000,-0.844000,0.178000,29.313000,-18.763000,-14.931000,27.020000
2.710,-0.368000,-0.845000,0.210000,22.962000,-29.840000,-7.031000,27.120000
2.721,-0.338000,-0.801000,0.217000,15.824000,-33.412000,-1.443000,27.120000
2.733,-0.346000,-0.822000,0.289000,9.412000,-27.802000,-0.137000,27.070000
2.741,-0.332000,-0.836000,0.275000,8.008000,-19.328000,3.725000,27.070000
2.753,-0.419000,-0.834000,0.266000,8.198000,-5.916000,11.412000,26.980000
2.760,-0.589000,-0.847000,0.222000,3.031000,-0.450000,12.954000,27.170000
2.772,-0.690000,-0.867000,0.153000,-2.771000,-2.985000,11.641000,27.020000
2.778,-0.724000,-0.860000,0.113000,-1.519000,-6.687000,9.550000,27.120000
2.792,-0.684000,-0.868000,0.124000,3.290000,-12.649000,3.786000,27.070000
2.804,-0.617000,-0.837000,0.163000,6.282000,-13.855000,0.458000,27.070000
2.811,-0.575000,-0.827000,0.207000,9.099000,-16.313000,-3.176000,26.980000
2.823,-0.479000,-0.801000,0.254000,4.435000,-14.672000,-6.382000,27.120000
2.829,-0.399000,-0.835000,0.265000,3.992000,-3.000000,-5.328000,26.930000
2.843,-0.448000,-0.843000,0.276000,1.137000,3.901000,-2.939000,27.020000
2.849,-0.524000,-0.836000,0.247000,-3.893000,-0.756000,-2.183000,27.120000
2.861,-0.511000,-0.826000,0.239000,-6.252000,-5.527000,-2.710000,27.070000
2.873,-0.467000,-0.821000,0.217000,-1.718000,-8.412000,1.237000,27.070000
2.880,-0.457000,-0.808000,0.203000,1.748000,-14.542000,5.244000,27.070000
2.893,-0.448000,-0.821000,0.189000,3.183000,-25.679000,8.649000,26.930000
2.900,-0.450000,-0.850000,0.211000,7.000000,-33.015000,12.725000,27.120000
2.913,-0.513000,-0.810000,0.215000,-0.214000,-35.382000,13.076000,27.020000
2.918,-0.524000,-0.829000,0.184000,-4.412000,-33.076000,13.122000,27.170000
2.931,-0.499000,-0.807000,0.181000,-7.137000,-18.947000,11.191000,27.070000
2.943,-0.497000,-0.827000,0.164000,-2.168000,-1.802000,6.313000,27.070000
2.952,-0.514000,-0.819000,0.154000,-1.145000,13.664000,0.870000,27.020000
2.963,-0.531000,-0.838000,0.115000,0.740000,22.168000,-2.244000,27.020000
2.969,-0.547000,-0.866000,0.102000,2.580000,22.313000,-2.023000,27.120000
2.982,-0.579000,-0.849000,0.094000,2.763000,14.840000,0.534000,27.020000
2.991,-0.552000,-0.851000,0.092000,2.695000,1.649000,2.740000,26.980000
3.002,-0.503000,-0.839000,0.143000,3.603000,-5.107000,4.725000,26.980000
3.011,-0.491000,-0.808000,0.205000,2.466000,-12.473000,3.351000,27.070000
3.021,-0.443000,-0.785000,0.259000,-0.511000,-13.282000,2.412000,27.070000
3.033,-0.388000,-0.790000,0.276000,-0.351000,-9.183000,1.389000,27.120000
3.042,-0.353000,-0.792000,0.312000,-0.817000,-1.695000,4.756000,27.020000
3.053,-0.357000,-0.786000,0.292000,-5.718000,6.626000,9.611000,27.070000
3.061,-0.333000,-0.798000,0.280000,-7.832000,10.702000,14.718000,27.070000
3.072,-0.368000,-0.812000,0.277000,-11.031000,9.855000,21.588000,27.170000
3.078,-0.430000,-0.797000,0.268000,-15.145000,-1.084000,30.099000,27.020000
3.091,-0.446000,-0.809000,0.282000,-15.748000,-19.832000,38.809000,27.120000
3.103,-0.437000,-0.796000,0.329000,-16.725000,-37.290000,46.939000,27.020000
3.110,-0.443000,-0.755000,0.355000,-17.298000,-53.435000,52.427000,27.020000
3.122,-0.424000,-0.749000,0.362000,-16.115000,-68.672000,52.687000,27.070000
3.128,-0.344000,-0.713000,0.402000,-18.328000,-73.969000,51.084000,27.070000
3.141,-0.312000,-0.734000,0.372000,-17.534000,-66.351000,54.298000,27.170000
3.153,-0.350000,-0.772000,0.313000,-19.511000,-58.260000,57.496000,27.120000
3.161,-0.453000,-0.773000,0.289000,-26.313000,-53.244000,62.046000,27.120000
3.171,-0.526000,-0.795000,0.229000,-28.298000,-55.595000,64.656000,27.020000
3.183,-0.510000,-0.772000,0.206000,-29.435000,-50.885000,68.038000,27.120000
3.192,-0.490000,-0.751000,0.210000,-31.931000,-44.710000,68.794000,27.070000
3.202,-0.406000,-0.746000,0.173000,-32.321000,-32.351000,71.450000,27.070000
3.210,-0.364000,-0.754000,0.170000,-31.206000,-15.534000,76.924000,27.170000
3.221,-0.372000,-0.762000,0.133000,-31.084000,-3.649000,82.931000,27.120000
3.233,-0.408000,-0.765000,0.113000,-30.901000,6.939000,90.130000,27.020000
3.241,-0.461000,-0.724000,0.090000,-31.160000,14.420000,95.672000,27.120000
3.253,-0.586000,-0.707000,0.076000,-31.130000,12.550000,98.847000,27.020000
3.260,-0.695000,-0.655000,0.095000,-31.229000,-0.176000,95.519000,27.170000
3.271,-0.723000,-0.638000,0.128000,-36.473000,-14.221000,91.443000,27.070000
3.283,-0.701000,-0.634000,0.126000,-38.336000,-16.863000,88.374000,27.070000
3.291,-0.697000,-0.639000,0.161000,-38.611000,-17.374000,83.977000,27.170000
3.302,-0.662000,-0.615000,0.186000,-43.198000,-10.771000,80.802000,27.020000
3.310,-0.677000,-0.665000,0.177000,-41.573000,-3.298000,82.198000,27.120000
3.321,-0.699000,-0.660000,0.166000,-40.382000,13.046000,86.595000,27.070000
3.333,-0.712000,-0.634000,0.169000,-39.107000,29.702000,91.985000,26.980000
3.341,-0.749000,-0.622000,0.176000,-36.756000,45.153000,97.107000,27.070000
3.353,-0.795000,-0.597000,0.217000,-35.466000,50.260000,95.740000,27.070000
3.366,-0.823000,-0.547000,0.232000,-39.015000,52.794000,92.924000,27.020000
3.371,-0.804000,-0.613000,0.198000,-33.908000,57.275000,90.794000,27.120000
3.377,-0.896000,-0.564000,0.193000,-36.069000,61.870000,89.649000,27.120000
3.392,-0.977000,-0.547000,0.143000,-42.122000,48.916000,88.031000,27.170000
3.403,-0.946000,-0.556000,0.084000,-43.641000,41.000000,89.000000,27.070000
3.410,-0.959000,-0.552000,0.071000,-46.977000,32.954000,86.176000,27.070000
3.422,-0.900000,-0.560000,0.039000,-46.229000,22.893000,81.374000,27.120000
3.428,-0.849000,-0.577000,0.016000,-36.931000,23.076000,81.443000,27.120000
3.441,-0.904000,-0.545000,0.021000,-34.527000,24.794000,84.008000,27.020000
3.453,-0.961000,-0.508000,-0.009000,-34.321000,13.511000,82.153000,27.170000
3.461,-0.938000,-0.491000,-0.025000,-31.038000,2.153000,79.550000,27.070000
3.472,-0.912000,-0.471000,-0.017000,-28.023000,-4.359000,78.084000,27.070000
3.477,-0.905000,-0.467000,-0.021000,-25.641000,-13.794000,75.511000,27.070000
3.492,-0.835000,-0.449000,0.015000,-22.718000,-21.802000,73.664000,27.120000
3.503,-0.798000,-0.435000,0.045000,-23.985000,-23.359000,72.580000,27.120000
3.511,-0.769000,-0.430000,0.050000,-25.809000,-24.893000,71.412000,27.120000
3.521,-0.725000,-0.457000,0.061000,-19.763000,-20.427000,73.000000,27.070000
3.533,-0.742000,-0.392000,0.088000,-21.626000,-9.901000,75.870000,27.070000
3.541,-0.793000,-0.387000,0.079000,-24.298000,-8.221000,78.198000,27.070000
3.552,-0.784000,-0.380000,0.077000,-26.420000,0.282000,83.290000,27.170000
3.560,-0.849000,-0.346000,0.056000,-30.885000,5.595000,87.443000,26.980000
3.572,-0.883000,-0.327000,0.031000,-34.069000,3.092000,87.901000,27.120000
3.578,-0.889000,-0.317000,0.013000,-35.756000,0.695000,82.786000,27.120000
3.591,-0.850000,-0.332000,-0.023000,-33.160000,0.908000,71.443000,27.070000
3.603,-0.749000,-0.374000,-0.010000,-22.664000,4.893000,63.725000,27.170000
3.610,-0.698000,-0.357000,0.027000,-12.511000,17.824000,62.313000,27.070000
3.622,-0.709000,-0.339000,0.036000,-5.366000,24.908000,65.962000,27.120000
3.629,-0.731000,-0.303000,0.060000,-4.160000,33.053000,75.267000,27.120000
3.642,-0.824000,-0.253000,0.083000,-8.672000,30.939000,83.687000,27.120000
3.654,-0.914000,-0.201000,0.060000,-18.725000,21.809000,88.511000,27.120000
3.660,-0.944000,-0.179000,0.021000,-29.504000,9.130000,88.534000,27.170000
3.672,-0.933000,-0.176000,-0.009000,-37.809000,-2.481000,83.328000,27.070000
3.679,-0.864000,-0.253000,-0.048000,-37.779000,-13.695000,74.771000,27.170000
3.692,-0.748000,-0.268000,-0.030000,-29.145000,-8.695000,77.282000,27.210000
3.703,-0.757000,-0.226000,-0.019000,-22.130000,2.260000,84.229000,27.020000
3.710,-0.795000,-0.206000,0.005000,-16.611000,10.252000,90.183000,27.120000
3.722,-0.878000,-0.125000,0.059000,-18.412000,21.916000,96.809000,27.170000
3.729,-1.036000,-0.057000,0.028000,-26.198000,17.359000,99.580000,27.170000
3.743,-1.118000,-0.037000,-0.015000,-31.985000,4.183000,94.489000,27.170000
3.754,-1.101000,-0.042000,-0.042000,-35.435000,-7.786000,83.817000,27.070000
3.760,-0.996000,-0.140000,-0.053000,-41.229000,-22.305000,66.748000,27.120000
3.772,-0.800000,-0.188000,-0.133000,-19.145000,-20.427000,79.870000,27.120000
3.779,-0.806000,-0.156000,-0.041000,-4.221000,0.405000,84.458000,27.020000
3.792,-0.809000,-0.096000,0.014000,2.405000,17.015000,95.489000,27.070000
3.797,-0.907000,0.017000,0.010000,2.733000,37.679000,102.832000,27.070000
3.811,-0.994000,0.071000,-0.009000,-2.664000,49.893000,100.450000,27.170000
3.823,-1.062000,0.086000,-0.040000,-7.420000,50.076000,89.206000,27.170000
3.829,-1.072000,0.046000,-0.093000,-9.527000,39.985000,73.893000,27.170000
3.843,-0.995000,0.046000,-0.085000,-9.405000,29.542000,62.099000,27.120000
3.849,-0.884000,-0.073000,-0.087000,3.382000,17.565000,59.947000,27.210000
3.861,-0.786000,-0.008000,-0.020000,14.115000,30.305000,73.412000,27.170000
3.873,-0.923000,0.061000,0.034000,12.695000,31.344000,87.000000,27.070000
3.880,-1.039000,0.162000,0.058000,6.565000,28.000000,104.641000,27.070000
3.893,-1.300000,0.303000,0.048000,-18.305000,17.931000,116.183000,27.120000
3.899,-1.496000,0.338000,-0.029000,-39.015000,-12.687000,107.519000,27.120000
3.911,-1.540000,0.325000,-0.079000,-54.038000,-40.313000,88.832000,27.120000
3.923,-1.489000,0.232000,-0.116000,-61.130000,-75.763000,62.863000,27.070000
3.930,-1.196000,0.035000,-0.163000,-47.313000,-95.130000,38.534000,27.170000
3.943,-0.829000,0.001000,-0.072000,-19.038000,-63.511000,34.382000,27.170000
3.949,-0.792000,0.069000,0.060000,-6.145000,-26.527000,42.718000,27.170000
3.961,-0.823000,0.084000,0.047000,-2.626000,-2.595000,47.443000,27.210000
3.968,-0.882000,0.135000,0.052000,-2.359000,19.710000,52.069000,27.120000
3.980,-0.965000,0.165000,0.030000,-8.962000,20.542000,50.733000,27.020000
3.993,-1.030000,0.152000,-0.021000,-16.397000,3.038000,47.427000,27.170000
4.000,-0.979000,0.079000,-0.087000,-11.038000,-20.427000,36.702000,27.070000
4.012,-0.789000,0.018000,-0.058000,1.962000,-21.107000,33.565000,27.070000
4.019,-0.682000,0.038000,0.021000,13.832000,-11.649000,39.504000,27.120000
4.031,-0.695000,0.153000,0.035000,19.084000,2.298000,52.061000,27.210000
4.038,-0.833000,0.286000,0.117000,-3.450000,4.840000,62.710000,27.120000
4.052,-1.004000,0.367000,0.126000,-25.160000,-2.420000,70.015000,27.170000
4.063,-1.157000,0.357000,0.018000,-44.351000,-19.244000,69.214000,27.170000
4.069,-1.164000,0.323000,-0.042000,-54.649000,-47.176000,59.221000,27.170000
4.082,-1.017000,0.206000,-0.110000,-46.351000,-67.115000,50.618000,27.170000
4.088,-0.838000,0.165000,-0.052000,-32.107000,-73.435000,50.412000,27.170000
4.102,-0.680000,0.105000,-0.044000,-13.870000,-69.137000,59.221000,27.120000
4.113,-0.613000,0.204000,0.035000,2.099000,-39.695000,79.557000,27.120000
4.120,-0.815000,0.403000,0.151000,-1.183000,-7.076000,101.084000,27.170000
4.132,-1.138000,0.525000,0.141000,-17.382000,-1.840000,108.435000,27.070000
4.138,-1.359000,0.585000,0.064000,-34.275000,-12.458000,98.076000,27.170000
4.153,-1.405000,0.554000,0.012000,-43.992000,-38.412000,74.992000,27.120000
4.163,-1.238000,0.430000,-0.064000,-39.573000,-69.137000,50.924000,27.120000
4.169,-0.951000,0.284000,-0.048000,-16.924000,-71.374000,39.466000,27.120000
4.182,-0.740000,0.260000,0.027000,5.931000,-55.328000,43.069000,27.170000
4.189,-0.671000,0.373000,0.121000,26.092000,-24.206000,59.298000,27.260000
4.202,-0.849000,0.480000,0.192000,24.901000,9.634000,77.832000,27.170000
4.210,-1.017000,0.561000,0.216000,11.634000,19.985000,80.901000,27.070000
4.220,-1.122000,0.569000,0.170000,0.580000,19.000000,75.786000,27.020000
4.233,-1.141000,0.532000,0.132000,-5.191000,8.809000,64.389000,27.120000
4.242,-1.029000,0.440000,0.111000,-4.092000,0.870000,51.557000,27.120000
4.253,-0.890000,0.385000,0.114000,4.687000,3.466000,46.298000,27.170000
4.262,-0.833000,0.353000,0.137000,9.550000,2.550000,42.695000,27.170000
4.272,-0.712000,0.353000,0.128000,11.794000,9.427000,48.153000,27.170000
4.279,-0.659000,0.376000,0.164000,11.366000,27.969000,53.588000,27.210000
4.293,-0.679000,0.399000,0.196000,6.160000,39.718000,58.947000,27.120000
4.299,-0.740000,0.434000,0.177000,0.122000,40.176000,63.771000,27.210000
4.311,-0.839000,0.468000,0.127000,-6.931000,28.008000,67.771000,27.170000
4.323,-0.938000,0.508000,0.068000,-10.511000,4.679000,71.954000,27.070000
4.330,-1.046000,0.579000,0.043000,-15.099000,-23.817000,74.511000,27.170000
4.343,-1.125000,0.631000,0.039000,-16.863000,-52.336000,71.733000,27.170000
4.350,-1.124000,0.662000,0.046000,-23.405000,-77.313000,65.695000,27.070000
4.361,-0.975000,0.639000,0.056000,-23.748000,-85.824000,58.908000,27.120000
4.368,-0.853000,0.629000,0.118000,-23.107000,-72.611000,57.771000,27.120000
4.380,-0.792000,0.586000,0.154000,-19.229000,-59.710000,54.626000,27.170000
4.393,-0.720000,0.587000,0.156000,-11.725000,-37.076000,55.527000,27.170000
4.401,-0.741000,0.573000,0.156000,-4.084000,-21.450000,56.931000,27.170000
4.412,-0.697000,0.554000,0.149000,6.420000,-5.702000,60.099000,27.120000
4.419,-0.730000,0.633000,0.170000,12.771000,17.405000,68.137000,27.120000
4.431,-0.755000,0.669000,0.214000,14.420000,28.267000,68.473000,27.210000
4.438,-0.736000,0.697000,0.231000,9.901000,38.328000,67.214000,27.170000
4.452,-0.691000,0.706000,0.174000,2.191000,43.954000,60.672000,27.070000
4.463,-0.604000,0.612000,0.092000,5.351000,51.260000,60.313000,27.170000
4.470,-0.482000,0.569000,0.122000,11.015000,65.000000,61.718000,27.120000
4.483,-0.446000,0.554000,0.125000,16.916000,78.740000,73.656000,27.120000
4.492,-0.493000,0.645000,0.188000,14.221000,87.069000,87.305000,27.210000
4.502,-0.601000,0.708000,0.200000,1.618000,80.718000,97.443000,27.170000
4.510,-0.709000,0.746000,0.145000,-6.000000,69.282000,106.634000,27.170000
4.521,-0.868000,0.785000,0.107000,-16.015000,52.679000,103.863000,27.170000
4.533,-0.953000,0.779000,0.090000,-27.733000,28.481000,98.771000,27.120000
4.542,-0.993000,0.756000,0.028000,-36.405000,5.023000,89.527000,27.120000
4.553,-0.975000,0.728000,-0.013000,-37.038000,-11.939000,77.481000,27.120000
4.559,-0.859000,0.673000,-0.033000,-28.534000,-18.687000,68.282000,27.120000
4.571,-0.726000,0.704000,-0.019000,-19.145000,-5.931000,64.718000,27.170000
4.579,-0.709000,0.729000,0.015000,-12.008000,5.542000,64.656000,27.070000
4.592,-0.727000,0.746000,0.040000,-5.336000,8.908000,62.206000,27.170000
4.603,-0.691000,0.821000,0.080000,-4.275000,17.679000,60.748000,27.070000
4.611,-0.720000,0.795000,0.091000,-6.878000,22.969000,57.458000,27.210000
4.622,-0.714000,0.777000,0.082000,-8.931000,20.565000,53.573000,27.210000
4.629,-0.702000,0.763000,0.074000,-10.832000,13.244000,47.427000,27.170000
4.643,-0.594000,0.700000,0.095000,-8.397000,2.107000,50.321000,27.170000
4.650,-0.533000,0.755000,0.103000,0.099000,5.153000,62.344000,27.170000
4.662,-0.555000,0.807000,0.151000,3.924000,2.496000,72.206000,27.120000
4.668,-0.609000,0.910000,0.178000,-4.130000,4.481000,86.733000,27.210000
4.680,-0.747000,0.957000,0.175000,-18.168000,-5.046000,91.122000,27.120000
4.693,-0.805000,0.948000,0.106000,-24.496000,-15.733000,87.611000,27.170000
4.702,-0.846000,0.916000,0.125000,-31.924000,-23.252000,75.519000,27.170000
4.712,-0.778000,0.871000,0.083000,-32.641000,-28.061000,60.527000,27.170000
4.718,-0.640000,0.813000,0.076000,-30.611000,-18.107000,48.443000,27.120000
4.731,-0.537000,0.826000,0.082000,-27.641000,3.901000,45.702000,27.120000
4.744,-0.563000,0.870000,0.105000,-29.336000,15.779000,47.496000,27.120000
4.753,-0.590000,0.898000,0.103000,-35.412000,19.466000,48.672000,27.210000
4.763,-0.597000,0.880000,0.030000,-37.351000,18.046000,52.336000,27.260000
4.769,-0.646000,0.861000,-0.005000,-38.710000,15.298000,53.382000,27.170000
4.781,-0.648000,0.851000,-0.013000,-37.099000,10.481000,50.092000,27.260000
4.788,-0.608000,0.850000,-0.012000,-35.847000,2.611000,46.786000,27.210000
4.802,-0.549000,0.825000,-0.001000,-31.924000,-6.344000,41.107000,27.210000
4.813,-0.483000,0.857000,0.052000,-26.405000,-6.534000,38.855000,27.210000
4.819,-0.456000,0.877000,0.098000,-20.298000,-9.550000,39.618000,27.260000
4.832,-0.445000,0.898000,0.115000,-13.153000,-11.794000,43.664000,27.260000
4.839,-0.479000,0.918000,0.149000,-8.710000,-15.985000,47.275000,27.170000
4.852,-0.533000,0.906000,0.157000,-7.458000,-22.160000,48.092000,27.260000
4.863,-0.540000,0.894000,0.190000,-5.962000,-27.473000,43.443000,27.210000
4.870,-0.509000,0.881000,0.233000,-3.618000,-29.931000,38.786000,27.210000
4.883,-0.455000,0.868000,0.260000,1.282000,-29.191000,34.916000,27.260000
4.894,-0.418000,0.874000,0.287000,3.916000,-25.145000,32.588000,27.170000
4.903,-0.374000,0.886000,0.300000,6.137000,-15.397000,35.282000,27.070000
4.909,-0.401000,0.914000,0.344000,0.901000,-4.092000,41.260000,27.120000
4.921,-0.454000,0.926000,0.323000,-6.412000,2.771000,47.221000,27.210000
4.928,-0.524000,0.905000,0.292000,-10.924000,3.435000,50.947000,27.210000
4.942,-0.564000,0.887000,0.269000,-12.092000,1.191000,50.374000,27.170000
4.953,-0.567000,0.903000,0.257000,-16.229000,-4.916000,44.053000,27.170000
4.962,-0.507000,0.883000,0.230000,-18.260000,-13.779000,39.076000,27.170000
4.972,-0.406000,0.894000,0.222000,-20.824000,-10.305000,37.908000,27.310000
4.979,-0.347000,0.888000,0.263000,-20.527000,-2.107000,41.473000,27.210000
4.992,-0.334000,0.911000,0.258000,-23.939000,9.053000,48.611000,27.210000
5.004,-0.409000,0.927000,0.230000,-28.847000,13.290000,54.847000,27.260000
5.011,-0.461000,0.958000,0.207000,-34.542000,12.977000,53.198000,27.170000
5.023,-0.525000,0.949000,0.167000,-37.038000,12.466000,47.817000,27.170000
5.029,-0.531000,0.914000,0.081000,-33.595000,9.458000,40.901000,27.210000
5.043,-0.575000,0.941000,0.100000,-31.672000,-0.107000,28.489000,27.210000
5.049,-0.533000,0.912000,0.111000,-23.481000,-5.489000,16.847000,27.210000
5.061,-0.459000,0.912000,0.136000,-14.947000,-6.405000,10.863000,27.170000
5.073,-0.383000,0.911000,0.175000,-9.374000,-3.817000,8.557000,27.170000
5.082,-0.322000,0.928000,0.229000,-7.916000,3.160000,10.069000,27.170000
5.093,-0.300000,0.923000,0.242000,-8.359000,8.496000,11.336000,27.170000
5.100,-0.296000,0.899000,0.218000,-7.824000,10.420000,12.733000,27.170000
5.112,-0.330000,0.912000,0.204000,-6.679000,7.725000,11.397000,27.210000
5.119,-0.348000,0.918000,0.207000,-7.901000,1.359000,8.603000,27.210000
5.132,-0.302000,0.914000,0.204000,-7.298000,-3.000000,5.695000,27.260000
5.139,-0.266000,0.920000,0.242000,-7.962000,-4.664000,6.832000,27.260000
5.152,-0.244000,0.898000,0.229000,-17.229000,-12.038000,4.992000,27.170000
5.159,-0.220000,0.883000,0.216000,-6.733000,-13.947000,9.366000,27.210000
5.171,-0.209000,0.878000,0.223000,0.206000,-15.069000,17.344000,27.210000
5.183,-0.210000,0.896000,0.247000,2.450000,-16.748000,22.267000,27.210000
5.192,-0.266000,0.909000,0.256000,1.527000,-29.618000,28.115000,27.260000
5.203,-0.228000,0.934000,0.209000,-0.405000,-22.580000,35.580000,27.070000
5.210,-0.187000,0.973000,0.278000,-10.084000,-6.122000,46.412000,27.260000
5.221,-0.287000,0.961000,0.269000,-17.954000,-12.908000,46.641000,27.210000
5.227,-0.312000,0.982000,0.276000,-15.282000,-4.000000,51.000000,27.210000
5.242,-0.378000,0.980000,0.255000,-20.366000,0.252000,50.618000,27.210000
5.253,-0.397000,0.982000,0.243000,-21.840000,-0.779000,45.389000,27.170000
5.262,-0.397000,0.979000,0.254000,-24.771000,-6.756000,40.305000,27.170000
5.272,-0.391000,0.940000,0.235000,-23.137000,-2.290000,33.389000,27.170000
5.279,-0.344000,0.951000,0.173000,-20.115000,-1.359000,31.924000,27.210000
5.292,-0.326000,0.949000,0.224000,-20.473000,-0.061000,32.191000,27.210000
5.303,-0.334000,0.920000,0.206000,-18.695000,-3.687000,30.336000,27.210000
5.311,-0.306000,0.914000,0.230000,-11.847000,-7.664000,28.695000,27.310000
5.323,-0.302000,0.921000,0.275000,-7.847000,-8.008000,26.824000,27.260000
5.330,-0.306000,0.934000,0.309000,-6.779000,-10.710000,21.351000,27.170000
5.342,-0.307000,0.942000,0.316000,-6.130000,-12.870000,14.076000,27.260000
5.349,-0.304000,0.947000,0.326000,-6.924000,-12.802000,9.939000,27.260000
5.362,-0.285000,0.938000,0.321000,-7.328000,-11.947000,8.008000,27.210000
5.373,-0.293000,0.940000,0.304000,-9.397000,-12.588000,5.412000,27.210000
5.380,-0.280000,0.919000,0.290000,-10.137000,-13.885000,3.183000,27.260000
5.393,-0.232000,0.931000,0.313000,-10.435000,-10.313000,2.573000,27.170000
5.401,-0.240000,0.923000,0.336000,-10.748000,-7.840000,1.313000,27.260000
5.412,-0.228000,0.925000,0.330000,-10.618000,-6.580000,-0.702000,27.310000
5.419,-0.224000,0.931000,0.337000,-9.763000,-2.389000,-0.718000,27.210000
5.431,-0.217000,0.930000,0.333000,-9.252000,2.802000,1.527000,27.210000
5.438,-0.253000,0.918000,0.324000,-9.122000,4.641000,3.237000,27.260000
5.452,-0.273000,0.919000,0.306000,-10.046000,4.771000,1.939000,27.260000
5.463,-0.260000,0.911000,0.286000,-10.076000,5.282000,0.519000,27.260000
5.470,-0.271000,0.917000,0.288000,-7.489000,5.069000,2.076000,27.210000
5.483,-0.292000,0.923000,0.282000,-7.794000,2.198000,2.115000,27.210000
5.491,-0.270000,0.913000,0.268000,-7.053000,-1.053000,-1.481000,27.210000
5.503,-0.208000,0.928000,0.302000,-5.977000,2.076000,-2.130000,27.170000
5.510,-0.201000,0.922000,0.309000,-6.153000,5.924000,-0.267000,27.260000
5.522,-0.237000,0.909000,0.296000,-5.947000,4.366000,0.847000,27.170000
5.529,-0.243000,0.903000,0.275000,-5.954000,1.580000,0.771000,27.260000
5.544,-0.237000,0.912000,0.281000,-6.908000,-1.840000,0.947000,27.210000
5.549,-0.227000,0.898000,0.292000,-5.298000,-9.137000,3.817000,27.310000
5.561,-0.208000,0.892000,0.260000,-1.168000,-13.695000,11.618000,27.210000
5.573,-0.234000,0.904000,0.256000,1.565000,-16.847000,16.313000,27.260000
5.580,-0.229000,0.917000,0.254000,0.313000,-19.725000,14.008000,27.260000
5.593,-0.216000,0.927000,0.282000,-3.153000,-20.275000,10.878000,27.260000
5.601,-0.222000,0.926000,0.286000,-6.298000,-19.695000,5.656000,27.260000
5.612,-0.203000,0.915000,0.298000,-7.641000,-17.420000,-0.702000,27.210000
5.618,-0.168000,0.914000,0.308000,-5.771000,-12.611000,-4.985000,27.310000
5.631,-0.156000,0.918000,0.307000,-5.374000,-4.641000,-6.824000,27.260000
5.643,-0.149000,0.911000,0.324000,-5.076000,0.969000,-8.458000,27.170000
5.651,-0.151000,0.910000,0.323000,-5.183000,6.809000,-4.206000,27.260000
5.663,-0.189000,0.919000,0.305000,-2.305000,8.802000,1.336000,27.210000
5.670,-0.238000,0.932000,0.294000,-1.321000,6.840000,4.863000,27.210000
5.683,-0.271000,0.930000,0.304000,-2.321000,4.130000,3.313000,27.210000
5.691,-0.266000,0.926000,0.288000,-2.092000,0.656000,-0.389000,27.170000
5.703,-0.258000,0.912000,0.282000,-0.076000,-0.763000,-3.321000,27.260000
5.712,-0.230000,0.918000,0.298000,1.221000,0.328000,-5.794000,27.260000
5.722,-0.201000,0.910000,0.314000,3.198000,2.359000,-5.901000,27.120000
5.729,-0.198000,0.923000,0.321000,3.031000,1.611000,-4.550000,27.310000
5.743,-0.194000,0.925000,0.320000,5.466000,1.084000,0.740000,27.210000
5.750,-0.213000,0.936000,0.344000,3.649000,-0.985000,3.122000,27.260000
5.762,-0.230000,0.935000,0.341000,0.374000,-4.450000,2.573000,27.170000
5.767,-0.246000,0.927000,0.333000,-1.573000,-10.229000,0.817000,27.350000
5.780,-0.268000,0.908000,0.321000,-3.321000,-14.099000,-1.863000,27.210000
5.793,-0.250000,0.894000,0.326000,-2.115000,-15.176000,-3.321000,27.210000
5.800,-0.224000,0.892000,0.321000,1.603000,-12.779000,-2.908000,27.210000
5.812,-0.233000,0.879000,0.344000,2.641000,-10.206000,-4.496000,27.350000
5.819,-0.214000,0.884000,0.339000,3.702000,-7.733000,-5.885000,27.260000
5.831,-0.194000,0.909000,0.346000,3.214000,-2.687000,-6.221000,27.170000
5.838,-0.188000,0.917000,0.371000,2.000000,3.336000,-2.740000,27.260000
5.852,-0.234000,0.912000,0.343000,-0.351000,4.366000,-1.710000,27.350000
5.858,-0.238000,0.924000,0.342000,-3.588000,3.481000,-3.328000,27.210000
5.870,-0.237000,0.908000,0.323000,-4.221000,2.573000,-3.107000,27.310000
5.883,-0.225000,0.907000,0.321000,-4.008000,1.282000,-4.244000,27.260000
5.892,-0.214000,0.907000,0.320000,-3.450000,1.160000,-5.962000,27.260000
5.903,-0.199000,0.903000,0.312000,-3.695000,1.733000,-7.420000,27.260000
5.911,-0.194000,0.895000,0.313000,-2.618000,1.168000,-7.870000,27.310000
5.922,-0.195000,0.904000,0.313000,-1.611000,1.527000,-7.046000,27.210000
5.929,-0.203000,0.917000,0.321000,-1.870000,-0.275000,-6.420000,27.210000
5.942,-0.199000,0.913000,0.319000,-4.069000,-2.863000,-6.221000,27.260000
5.948,-0.202000,0.910000,0.313000,-5.435000,-3.840000,-5.870000,27.260000
5.961,-0.184000,0.905000,0.309000,-0.855000,-4.046000,-1.924000,27.260000
5.973,-0.188000,0.917000,0.328000,-0.359000,-0.725000,1.840000,27.210000
5.980,-0.222000,0.904000,0.323000,-1.641000,-0.374000,0.878000,27.310000
5.993,-0.219000,0.903000,0.306000,-1.443000,-0.115000,-0.366000,27.210000
6.000,-0.220000,0.905000,0.304000,-1.023000,0.817000,-1.046000,27.260000
6.012,-0.213000,0.897000,0.323000,-0.824000,0.351000,-1.489000,27.260000
6.019,-0.220000,0.907000,0.310000,-0.870000,0.191000,0.420000,27.260000
6.032,-0.233000,0.908000,0.311000,-1.115000,-0.588000,1.473000,27.260000
6.039,-0.248000,0.905000,0.323000,-1.595000,-2.893000,0.099000,27.210000
6.052,-0.229000,0.913000,0.324000,-1.748000,-3.710000,-0.481000,27.310000
6.064,-0.225000,0.919000,0.324000,-2.176000,-3.397000,0.298000,27.310000
6.070,-0.231000,0.906000,0.323000,-1.779000,-4.374000,-1.206000,27.260000
6.083,-0.213000,0.898000,0.320000,-1.099000,-4.084000,-1.664000,27.260000
6.094,-0.216000,0.894000,0.325000,-0.565000,-4.344000,-0.794000,27.260000
6.102,-0.215000,0.898000,0.329000,0.069000,-3.992000,-0.191000,27.260000
6.110,-0.214000,0.914000,0.326000,-0.305000,-2.099000,2.107000,27.210000
6.122,-0.249000,0.908000,0.327000,-1.130000,-2.832000,2.969000,27.310000
6.129,-0.251000,0.911000,0.319000,-0.130000,-3.473000,1.763000,27.260000
6.142,-0.253000,0.913000,0.335000,-0.290000,-3.351000,0.137000,27.260000
6.149,-0.261000,0.913000,0.315000,-0.695000,-3.733000,-1.573000,27.260000
6.161,-0.248000,0.914000,0.317000,-0.855000,-4.130000,-3.763000,27.210000
6.173,-0.249000,0.909000,0.314000,-0.649000,-5.679000,-3.603000,27.210000
6.180,-0.257000,0.914000,0.315000,0.374000,-6.893000,-2.473000,27.310000
6.193,-0.272000,0.904000,0.330000,-0.198000,-10.939000,-3.618000,27.310000
6.200,-0.260000,0.902000,0.325000,-1.038000,-13.412000,-4.779000,27.260000
6.212,-0.254000,0.906000,0.336000,-1.763000,-14.420000,-4.008000,27.260000
6.218,-0.258000,0.909000,0.345000,-2.107000,-15.176000,-5.198000,27.260000
6.230,-0.253000,0.909000,0.345000,-2.779000,-14.153000,-6.252000,27.310000
6.244,-0.234000,0.898000,0.336000,-1.878000,-10.397000,-6.443000,27.210000
6.250,-0.240000,0.891000,0.346000,0.534000,-6.397000,-5.664000,27.210000
6.262,-0.243000,0.887000,0.334000,2.847000,-5.137000,-6.382000,27.260000
6.269,-0.246000,0.890000,0.347000,3.420000,-3.626000,-8.168000,27.260000
6.282,-0.248000,0.898000,0.354000,1.718000,-2.763000,-8.679000,27.260000
6.291,-0.236000,0.907000,0.369000,-0.802000,-2.672000,-8.344000,27.310000
6.302,-0.249000,0.901000,0.353000,-1.008000,-3.626000,-5.969000,27.310000
6.313,-0.243000,0.898000,0.343000,-1.061000,-5.038000,-5.153000,27.310000
6.320,-0.224000,0.894000,0.356000,-1.237000,-3.969000,-4.298000,27.260000
6.333,-0.227000,0.894000,0.349000,-0.473000,-2.000000,-3.534000,27.350000
6.343,-0.221000,0.887000,0.349000,-0.458000,0.656000,-4.885000,27.260000
6.353,-0.211000,0.886000,0.337000,1.336000,4.229000,-3.405000,27.260000
6.360,-0.226000,0.894000,0.353000,2.000000,6.573000,-1.687000,27.260000
6.372,-0.233000,0.901000,0.332000,1.031000,6.748000,-1.115000,27.310000
6.379,-0.241000,0.892000,0.333000,0.023000,5.382000,-1.008000,27.310000
6.393,-0.250000,0.900000,0.323000,-0.740000,2.397000,-2.336000,27.260000
6.399,-0.233000,0.897000,0.330000,-2.496000,-1.244000,-4.992000,27.260000
6.412,-0.213000,0.896000,0.333000,-2.733000,-1.794000,-4.916000,27.260000
6.423,-0.203000,0.896000,0.316000,-0.473000,-0.939000,-2.954000,27.210000
6.430,-0.212000,0.901000,0.326000,-0.824000,1.687000,-2.443000,27.210000
6.444,-0.226000,0.899000,0.325000,-2.176000,0.275000,-2.771000,27.210000
6.450,-0.236000,0.895000,0.305000,-2.053000,-1.855000,-1.870000,27.350000
6.462,-0.232000,0.898000,0.312000,0.397000,-1.656000,1.115000,27.260000
6.469,-0.259000,0.900000,0.320000,0.153000,-2.496000,1.008000,27.350000
6.482,-0.266000,0.908000,0.328000,-1.305000,-6.038000,-1.305000,27.210000
6.489,-0.249000,0.896000,0.321000,-1.237000,-8.603000,-2.557000,27.210000
6.502,-0.231000,0.888000,0.331000,-0.275000,-9.168000,-2.603000,27.310000
6.514,-0.225000,0.889000,0.335000,-0.863000,-8.603000,-2.496000,27.170000
6.520,-0.223000,0.885000,0.332000,-0.137000,-8.244000,-1.267000,27.260000
6.533,-0.233000,0.885000,0.338000,-0.031000,-7.786000,-0.008000,27.350000
6.540,-0.226000,0.889000,0.335000,-0.298000,-6.359000,0.046000,27.310000
6.553,-0.234000,0.892000,0.348000,-0.511000,-5.527000,-0.191000,27.210000
6.559,-0.241000,0.897000,0.349000,-0.992000,-5.565000,0.328000,27.310000
6.571,-0.245000,0.901000,0.344000,-1.000000,-5.435000,1.198000,27.400000
6.579,-0.245000,0.894000,0.355000,-0.924000,-6.168000,0.168000,27.260000
6.592,-0.249000,0.900000,0.353000,-0.771000,-5.725000,-0.565000,27.350000
6.603,-0.242000,0.897000,0.354000,-1.718000,-5.710000,-0.756000,27.260000
6.612,-0.237000,0.894000,0.357000,-2.176000,-4.870000,-1.015000,27.260000
6.623,-0.243000,0.881000,0.349000,-2.366000,-3.740000,-0.359000,27.310000
6.630,-0.253000,0.887000,0.358000,-3.214000,-3.092000,-0.901000,27.400000
6.644,-0.250000,0.899000,0.357000,-3.298000,-2.580000,-0.939000,27.350000
6.650,-0.245000,0.893000,0.359000,-3.718000,-2.313000,-0.267000,27.260000
6.662,-0.238000,0.883000,0.360000,-4.145000,-1.336000,0.420000,27.350000
6.668,-0.250000,0.892000,0.369000,-4.573000,-1.084000,1.046000,27.210000
6.681,-0.239000,0.884000,0.340000,-1.397000,-1.824000,3.588000,27.400000
6.693,-0.265000,0.893000,0.345000,-0.595000,-2.534000,5.550000,27.310000
6.702,-0.278000,0.896000,0.345000,-0.046000,-5.214000,3.718000,27.310000
6.714,-0.271000,0.892000,0.341000,-0.588000,-6.840000,2.153000,27.350000
6.720,-0.264000,0.896000,0.348000,-0.870000,-6.389000,0.282000,27.350000
6.732,-0.255000,0.902000,0.353000,-1.466000,-6.664000,-1.504000,27.260000
6.739,-0.232000,0.894000,0.351000,-2.221000,-5.374000,-2.481000,27.310000
6.753,-0.227000,0.892000,0.365000,-1.992000,-2.656000,-2.176000,27.210000
6.759,-0.231000,0.888000,0.348000,-0.840000,-0.580000,-0.107000,27.310000
6.771,-0.238000,0.886000,0.351000,-0.649000,0.176000,0.664000,27.350000
6.777,-0.248000,0.891000,0.370000,-1.916000,-0.481000,-0.298000,27.350000
6.792,-0.246000,0.888000,0.350000,-2.427000,0.153000,-0.466000,27.350000
6.803,-0.252000,0.886000,0.346000,-3.229000,-1.198000,-1.618000,27.400000
6.811,-0.250000,0.892000,0.342000,-3.534000,-2.779000,-1.397000,27.210000
6.822,-0.240000,0.885000,0.339000,-2.771000,-2.573000,0.649000,27.310000
6.829,-0.240000,0.890000,0.338000,-2.939000,-2.519000,1.214000,27.260000
6.847,-0.241000,0.893000,0.345000,-2.504000,-3.710000,0.954000,27.260000
6.850,-0.238000,0.887000,0.347000,-3.092000,-3.863000,0.947000,27.260000
6.861,-0.252000,0.890000,0.346000,-3.458000,-4.725000,0.031000,27.350000
6.869,-0.248000,0.876000,0.348000,-3.038000,-5.168000,-0.733000,27.400000
6.881,-0.246000,0.885000,0.360000,-3.496000,-3.962000,-1.924000,27.310000
6.893,-0.248000,0.900000,0.367000,-5.626000,-2.962000,-2.885000,27.350000
6.902,-0.238000,0.897000,0.369000,-6.977000,-0.557000,-3.550000,27.260000
6.912,-0.235000,0.901000,0.381000,-11.237000,2.557000,-5.198000,27.260000
6.919,-0.245000,0.884000,0.366000,-8.695000,3.183000,-5.061000,27.210000
6.938,-0.242000,0.872000,0.364000,-7.504000,2.420000,-5.969000,27.310000
6.939,-0.230000,0.849000,0.339000,-1.718000,-0.076000,-1.611000,27.310000
