time_sec,ax,ay,az,gx,gy,gz,temp_c
0.003,-0.199000,0.886000,0.305000,41.565000,36.649000,-114.618000,28.910000
0.009,-0.134000,0.820000,0.266000,45.107000,38.412000,-115.519000,28.950000
0.022,-0.042000,0.773000,0.199000,50.977000,42.160000,-105.649000,28.950000
0.034,-0.042000,0.768000,0.222000,54.962000,43.641000,-90.748000,29.000000
0.041,-0.050000,0.759000,0.219000,52.237000,37.931000,-72.191000,28.910000
0.053,-0.051000,0.777000,0.205000,51.313000,32.183000,-52.740000,28.950000
0.060,-0.108000,0.794000,0.207000,46.107000,21.664000,-36.374000,28.860000
0.072,-0.165000,0.813000,0.211000,40.382000,11.893000,-22.443000,28.910000
0.080,-0.185000,0.835000,0.194000,31.832000,7.412000,-8.618000,28.910000
0.092,-0.229000,0.864000,0.177000,24.595000,5.351000,2.511000,28.950000
0.104,-0.288000,0.896000,0.159000,18.519000,5.588000,9.809000,28.950000
0.111,-0.350000,0.918000,0.140000,15.985000,4.885000,14.878000,28.950000
0.124,-0.396000,0.936000,0.109000,13.328000,3.641000,12.702000,29.000000
0.131,-0.471000,0.958000,0.062000,9.634000,6.588000,6.092000,29.000000
0.143,-0.479000,0.967000,0.044000,9.832000,10.336000,-2.122000,28.950000
0.150,-0.492000,0.951000,0.035000,10.618000,11.206000,-10.244000,28.950000
0.162,-0.496000,0.947000,0.033000,14.160000,13.069000,-15.977000,29.050000
0.170,-0.478000,0.953000,0.040000,17.840000,15.198000,-20.710000,28.910000
0.182,-0.454000,0.948000,0.050000,21.252000,14.321000,-25.389000,28.950000
0.194,-0.446000,0.953000,0.056000,23.878000,14.977000,-27.679000,28.950000
0.201,-0.442000,0.972000,0.078000,26.901000,11.412000,-27.618000,29.000000
0.214,-0.438000,0.970000,0.090000,29.565000,7.458000,-26.908000,28.910000
0.220,-0.462000,1.008000,0.142000,28.763000,4.588000,-24.809000,28.910000
0.233,-0.503000,1.045000,0.163000,26.618000,2.840000,-23.916000,28.950000
0.240,-0.560000,1.058000,0.136000,22.885000,-0.847000,-27.947000,28.950000
0.252,-0.567000,1.036000,0.144000,20.305000,-2.519000,-36.145000,28.910000
0.264,-0.521000,0.965000,0.109000,18.710000,-1.481000,-44.954000,28.910000
0.271,-0.476000,0.931000,0.099000,21.832000,0.305000,-51.847000,28.950000
0.283,-0.418000,0.888000,0.102000,28.962000,4.374000,-54.206000,28.950000
0.290,-0.402000,0.882000,0.126000,35.198000,7.504000,-52.588000,29.000000
0.303,-0.431000,0.889000,0.139000,37.435000,8.198000,-48.924000,28.910000
0.309,-0.448000,0.925000,0.144000,36.695000,6.031000,-40.695000,28.910000
0.322,-0.544000,0.944000,0.166000,31.840000,-2.000000,-33.427000,28.950000
0.335,-0.630000,0.947000,0.175000,25.244000,-14.824000,-30.412000,28.950000
0.341,-0.653000,0.936000,0.157000,17.229000,-25.580000,-32.489000,28.950000
0.353,-0.642000,0.899000,0.147000,14.466000,-32.870000,-41.221000,29.000000
0.360,-0.544000,0.848000,0.073000,10.626000,-31.939000,-52.511000,28.860000
0.372,-0.508000,0.827000,0.108000,12.863000,-31.397000,-56.740000,28.950000
0.385,-0.460000,0.847000,0.101000,14.954000,-25.031000,-54.336000,29.090000
0.391,-0.487000,0.886000,0.111000,14.756000,-21.756000,-47.954000,28.910000
0.403,-0.534000,0.906000,0.122000,12.534000,-21.527000,-43.496000,28.950000
0.410,-0.576000,0.929000,0.115000,4.824000,-22.176000,-42.504000,28.950000
0.423,-0.642000,0.903000,0.059000,2.473000,-31.435000,-45.740000,28.950000
0.429,-0.673000,0.906000,0.023000,8.550000,-42.809000,-51.664000,29.000000
0.441,-0.669000,0.880000,0.022000,9.031000,-54.305000,-57.832000,29.000000
0.454,-0.670000,0.862000,0.032000,10.702000,-57.710000,-62.061000,28.950000
0.460,-0.621000,0.879000,0.035000,10.977000,-58.725000,-60.221000,28.950000
0.474,-0.598000,0.891000,0.085000,11.237000,-51.817000,-55.870000,29.000000
0.480,-0.583000,0.913000,0.076000,6.504000,-46.786000,-55.519000,29.000000
0.492,-0.578000,0.874000,0.053000,4.718000,-40.069000,-56.924000,28.950000
0.504,-0.578000,0.833000,-0.009000,4.656000,-36.779000,-60.603000,28.950000
0.511,-0.559000,0.782000,-0.045000,9.313000,-31.977000,-64.344000,28.950000
0.523,-0.541000,0.752000,-0.032000,16.817000,-26.771000,-64.565000,28.910000
0.530,-0.511000,0.770000,0.037000,24.160000,-22.603000,-59.870000,28.910000
0.542,-0.536000,0.831000,0.087000,28.473000,-19.046000,-50.771000,28.950000
0.554,-0.579000,0.867000,0.136000,27.954000,-15.344000,-43.817000,28.860000
0.561,-0.615000,0.868000,0.181000,22.038000,-11.618000,-42.557000,29.000000
0.573,-0.622000,0.873000,0.142000,16.092000,-11.237000,-46.206000,28.910000
0.580,-0.584000,0.813000,0.117000,15.061000,-3.183000,-49.626000,28.950000
0.592,-0.564000,0.770000,0.103000,13.168000,4.000000,-52.275000,28.950000
0.599,-0.528000,0.727000,0.086000,13.527000,10.802000,-52.366000,28.950000
0.612,-0.575000,0.722000,0.071000,14.374000,15.695000,-45.763000,28.910000
0.624,-0.597000,0.751000,0.123000,13.924000,21.672000,-39.550000,29.000000
0.631,-0.639000,0.777000,0.135000,9.641000,21.611000,-36.275000,28.950000
0.643,-0.683000,0.790000,0.128000,3.061000,18.519000,-35.160000,28.950000
0.650,-0.700000,0.778000,0.104000,-0.389000,15.794000,-36.504000,28.910000
0.662,-0.711000,0.735000,0.069000,-1.443000,10.511000,-39.267000,28.910000
0.670,-0.695000,0.707000,0.046000,1.427000,6.023000,-41.198000,28.950000
0.682,-0.682000,0.722000,0.088000,7.359000,5.504000,-41.695000,28.950000
0.694,-0.717000,0.749000,0.107000,5.359000,6.260000,-39.359000,28.950000
0.701,-0.735000,0.764000,0.098000,4.496000,10.168000,-34.710000,28.910000
0.714,-0.797000,0.819000,0.130000,-0.122000,12.718000,-33.099000,29.000000
0.721,-0.858000,0.812000,0.101000,-1.382000,8.275000,-39.840000,28.950000
0.733,-0.842000,0.771000,0.046000,-3.000000,10.550000,-45.733000,28.950000
0.740,-0.843000,0.728000,0.037000,-6.153000,8.267000,-49.947000,29.000000
0.752,-0.764000,0.667000,0.008000,-5.351000,7.611000,-54.565000,28.910000
0.764,-0.710000,0.693000,0.023000,-0.443000,13.183000,-50.183000,28.950000
0.772,-0.758000,0.729000,0.055000,1.137000,14.863000,-42.221000,28.950000
0.784,-0.792000,0.744000,0.081000,-1.023000,15.679000,-38.359000,28.950000
0.790,-0.848000,0.787000,0.108000,-4.023000,15.053000,-36.916000,28.910000
0.803,-0.895000,0.762000,0.102000,-3.443000,5.969000,-46.710000,29.090000
0.810,-0.844000,0.725000,0.070000,-0.687000,2.443000,-56.954000,28.950000
0.822,-0.819000,0.689000,0.083000,-0.595000,-3.099000,-62.061000,28.950000
0.835,-0.769000,0.638000,0.076000,0.878000,-11.679000,-67.351000,29.000000
0.841,-0.661000,0.587000,0.052000,3.542000,-12.908000,-63.137000,28.910000
0.854,-0.652000,0.584000,0.140000,8.611000,-3.664000,-57.069000,29.050000
0.860,-0.641000,0.647000,0.111000,9.008000,-1.244000,-54.992000,28.950000
0.873,-0.703000,0.683000,0.150000,7.481000,10.290000,-47.916000,28.950000
0.880,-0.828000,0.707000,0.148000,1.473000,7.305000,-49.160000,29.000000
0.892,-0.855000,0.643000,0.110000,0.939000,4.672000,-57.053000,28.910000
0.899,-0.810000,0.609000,0.092000,0.374000,3.511000,-60.542000,29.050000
0.912,-0.750000,0.582000,0.089000,-0.977000,4.420000,-60.504000,29.050000
0.924,-0.733000,0.556000,0.067000,3.695000,9.794000,-57.779000,29.000000
0.932,-0.757000,0.578000,0.055000,6.198000,16.985000,-53.634000,29.000000
0.943,-0.834000,0.552000,0.044000,8.061000,17.008000,-55.130000,29.050000
0.950,-0.838000,0.557000,0.011000,8.618000,20.290000,-53.664000,28.950000
0.963,-0.879000,0.576000,0.038000,7.145000,17.931000,-51.687000,28.950000
0.971,-0.880000,0.557000,-0.002000,6.603000,15.168000,-54.405000,29.000000
0.983,-0.842000,0.544000,-0.007000,7.557000,19.679000,-51.046000,28.910000
0.994,-0.889000,0.522000,-0.028000,5.656000,20.634000,-51.153000,29.050000
1.001,-0.875000,0.480000,-0.046000,9.603000,20.855000,-52.374000,29.050000
1.014,-0.918000,0.551000,-0.006000,8.809000,21.244000,-50.885000,29.000000
1.021,-0.982000,0.534000,0.002000,6.344000,13.053000,-54.855000,29.000000
1.033,-0.932000,0.536000,-0.002000,5.084000,14.962000,-55.565000,28.950000
1.040,-0.937000,0.517000,-0.012000,1.962000,16.580000,-54.740000,29.050000
1.052,-0.930000,0.461000,-0.049000,2.847000,18.794000,-57.565000,28.950000
1.064,-0.925000,0.461000,-0.068000,3.405000,25.252000,-56.443000,28.910000
1.071,-0.984000,0.420000,-0.073000,4.618000,21.099000,-59.489000,29.000000
1.083,-0.928000,0.388000,-0.075000,9.969000,17.733000,-63.115000,29.050000
1.090,-0.921000,0.429000,-0.037000,10.756000,15.504000,-60.954000,28.950000
1.103,-0.920000,0.408000,-0.042000,7.313000,8.023000,-62.176000,29.000000
1.109,-0.873000,0.385000,-0.050000,6.237000,7.397000,-63.076000,29.000000
1.122,-0.857000,0.369000,-0.029000,3.878000,6.145000,-60.382000,28.950000
1.136,-0.822000,0.351000,-0.058000,3.840000,5.855000,-58.328000,29.050000
1.141,-0.826000,0.360000,-0.050000,4.969000,8.603000,-51.885000,29.000000
1.154,-0.894000,0.371000,-0.059000,5.031000,5.069000,-45.908000,29.000000
1.160,-0.920000,0.355000,-0.072000,7.260000,2.748000,-45.489000,29.000000
1.173,-0.984000,0.390000,-0.066000,6.008000,1.313000,-42.366000,28.950000
1.180,-1.025000,0.361000,-0.063000,6.725000,-4.954000,-47.206000,28.950000
1.192,-1.005000,0.338000,-0.060000,9.763000,-6.359000,-54.221000,29.000000
1.204,-0.986000,0.322000,-0.062000,11.244000,-9.374000,-59.977000,28.910000
1.211,-0.899000,0.276000,-0.037000,13.863000,-7.450000,-63.374000,29.050000
1.223,-0.826000,0.319000,0.004000,16.412000,4.382000,-55.473000,29.050000
1.231,-0.899000,0.338000,0.012000,14.824000,9.206000,-49.405000,28.950000
1.242,-0.946000,0.316000,-0.010000,15.969000,13.405000,-49.740000,28.910000
1.249,-1.042000,0.339000,-0.001000,12.000000,10.458000,-50.275000,28.950000
1.261,-1.018000,0.296000,-0.033000,8.595000,2.443000,-54.420000,29.050000
1.274,-0.932000,0.249000,-0.044000,8.229000,2.710000,-54.092000,28.950000
1.282,-0.933000,0.244000,-0.041000,8.076000,3.221000,-48.840000,29.000000
1.293,-0.981000,0.233000,-0.073000,10.511000,1.458000,-47.962000,28.910000
1.300,-1.020000,0.229000,-0.069000,11.992000,-3.580000,-47.389000,28.950000
1.312,-1.038000,0.256000,-0.044000,11.359000,-10.977000,-47.931000,29.050000
1.325,-0.990000,0.218000,-0.052000,11.511000,-17.702000,-52.015000,29.000000
1.331,-0.873000,0.192000,-0.021000,14.901000,-11.641000,-47.405000,29.000000
1.343,-0.872000,0.209000,-0.010000,17.321000,-6.534000,-41.420000,28.950000
1.350,-0.915000,0.192000,-0.024000,22.084000,-0.947000,-38.214000,29.050000
1.362,-1.010000,0.229000,-0.001000,21.748000,-0.145000,-33.664000,29.050000
1.375,-1.085000,0.251000,-0.013000,20.863000,-7.160000,-37.603000,29.090000
1.382,-1.090000,0.227000,-0.001000,19.916000,-13.183000,-44.916000,29.000000
1.393,-1.037000,0.202000,0.009000,20.107000,-14.542000,-48.947000,28.950000
1.400,-0.962000,0.196000,0.034000,18.634000,-10.924000,-53.985000,28.950000
1.412,-0.898000,0.135000,0.046000,18.122000,-5.137000,-58.267000,29.050000
1.420,-0.853000,0.138000,0.056000,19.542000,-0.229000,-57.282000,29.000000
1.432,-0.872000,0.141000,0.053000,17.328000,3.542000,-51.695000,28.950000
1.444,-0.894000,0.130000,0.034000,15.130000,3.878000,-48.405000,29.050000
1.451,-0.923000,0.125000,0.048000,13.115000,4.084000,-46.763000,28.910000
1.464,-0.928000,0.096000,0.014000,11.550000,2.084000,-47.527000,29.090000
1.471,-0.889000,0.083000,0.010000,13.397000,4.427000,-46.023000,28.910000
1.483,-0.909000,0.096000,0.015000,11.366000,7.542000,-42.527000,29.050000
1.490,-0.925000,0.076000,-0.018000,10.527000,8.168000,-40.580000,28.860000
1.501,-0.939000,0.083000,-0.055000,11.168000,12.611000,-39.458000,29.000000
1.514,-0.952000,0.035000,-0.086000,12.718000,13.183000,-41.893000,29.000000
1.521,-0.919000,0.046000,-0.078000,15.641000,15.802000,-40.260000,28.950000
1.535,-0.942000,0.055000,-0.057000,16.786000,14.626000,-37.099000,28.950000
1.540,-0.954000,0.050000,-0.058000,16.725000,12.718000,-37.901000,29.000000
1.552,-0.936000,0.052000,-0.053000,17.626000,13.779000,-35.634000,29.000000
1.564,-1.006000,0.087000,-0.068000,13.878000,9.405000,-32.824000,29.090000
1.572,-1.013000,0.022000,-0.101000,13.924000,4.573000,-36.298000,28.950000
1.583,-0.980000,-0.002000,-0.078000,14.542000,0.733000,-37.527000,28.950000
1.590,-0.951000,0.010000,-0.076000,13.046000,-0.489000,-41.328000,28.950000
1.602,-0.851000,-0.053000,-0.053000,15.053000,4.344000,-41.412000,29.000000
1.614,-0.863000,-0.004000,-0.007000,15.863000,10.962000,-32.626000,29.050000
1.622,-0.931000,-0.003000,-0.014000,16.763000,13.901000,-27.939000,28.950000
1.633,-0.971000,0.013000,-0.012000,14.947000,22.115000,-27.275000,29.090000
1.640,-1.061000,0.045000,-0.020000,11.168000,26.756000,-29.542000,29.090000
1.652,-1.112000,-0.025000,-0.085000,9.947000,25.130000,-38.000000,29.000000
1.664,-1.132000,-0.068000,-0.114000,10.672000,19.527000,-45.122000,29.050000
1.672,-1.105000,-0.106000,-0.102000,11.496000,3.389000,-48.191000,29.050000
1.683,-0.988000,-0.139000,-0.075000,15.168000,-9.031000,-43.847000,29.000000
1.690,-0.950000,-0.100000,-0.025000,12.817000,-18.626000,-35.374000,28.910000
1.702,-0.889000,-0.045000,0.026000,11.206000,-16.947000,-25.832000,29.140000
1.714,-0.998000,-0.021000,0.039000,6.435000,-10.504000,-21.084000,29.050000
1.721,-1.000000,-0.052000,-0.010000,8.130000,-2.740000,-25.382000,29.000000
1.734,-1.077000,0.029000,-0.002000,7.076000,3.298000,-28.916000,29.000000
1.740,-1.146000,-0.021000,-0.023000,3.435000,0.107000,-37.939000,29.050000
1.752,-1.110000,-0.046000,-0.024000,1.336000,-6.092000,-45.099000,29.050000
1.764,-1.087000,-0.035000,-0.000000,-5.237000,-15.779000,-46.153000,29.050000
1.771,-0.986000,-0.120000,-0.003000,-6.832000,-20.588000,-48.290000,29.000000
1.783,-0.890000,-0.073000,0.010000,-7.908000,-9.969000,-37.901000,29.000000
1.790,-0.939000,-0.135000,-0.049000,-9.275000,-7.344000,-35.534000,29.050000
1.802,-0.951000,-0.192000,-0.059000,-4.053000,-3.450000,-38.718000,28.950000
1.814,-0.933000,-0.202000,-0.052000,-1.664000,-6.687000,-38.191000,29.000000
1.821,-0.854000,-0.232000,-0.035000,0.466000,-10.321000,-39.626000,29.000000
1.834,-0.806000,-0.127000,0.015000,2.672000,-1.870000,-28.817000,28.950000
1.840,-0.923000,-0.110000,-0.020000,-0.885000,-3.298000,-24.847000,29.050000
1.852,-0.980000,-0.173000,-0.053000,1.183000,-0.221000,-28.649000,29.000000
1.864,-1.050000,-0.127000,-0.066000,1.084000,-2.710000,-28.191000,29.000000
1.871,-1.031000,-0.172000,-0.087000,2.527000,-5.374000,-33.817000,29.000000
1.884,-0.966000,-0.221000,-0.078000,6.626000,-2.534000,-34.260000,29.050000
1.890,-0.957000,-0.149000,-0.016000,3.298000,-5.832000,-32.015000,29.050000
1.902,-0.920000,-0.183000,-0.004000,2.481000,-5.985000,-32.405000,29.000000
1.914,-0.894000,-0.185000,0.008000,1.771000,-1.267000,-27.664000,29.000000
1.922,-0.960000,-0.145000,0.011000,-2.443000,-0.092000,-20.847000,29.050000
1.934,-1.040000,-0.213000,-0.031000,-2.725000,-0.634000,-23.237000,29.140000
1.940,-1.000000,-0.243000,-0.019000,-2.511000,-1.198000,-25.313000,28.950000
1.952,-0.936000,-0.243000,-0.006000,-2.122000,-2.153000,-26.786000,29.000000
1.966,-0.868000,-0.259000,0.004000,-0.229000,3.229000,-24.305000,29.090000
1.971,-0.918000,-0.224000,-0.027000,0.282000,6.962000,-18.580000,29.050000
1.984,-0.974000,-0.233000,-0.045000,6.557000,16.489000,-17.496000,28.950000
1.990,-1.090000,-0.182000,-0.044000,6.786000,22.412000,-20.122000,28.910000
2.003,-1.073000,-0.246000,-0.056000,7.779000,21.885000,-33.107000,29.000000
2.009,-1.015000,-0.269000,-0.053000,8.496000,25.328000,-39.382000,29.050000
2.022,-0.957000,-0.268000,-0.041000,5.443000,19.878000,-38.939000,29.140000
2.033,-0.909000,-0.249000,-0.048000,6.489000,17.893000,-33.489000,29.000000
2.040,-0.996000,-0.200000,-0.021000,-0.687000,11.405000,-24.992000,29.000000
2.052,-1.014000,-0.228000,-0.061000,-4.160000,10.977000,-26.389000,29.000000
2.059,-0.982000,-0.282000,-0.103000,-3.511000,11.748000,-31.191000,29.050000
2.072,-0.935000,-0.308000,-0.120000,1.305000,17.374000,-37.969000,28.950000
2.084,-0.890000,-0.346000,-0.124000,5.641000,15.992000,-43.153000,29.000000
2.090,-0.909000,-0.314000,-0.117000,6.870000,15.557000,-40.649000,29.090000
2.103,-0.915000,-0.328000,-0.094000,6.779000,4.420000,-39.634000,29.050000
2.109,-0.845000,-0.325000,-0.074000,9.313000,8.435000,-38.038000,29.050000
2.122,-0.725000,-0.337000,-0.056000,13.771000,27.046000,-36.290000,29.050000
2.134,-0.673000,-0.365000,-0.039000,17.977000,45.939000,-34.344000,28.910000
2.140,-0.726000,-0.254000,0.000000,17.130000,60.977000,-26.198000,29.090000
2.153,-0.817000,-0.251000,-0.048000,6.168000,53.321000,-20.168000,29.050000
2.159,-0.924000,-0.240000,-0.089000,-5.366000,38.267000,-17.809000,28.950000
2.172,-1.031000,-0.256000,-0.155000,-17.557000,15.756000,-20.290000,29.000000
2.183,-0.997000,-0.327000,-0.203000,-10.244000,-0.664000,-19.779000,29.000000
2.190,-0.900000,-0.372000,-0.193000,-3.618000,-10.153000,-18.809000,28.950000
2.202,-0.873000,-0.353000,-0.132000,-0.969000,-14.740000,-14.969000,29.050000
2.214,-0.824000,-0.365000,-0.099000,5.130000,-11.840000,-16.740000,29.090000
2.222,-0.773000,-0.367000,-0.053000,10.542000,-6.153000,-15.382000,29.090000
2.233,-0.768000,-0.348000,-0.026000,12.817000,0.725000,-13.427000,29.000000
2.240,-0.750000,-0.384000,-0.003000,14.718000,9.351000,-14.710000,29.050000
2.252,-0.826000,-0.361000,0.023000,12.519000,12.878000,-8.656000,29.050000
2.259,-0.908000,-0.329000,0.032000,7.069000,8.931000,-7.458000,29.000000
2.272,-0.903000,-0.337000,0.021000,3.756000,7.214000,-6.969000,29.000000
2.285,-0.916000,-0.309000,0.006000,-2.336000,5.137000,-1.954000,29.050000
2.291,-0.918000,-0.355000,-0.021000,-1.198000,7.344000,-1.366000,29.050000
2.303,-0.940000,-0.353000,-0.073000,0.947000,16.504000,0.840000,28.950000
2.310,-1.037000,-0.343000,-0.111000,2.542000,23.519000,-3.084000,29.090000
2.322,-1.066000,-0.388000,-0.128000,8.969000,26.473000,-14.008000,29.000000
2.329,-1.111000,-0.351000,-0.151000,10.099000,27.771000,-19.832000,29.050000
2.341,-1.122000,-0.351000,-0.153000,11.710000,20.374000,-25.313000,29.050000
2.354,-1.150000,-0.325000,-0.139000,8.603000,7.076000,-26.664000,29.090000
2.360,-1.089000,-0.346000,-0.153000,7.137000,-3.802000,-28.435000,29.000000
2.373,-1.056000,-0.357000,-0.175000,7.000000,-7.649000,-30.229000,29.050000
2.379,-1.016000,-0.390000,-0.203000,7.985000,-8.351000,-34.244000,28.950000
2.391,-0.979000,-0.447000,-0.187000,13.687000,-8.206000,-37.305000,29.000000
2.403,-1.025000,-0.411000,-0.146000,13.618000,-14.038000,-39.084000,29.090000
2.410,-0.991000,-0.368000,-0.085000,15.130000,-21.275000,-41.427000,29.090000
2.423,-0.972000,-0.387000,-0.079000,14.870000,-28.053000,-46.160000,29.140000
2.434,-0.916000,-0.403000,-0.065000,11.382000,-20.061000,-48.931000,29.050000
2.441,-0.904000,-0.431000,-0.068000,10.214000,-16.649000,-50.908000,29.000000
2.453,-0.911000,-0.401000,-0.094000,5.641000,-15.656000,-51.779000,29.000000
2.459,-0.868000,-0.489000,-0.111000,5.611000,-15.878000,-62.252000,28.950000
2.472,-0.753000,-0.533000,-0.151000,5.550000,-4.725000,-64.885000,29.140000
2.484,-0.743000,-0.469000,-0.191000,8.000000,4.924000,-62.725000,29.050000
2.491,-0.767000,-0.559000,-0.237000,19.252000,16.092000,-65.008000,29.000000
2.503,-0.854000,-0.474000,-0.210000,24.115000,19.855000,-60.756000,29.000000
2.509,-0.915000,-0.505000,-0.198000,30.084000,11.763000,-63.504000,29.050000
2.522,-0.879000,-0.483000,-0.139000,33.527000,8.351000,-62.336000,29.050000
2.534,-0.886000,-0.516000,-0.140000,33.084000,6.710000,-63.595000,29.000000
2.541,-0.850000,-0.538000,-0.154000,38.092000,10.908000,-66.725000,29.000000
2.553,-0.876000,-0.513000,-0.120000,35.809000,17.588000,-67.084000,29.050000
2.559,-0.873000,-0.501000,-0.127000,32.382000,15.542000,-72.244000,29.050000
2.572,-0.905000,-0.472000,-0.102000,28.626000,10.382000,-72.298000,29.000000
2.584,-1.009000,-0.483000,-0.125000,23.893000,-7.366000,-70.122000,29.000000
2.590,-1.083000,-0.495000,-0.104000,19.328000,-23.656000,-71.595000,29.090000
2.602,-1.130000,-0.473000,-0.130000,19.496000,-39.115000,-73.817000,28.950000
2.614,-1.019000,-0.511000,-0.127000,17.649000,-49.206000,-93.084000,29.050000
2.622,-0.819000,-0.585000,-0.105000,23.542000,-46.153000,-107.656000,29.000000
2.633,-0.653000,-0.629000,-0.061000,30.679000,-42.924000,-120.328000,29.000000
2.639,-0.401000,-0.712000,-0.009000,35.389000,-32.992000,-124.725000,29.050000
2.651,-0.266000,-0.759000,0.061000,35.344000,-14.725000,-104.366000,29.050000
2.663,-0.179000,-0.835000,0.097000,36.038000,2.924000,-82.290000,29.050000
2.671,-0.324000,-0.763000,0.148000,37.817000,21.962000,-54.176000,29.000000
2.683,-0.623000,-0.694000,0.071000,31.084000,19.947000,-43.916000,29.140000
2.690,-0.681000,-0.662000,0.065000,34.061000,10.389000,-48.832000,29.050000
2.702,-0.683000,-0.681000,0.034000,31.084000,4.130000,-56.878000,29.140000
2.714,-0.548000,-0.765000,0.040000,36.313000,7.664000,-60.527000,29.000000
2.721,-0.488000,-0.719000,0.120000,44.809000,19.840000,-51.496000,29.090000
2.733,-0.698000,-0.653000,0.110000,40.359000,34.580000,-47.038000,29.050000
2.740,-0.903000,-0.612000,0.062000,37.687000,37.000000,-54.733000,29.050000
2.752,-1.109000,-0.617000,0.004000,34.290000,32.412000,-66.557000,29.090000
2.764,-1.126000,-0.679000,-0.104000,30.595000,19.061000,-83.786000,29.000000
2.771,-0.919000,-0.818000,-0.173000,41.802000,6.481000,-101.634000,29.050000
2.783,-0.755000,-0.794000,-0.114000,48.015000,6.985000,-103.351000,29.050000
2.790,-0.638000,-0.788000,-0.056000,50.649000,3.954000,-101.359000,29.050000
2.802,-0.471000,-0.884000,0.003000,57.916000,10.076000,-95.053000,29.090000
2.814,-0.529000,-0.821000,0.030000,58.061000,21.947000,-82.771000,29.090000
2.822,-0.572000,-0.809000,0.039000,59.710000,19.313000,-81.435000,29.050000
2.833,-0.586000,-0.768000,0.032000,65.496000,21.031000,-84.771000,29.050000
2.840,-0.691000,-0.717000,0.018000,60.244000,4.695000,-90.847000,29.140000
2.852,-0.495000,-0.784000,0.034000,62.382000,-23.939000,-93.794000,29.000000
2.866,-0.218000,-0.797000,0.160000,62.092000,-44.725000,-82.145000,29.000000
2.872,0.043000,-0.803000,0.314000,55.198000,-48.221000,-54.023000,29.050000
2.884,0.114000,-0.796000,0.410000,40.870000,-31.649000,-25.977000,29.050000
2.890,-0.059000,-0.745000,0.406000,28.084000,-4.321000,-8.870000,29.000000
2.902,-0.393000,-0.744000,0.285000,17.924000,10.115000,-5.198000,29.000000
2.914,-0.638000,-0.769000,0.081000,15.802000,15.099000,-13.481000,29.050000
2.922,-0.847000,-0.842000,-0.095000,19.641000,8.511000,-23.702000,29.050000
2.934,-0.949000,-0.911000,-0.180000,32.053000,-11.580000,-34.580000,29.000000
2.940,-0.809000,-0.883000,-0.117000,42.718000,-25.443000,-45.733000,29.090000
2.952,-0.547000,-0.902000,0.041000,47.084000,-25.458000,-48.740000,29.050000
2.966,-0.368000,-0.860000,0.176000,45.076000,-10.130000,-46.084000,29.140000
2.972,-0.304000,-0.844000,0.253000,37.763000,8.863000,-47.244000,29.050000
2.984,-0.336000,-0.865000,0.219000,30.580000,19.519000,-43.397000,29.000000
2.990,-0.446000,-0.875000,0.145000,25.183000,9.008000,-39.496000,29.000000
3.002,-0.371000,-0.898000,0.108000,27.160000,-10.252000,-34.168000,29.050000
3.014,-0.273000,-0.895000,0.183000,29.031000,-28.863000,-20.779000,29.050000
3.022,-0.190000,-0.886000,0.286000,29.313000,-36.534000,-1.397000,29.050000
3.033,-0.204000,-0.818000,0.380000,19.527000,-24.802000,11.321000,29.190000
3.040,-0.318000,-0.778000,0.348000,10.214000,-0.504000,8.328000,29.000000
3.053,-0.458000,-0.825000,0.268000,8.985000,18.275000,-1.237000,28.950000
3.059,-0.572000,-0.802000,0.174000,7.191000,24.817000,-8.275000,29.050000
3.072,-0.582000,-0.890000,0.120000,8.595000,13.786000,-11.687000,29.090000
3.084,-0.507000,-0.871000,0.140000,11.771000,-0.275000,-9.450000,29.090000
3.091,-0.376000,-0.858000,0.166000,11.405000,-13.076000,-4.832000,29.050000
3.103,-0.273000,-0.906000,0.208000,9.351000,-17.069000,4.427000,29.050000
3.110,-0.266000,-0.886000,0.242000,2.664000,-11.908000,13.252000,29.000000
3.123,-0.305000,-0.923000,0.219000,1.084000,-0.427000,18.481000,29.000000
3.129,-0.429000,-0.819000,0.171000,-2.008000,10.702000,16.344000,29.090000
3.142,-0.446000,-0.841000,0.130000,1.107000,15.794000,8.939000,29.050000
3.154,-0.539000,-0.837000,0.143000,2.977000,14.740000,7.122000,29.050000
3.161,-0.630000,-0.855000,0.129000,3.481000,-0.466000,7.763000,29.090000
3.174,-0.567000,-0.904000,0.128000,6.153000,-11.756000,6.511000,28.910000
3.181,-0.469000,-0.894000,0.187000,6.809000,-13.252000,7.611000,29.050000
3.193,-0.425000,-0.863000,0.209000,5.191000,-12.321000,6.931000,29.140000
3.200,-0.355000,-0.850000,0.241000,5.107000,-11.298000,7.382000,29.050000
3.212,-0.334000,-0.824000,0.278000,2.794000,-8.450000,13.214000,29.090000
3.220,-0.315000,-0.808000,0.273000,-2.160000,-2.176000,16.130000,29.000000
3.232,-0.328000,-0.816000,0.246000,-3.885000,11.038000,16.237000,29.050000
3.244,-0.405000,-0.815000,0.218000,-4.939000,19.885000,15.023000,29.050000
3.251,-0.466000,-0.840000,0.207000,-3.802000,19.557000,14.336000,29.090000
3.263,-0.510000,-0.837000,0.223000,-4.435000,11.183000,18.748000,29.000000
3.270,-0.481000,-0.806000,0.217000,-7.893000,0.992000,22.038000,28.950000
3.282,-0.372000,-0.823000,0.233000,-9.771000,-2.260000,25.389000,29.050000
3.294,-0.346000,-0.815000,0.263000,-12.382000,2.427000,30.588000,29.090000
3.301,-0.405000,-0.810000,0.249000,-15.580000,5.748000,32.305000,29.000000
3.314,-0.448000,-0.800000,0.231000,-16.672000,7.115000,32.962000,29.140000
3.321,-0.442000,-0.773000,0.233000,-18.458000,6.389000,32.076000,29.140000
3.333,-0.355000,-0.757000,0.216000,-20.160000,8.954000,31.542000,29.050000
3.340,-0.294000,-0.775000,0.228000,-19.695000,11.740000,35.374000,29.090000
3.352,-0.293000,-0.745000,0.257000,-22.702000,11.634000,44.290000,29.090000
3.364,-0.357000,-0.791000,0.262000,-25.840000,7.435000,57.076000,29.050000
3.371,-0.435000,-0.787000,0.231000,-29.443000,3.359000,68.832000,29.050000
3.383,-0.490000,-0.795000,0.167000,-28.695000,4.130000,70.824000,29.050000
3.391,-0.559000,-0.804000,0.116000,-23.779000,4.947000,62.626000,29.090000
3.402,-0.528000,-0.817000,0.092000,-12.748000,0.870000,50.137000,29.000000
3.409,-0.362000,-0.815000,0.106000,-0.649000,-5.557000,44.099000,29.050000
3.422,-0.187000,-0.740000,0.257000,2.397000,-14.885000,42.710000,29.050000
3.434,-0.078000,-0.745000,0.413000,-1.069000,-22.870000,59.450000,29.090000
3.441,-0.218000,-0.700000,0.482000,-24.824000,-20.908000,84.351000,29.000000
3.452,-0.536000,-0.680000,0.386000,-44.573000,-20.679000,110.878000,29.050000
3.464,-0.877000,-0.639000,0.213000,-55.656000,-24.160000,110.863000,29.050000
3.472,-1.056000,-0.714000,0.010000,-56.046000,-25.748000,89.092000,29.000000
3.483,-1.033000,-0.757000,-0.079000,-42.206000,-25.252000,63.244000,29.090000
3.490,-0.811000,-0.825000,-0.070000,-20.977000,-19.603000,37.344000,29.000000
3.502,-0.564000,-0.820000,0.020000,-8.191000,-6.366000,27.641000,29.050000
3.514,-0.401000,-0.799000,0.101000,-4.710000,7.137000,32.779000,28.950000
3.522,-0.469000,-0.687000,0.220000,-13.023000,6.664000,48.832000,29.090000
3.534,-0.746000,-0.633000,0.265000,-33.191000,-6.366000,66.458000,29.090000
3.540,-0.844000,-0.647000,0.210000,-44.374000,-17.221000,78.336000,29.050000
3.552,-0.852000,-0.653000,0.110000,-48.878000,-16.076000,78.855000,29.050000
3.558,-0.907000,-0.651000,0.044000,-46.389000,-6.840000,68.008000,29.050000
3.572,-0.863000,-0.651000,-0.034000,-36.473000,-1.557000,48.504000,29.000000
3.584,-0.657000,-0.722000,-0.030000,-20.679000,7.489000,34.466000,29.000000
3.591,-0.536000,-0.757000,0.022000,-9.389000,22.176000,36.611000,29.050000
3.603,-0.657000,-0.631000,0.179000,-9.985000,23.107000,52.649000,29.050000
3.609,-0.814000,-0.522000,0.198000,-24.672000,15.557000,61.939000,29.090000
3.623,-0.865000,-0.562000,0.154000,-36.382000,3.840000,65.015000,29.090000
3.634,-0.849000,-0.606000,0.075000,-42.275000,-0.092000,67.443000,29.050000
3.641,-0.768000,-0.600000,0.013000,-42.916000,2.954000,63.603000,29.050000
3.653,-0.704000,-0.635000,-0.028000,-41.275000,2.397000,57.733000,29.050000
3.659,-0.607000,-0.675000,-0.033000,-35.214000,-2.023000,55.511000,29.090000
3.672,-0.468000,-0.684000,-0.008000,-28.954000,-6.901000,61.351000,29.090000
3.684,-0.388000,-0.671000,0.027000,-23.985000,-9.725000,76.374000,29.050000
3.691,-0.433000,-0.584000,0.127000,-25.618000,-14.153000,96.458000,29.050000
3.703,-0.529000,-0.445000,0.217000,-38.870000,-19.382000,115.863000,29.000000
3.709,-0.657000,-0.377000,0.160000,-53.427000,-20.649000,126.489000,29.090000
3.722,-0.736000,-0.364000,0.088000,-63.298000,-17.237000,125.962000,29.000000
3.733,-0.782000,-0.402000,-0.036000,-63.260000,-12.336000,116.466000,29.050000
3.740,-0.760000,-0.432000,-0.126000,-53.672000,-6.542000,102.534000,29.050000
3.752,-0.730000,-0.527000,-0.134000,-38.718000,-2.931000,94.351000,29.140000
3.764,-0.760000,-0.502000,-0.082000,-30.389000,-1.573000,95.450000,29.090000
3.772,-0.789000,-0.506000,-0.019000,-21.718000,-4.130000,100.863000,29.050000
3.783,-0.851000,-0.414000,0.062000,-23.710000,-2.374000,113.405000,29.050000
3.791,-0.948000,-0.375000,0.081000,-27.786000,1.924000,120.626000,28.950000
3.802,-1.010000,-0.352000,0.109000,-33.069000,2.641000,117.763000,29.190000
3.814,-1.048000,-0.317000,0.081000,-38.168000,2.580000,107.931000,29.090000
3.821,-1.026000,-0.347000,0.042000,-43.939000,-1.267000,93.023000,29.050000
3.833,-0.883000,-0.448000,0.033000,-40.733000,-6.382000,80.374000,29.050000
3.841,-0.774000,-0.469000,0.042000,-34.397000,-6.069000,83.420000,29.090000
3.852,-0.765000,-0.465000,0.040000,-32.137000,-6.962000,92.244000,29.000000
3.864,-0.775000,-0.356000,0.113000,-33.374000,-7.977000,106.603000,29.050000
3.871,-0.908000,-0.251000,0.146000,-46.649000,-9.580000,123.519000,29.050000
3.883,-1.028000,-0.221000,0.087000,-55.504000,-13.618000,124.511000,29.050000
3.890,-1.066000,-0.235000,0.032000,-54.855000,-13.603000,111.122000,29.090000
3.901,-1.056000,-0.294000,-0.035000,-47.160000,-14.786000,94.817000,29.090000
3.914,-0.989000,-0.302000,-0.024000,-38.321000,-13.405000,83.137000,29.140000
3.921,-1.001000,-0.254000,0.051000,-37.298000,-13.473000,88.687000,29.050000
3.932,-1.083000,-0.223000,0.072000,-39.214000,-19.824000,96.695000,29.140000
3.944,-1.180000,-0.192000,0.108000,-39.832000,-29.710000,100.664000,29.000000
3.951,-1.205000,-0.119000,0.136000,-48.069000,-39.695000,109.618000,28.950000
3.963,-1.191000,-0.116000,0.155000,-55.397000,-45.779000,111.267000,29.050000
3.970,-1.131000,-0.140000,0.105000,-57.916000,-41.420000,108.046000,29.140000
3.983,-1.142000,-0.194000,0.042000,-50.023000,-38.290000,97.763000,29.090000
3.994,-1.165000,-0.195000,-0.012000,-41.405000,-35.359000,77.969000,29.090000
4.000,-1.077000,-0.202000,-0.010000,-35.344000,-35.733000,63.313000,29.050000
4.013,-0.973000,-0.211000,0.012000,-29.473000,-32.107000,58.206000,28.950000
4.020,-0.931000,-0.132000,0.058000,-32.916000,-28.069000,62.603000,29.090000
4.031,-0.993000,-0.118000,0.060000,-35.313000,-30.771000,65.420000,29.090000
4.043,-0.998000,-0.123000,0.063000,-36.511000,-32.588000,66.557000,29.050000
4.050,-0.940000,-0.094000,0.081000,-37.496000,-29.504000,69.374000,29.140000
4.062,-0.878000,-0.140000,0.052000,-32.893000,-19.939000,67.756000,29.050000
4.075,-0.791000,-0.168000,0.049000,-25.198000,-2.962000,65.344000,29.090000
4.082,-0.775000,-0.127000,0.040000,-17.351000,17.359000,70.008000,29.000000
4.093,-0.846000,-0.089000,0.031000,-9.435000,30.863000,73.618000,29.050000
4.100,-1.026000,0.045000,0.065000,-10.611000,32.511000,79.496000,29.050000
4.113,-1.196000,0.107000,0.051000,-17.000000,18.038000,77.137000,29.140000
4.121,-1.272000,0.112000,0.036000,-24.870000,-4.969000,69.374000,29.090000
4.132,-1.167000,0.033000,0.006000,-30.802000,-27.573000,59.183000,29.140000
4.144,-0.918000,-0.054000,-0.001000,-29.000000,-33.305000,51.443000,29.140000
4.150,-0.694000,-0.108000,0.015000,-23.145000,-22.176000,52.382000,29.090000
4.163,-0.609000,-0.088000,0.056000,-17.321000,-0.389000,61.565000,29.000000
4.170,-0.661000,-0.005000,0.091000,-12.672000,14.618000,74.168000,29.000000
4.182,-0.801000,0.100000,0.116000,-13.710000,21.282000,82.198000,29.050000
4.194,-0.993000,0.164000,0.103000,-20.420000,11.176000,81.420000,28.950000
4.201,-1.093000,0.177000,0.073000,-28.748000,-13.092000,75.588000,29.090000
4.213,-1.057000,0.152000,0.047000,-35.817000,-38.336000,66.168000,29.090000
4.220,-0.922000,0.121000,0.049000,-39.496000,-57.183000,61.122000,29.050000
4.232,-0.703000,0.019000,0.032000,-34.435000,-59.031000,60.878000,29.140000
4.244,-0.435000,-0.000000,0.074000,-19.412000,-26.618000,73.290000,28.950000
4.251,-0.434000,0.020000,0.073000,-1.893000,17.664000,88.267000,29.000000
4.264,-0.610000,0.172000,0.108000,9.221000,57.191000,98.458000,29.000000
4.271,-0.875000,0.280000,0.101000,12.229000,73.008000,104.389000,29.050000
4.283,-1.074000,0.329000,0.056000,6.733000,71.481000,100.321000,29.050000
4.291,-1.231000,0.349000,0.026000,-5.015000,52.626000,92.366000,29.050000
4.302,-1.314000,0.313000,-0.011000,-18.687000,13.794000,77.687000,29.090000
4.314,-1.217000,0.208000,-0.034000,-26.412000,-29.160000,64.565000,29.050000
4.321,-0.989000,0.134000,-0.011000,-29.786000,-63.931000,64.023000,29.140000
4.333,-0.690000,0.069000,0.004000,-21.542000,-74.183000,77.092000,29.090000
4.343,-0.494000,0.164000,0.082000,-6.107000,-44.740000,103.420000,29.190000
4.352,-0.619000,0.313000,0.127000,4.153000,-11.962000,120.305000,29.050000
4.366,-0.880000,0.430000,0.157000,9.435000,11.489000,117.947000,29.140000
4.372,-1.130000,0.580000,0.208000,1.275000,8.939000,109.542000,29.050000
4.384,-1.223000,0.583000,0.206000,-18.679000,-8.924000,90.000000,29.090000
4.391,-1.153000,0.492000,0.134000,-32.962000,-31.672000,75.481000,29.190000
4.403,-1.030000,0.380000,0.073000,-43.008000,-55.382000,64.947000,29.140000
4.409,-0.707000,0.196000,0.016000,-33.069000,-59.687000,64.244000,29.050000
4.423,-0.285000,0.158000,0.056000,-6.344000,-15.992000,82.947000,29.090000
4.435,-0.174000,0.232000,0.056000,17.939000,54.954000,104.008000,29.090000
4.441,-0.334000,0.331000,0.026000,42.069000,122.443000,113.840000,29.050000
4.453,-0.612000,0.457000,-0.012000,56.282000,155.756000,121.534000,29.050000
4.460,-0.984000,0.677000,0.012000,51.656000,141.649000,135.237000,29.140000
4.473,-1.370000,0.788000,0.017000,29.130000,87.214000,137.695000,29.090000
4.484,-1.480000,0.808000,0.020000,1.336000,10.626000,130.405000,29.090000
4.491,-1.320000,0.753000,0.009000,-18.809000,-54.412000,125.740000,28.950000
4.503,-1.047000,0.754000,0.056000,-28.427000,-86.634000,131.794000,29.050000
4.510,-0.870000,0.720000,0.067000,-26.733000,-84.740000,136.397000,29.090000
4.523,-0.742000,0.772000,0.083000,-17.985000,-52.092000,135.336000,29.000000
4.535,-0.834000,0.817000,0.070000,-12.229000,-15.427000,126.435000,29.140000
4.541,-1.008000,0.782000,-0.001000,-5.290000,9.763000,106.641000,29.140000
4.553,-1.063000,0.732000,0.010000,1.023000,22.885000,84.122000,29.090000
4.560,-1.020000,0.707000,0.013000,3.336000,29.275000,68.511000,29.000000
4.573,-1.039000,0.715000,0.031000,4.481000,24.359000,58.305000,29.140000
4.581,-1.044000,0.769000,0.026000,1.885000,7.687000,51.656000,29.140000
4.592,-1.077000,0.782000,0.065000,-5.916000,-19.656000,50.359000,29.140000
4.598,-1.081000,0.768000,0.074000,-17.771000,-55.664000,49.382000,29.090000
4.611,-0.979000,0.722000,0.072000,-32.092000,-91.405000,48.092000,29.000000
4.624,-0.786000,0.614000,0.075000,-43.992000,-119.435000,47.504000,29.050000
4.631,-0.553000,0.563000,0.096000,-45.305000,-125.458000,52.527000,29.050000
4.642,-0.324000,0.531000,0.120000,-41.038000,-102.267000,65.939000,29.050000
4.654,-0.284000,0.541000,0.123000,-26.580000,-70.000000,74.740000,29.090000
4.661,-0.357000,0.600000,0.153000,-9.885000,-30.771000,81.061000,29.050000
4.674,-0.511000,0.688000,0.179000,0.031000,-2.298000,81.641000,29.050000
4.682,-0.679000,0.738000,0.167000,3.901000,11.672000,75.466000,29.140000
4.693,-0.728000,0.732000,0.167000,5.626000,12.847000,64.496000,29.090000
4.700,-0.686000,0.703000,0.137000,5.794000,8.084000,55.221000,29.000000
4.713,-0.601000,0.667000,0.138000,6.176000,6.794000,48.992000,29.050000
4.720,-0.484000,0.672000,0.145000,6.702000,10.573000,50.786000,29.050000
4.732,-0.407000,0.637000,0.128000,7.924000,18.038000,57.092000,29.090000
4.741,-0.375000,0.662000,0.136000,12.435000,24.321000,63.489000,29.090000
4.752,-0.424000,0.678000,0.117000,15.076000,22.847000,70.115000,29.050000
4.764,-0.469000,0.707000,0.138000,14.496000,13.176000,75.435000,29.140000
4.771,-0.451000,0.738000,0.150000,12.618000,1.786000,78.916000,28.950000
4.784,-0.326000,0.747000,0.159000,15.573000,2.687000,87.908000,29.190000
4.791,-0.193000,0.825000,0.195000,22.275000,26.863000,102.115000,29.090000
4.803,-0.209000,0.936000,0.221000,30.137000,63.046000,114.298000,29.140000
4.809,-0.419000,1.048000,0.200000,30.405000,91.435000,116.718000,29.140000
4.823,-0.637000,1.113000,0.169000,25.244000,105.229000,111.954000,29.140000
4.834,-0.870000,1.157000,0.080000,12.573000,90.183000,96.481000,29.090000
4.841,-0.986000,1.096000,0.035000,2.534000,65.870000,79.229000,29.140000
4.853,-0.934000,1.022000,-0.023000,-3.061000,30.634000,66.672000,29.050000
4.860,-0.857000,0.971000,-0.010000,-10.328000,-2.473000,56.496000,29.140000
4.874,-0.675000,0.922000,0.015000,-15.244000,-30.450000,52.008000,29.090000
4.880,-0.458000,0.914000,0.056000,-16.260000,-40.107000,57.534000,29.090000
4.892,-0.325000,0.932000,0.089000,-13.153000,-36.374000,68.695000,29.140000
4.904,-0.343000,0.925000,0.096000,-7.626000,-29.344000,76.382000,29.240000
4.910,-0.396000,0.948000,0.105000,-7.031000,-23.527000,80.382000,29.090000
4.924,-0.476000,0.956000,0.108000,-10.183000,-24.534000,81.672000,29.090000
4.930,-0.519000,0.980000,0.112000,-13.473000,-33.282000,79.916000,29.090000
4.942,-0.506000,0.974000,0.137000,-11.023000,-42.031000,78.183000,29.050000
4.954,-0.464000,0.956000,0.118000,-13.794000,-47.931000,72.473000,29.050000
4.961,-0.316000,0.937000,0.139000,-9.939000,-37.664000,67.573000,29.000000
4.973,-0.263000,0.923000,0.151000,-5.893000,-27.733000,67.969000,29.000000
4.981,-0.263000,0.957000,0.155000,-3.794000,-16.290000,68.221000,29.140000
4.992,-0.285000,0.934000,0.141000,-2.702000,-7.061000,69.695000,29.140000
4.999,-0.367000,0.968000,0.144000,-3.748000,-10.924000,73.557000,29.050000
5.012,-0.369000,1.026000,0.169000,-6.282000,-16.649000,70.641000,29.090000
5.024,-0.381000,1.027000,0.167000,-6.824000,-22.122000,68.672000,29.090000
5.032,-0.349000,1.000000,0.146000,-9.496000,-27.053000,68.313000,29.050000
5.043,-0.303000,0.959000,0.135000,-9.176000,-26.756000,66.069000,29.140000
5.050,-0.266000,0.968000,0.131000,-8.702000,-26.885000,64.092000,29.000000
5.062,-0.211000,0.965000,0.148000,-4.901000,-24.977000,62.565000,29.090000
5.074,-0.204000,0.976000,0.172000,-4.565000,-20.725000,65.061000,29.050000
5.082,-0.175000,1.021000,0.187000,-2.359000,-15.519000,69.313000,29.050000
5.093,-0.136000,1.054000,0.211000,-3.641000,-3.809000,75.176000,29.240000
5.101,-0.177000,1.073000,0.227000,-2.687000,3.931000,77.763000,29.190000
5.113,-0.210000,1.064000,0.223000,-2.489000,10.969000,80.267000,29.090000
5.121,-0.280000,1.081000,0.181000,-5.122000,9.076000,79.656000,29.140000
5.133,-0.344000,1.077000,0.197000,-7.496000,3.710000,75.718000,29.050000
5.141,-0.324000,1.065000,0.162000,-9.977000,-1.092000,69.023000,29.000000
5.152,-0.292000,1.061000,0.166000,-11.481000,-4.321000,64.649000,29.090000
5.164,-0.246000,1.044000,0.153000,-10.198000,-6.069000,61.366000,29.090000
5.171,-0.215000,1.041000,0.136000,-9.626000,-3.740000,58.351000,29.140000
5.184,-0.191000,1.026000,0.177000,-5.252000,2.374000,58.748000,29.140000
5.191,-0.173000,1.013000,0.146000,-1.550000,7.847000,58.382000,29.050000
5.203,-0.197000,1.062000,0.182000,-2.443000,11.542000,57.145000,29.090000
5.210,-0.175000,1.112000,0.170000,-5.763000,13.221000,54.534000,29.050000
5.223,-0.184000,1.113000,0.177000,-11.779000,19.191000,54.092000,29.140000
5.235,-0.181000,1.071000,0.165000,-13.382000,23.328000,53.244000,29.090000
5.241,-0.220000,1.067000,0.164000,-14.458000,26.290000,53.786000,29.090000
5.254,-0.244000,1.022000,0.135000,-15.595000,26.008000,51.038000,29.090000
5.260,-0.317000,1.022000,0.114000,-17.282000,22.748000,42.626000,29.050000
5.274,-0.321000,1.020000,0.128000,-16.641000,12.511000,32.687000,29.140000
5.280,-0.303000,0.998000,0.123000,-17.160000,2.008000,26.427000,29.190000
5.292,-0.239000,1.009000,0.152000,-14.901000,-10.450000,22.748000,29.090000
5.304,-0.205000,0.978000,0.169000,-9.603000,-20.015000,22.878000,29.140000
5.311,-0.185000,0.993000,0.215000,-5.618000,-25.405000,26.160000,29.140000
5.323,-0.196000,0.985000,0.249000,-1.466000,-30.534000,27.374000,29.090000
5.332,-0.164000,0.997000,0.255000,-0.863000,-28.435000,28.237000,29.090000
5.342,-0.176000,1.037000,0.310000,-4.031000,-27.458000,25.718000,29.000000
5.349,-0.129000,1.028000,0.302000,-5.496000,-25.229000,19.641000,29.140000
5.362,-0.080000,1.067000,0.304000,-9.130000,-17.481000,15.710000,29.140000
5.374,-0.053000,1.054000,0.277000,-14.656000,-11.725000,13.313000,29.050000
5.382,-0.048000,1.052000,0.258000,-15.832000,-6.221000,12.740000,29.090000
5.393,-0.086000,1.035000,0.210000,-17.534000,-4.664000,15.618000,29.140000
5.400,-0.146000,1.031000,0.200000,-19.504000,-9.359000,20.603000,29.140000
5.412,-0.174000,1.005000,0.191000,-19.756000,-13.397000,21.191000,29.090000
5.424,-0.158000,1.008000,0.217000,-18.000000,-13.672000,16.344000,29.090000
5.431,-0.136000,0.992000,0.200000,-16.733000,-9.496000,9.076000,29.090000
5.444,-0.132000,0.993000,0.192000,-14.130000,-3.786000,1.626000,29.050000
5.452,-0.159000,1.000000,0.194000,-11.855000,-0.366000,-3.634000,29.140000
5.463,-0.191000,0.988000,0.190000,-11.611000,-2.588000,-8.672000,29.090000
5.471,-0.188000,0.982000,0.192000,-10.756000,-5.122000,-12.908000,29.090000
5.482,-0.179000,0.991000,0.207000,-9.885000,-9.366000,-16.832000,29.140000
5.494,-0.130000,0.993000,0.233000,-8.351000,-11.649000,-21.260000,29.140000
5.501,-0.065000,1.012000,0.249000,-8.435000,-9.595000,-23.214000,29.050000
5.513,-0.033000,0.997000,0.235000,-10.939000,-4.931000,-23.496000,29.090000
5.521,-0.001000,0.987000,0.228000,-12.008000,2.878000,-22.794000,29.090000
5.533,0.024000,0.983000,0.198000,-12.603000,7.817000,-20.412000,29.050000
5.540,-0.032000,0.956000,0.171000,-13.053000,7.977000,-18.298000,29.050000
5.551,-0.079000,0.929000,0.160000,-12.702000,5.382000,-17.313000,29.140000
5.564,-0.067000,0.924000,0.168000,-11.748000,1.137000,-17.267000,29.090000
5.571,-0.049000,0.910000,0.174000,-9.740000,-0.763000,-16.603000,29.140000
5.583,-0.032000,0.913000,0.191000,-7.588000,-0.389000,-15.580000,29.050000
5.591,-0.014000,0.910000,0.205000,-5.901000,2.160000,-14.802000,29.140000
5.602,-0.012000,0.934000,0.209000,-6.130000,6.244000,-12.863000,29.090000
5.609,-0.049000,0.955000,0.216000,-9.099000,8.466000,-12.321000,29.090000
5.622,-0.055000,0.944000,0.203000,-10.931000,6.985000,-13.893000,29.050000
5.634,-0.059000,0.936000,0.206000,-6.916000,2.947000,-14.153000,29.140000
5.641,-0.043000,0.932000,0.193000,-2.450000,-2.809000,-14.740000,29.090000
5.653,-0.029000,0.935000,0.182000,-0.931000,-4.260000,-14.176000,29.090000
5.660,-0.029000,0.941000,0.195000,-0.008000,-6.573000,-12.481000,29.050000
5.673,-0.005000,0.940000,0.191000,1.053000,-5.099000,-10.611000,29.140000
5.680,0.007000,0.970000,0.216000,1.191000,-1.237000,-7.458000,29.190000
5.692,0.002000,1.003000,0.233000,-1.634000,5.290000,-6.435000,29.000000
5.704,-0.031000,0.985000,0.228000,-2.664000,9.489000,-6.611000,29.090000
5.711,-0.035000,1.006000,0.234000,-3.412000,12.458000,-8.374000,29.050000
5.724,-0.051000,0.998000,0.240000,-3.542000,13.084000,-10.214000,29.140000
5.732,-0.060000,0.982000,0.225000,-3.092000,11.351000,-9.695000,29.190000
5.743,-0.058000,0.988000,0.229000,-2.206000,10.947000,-9.466000,29.190000
5.750,-0.062000,0.979000,0.231000,-1.191000,7.382000,-9.489000,29.050000
5.762,-0.089000,0.972000,0.220000,-0.282000,3.603000,-10.511000,29.140000
5.770,-0.090000,0.960000,0.219000,0.824000,-1.046000,-11.427000,29.090000
5.783,-0.090000,0.956000,0.237000,1.641000,-5.137000,-12.382000,29.190000
5.794,-0.055000,0.952000,0.252000,3.168000,-7.168000,-13.580000,29.140000
5.801,-0.038000,0.968000,0.275000,2.962000,-6.519000,-12.656000,29.140000
5.813,-0.024000,0.970000,0.295000,2.405000,-5.046000,-10.214000,29.090000
5.820,-0.033000,0.964000,0.290000,1.366000,-3.962000,-8.672000,29.090000
5.833,-0.046000,0.972000,0.298000,1.145000,-5.618000,-6.618000,29.140000
5.840,-0.079000,0.970000,0.292000,-1.458000,-8.000000,-5.137000,29.050000
5.852,-0.078000,0.961000,0.283000,-3.130000,-10.183000,-4.740000,29.090000
5.864,-0.083000,0.961000,0.295000,-4.305000,-14.275000,-5.229000,29.090000
5.871,-0.061000,0.942000,0.299000,-5.099000,-13.794000,-6.557000,29.190000
5.884,-0.032000,0.916000,0.297000,-4.687000,-10.496000,-8.145000,29.140000
5.892,-0.006000,0.885000,0.288000,-2.954000,-6.649000,-7.847000,29.140000
5.903,-0.019000,0.883000,0.277000,-2.069000,-3.176000,-5.191000,29.000000
5.910,-0.022000,0.893000,0.305000,-3.237000,-1.473000,-2.092000,29.090000
5.923,-0.044000,0.898000,0.295000,-5.626000,-1.420000,2.252000,29.140000
5.930,-0.051000,0.910000,0.295000,-8.382000,-0.878000,5.725000,29.140000
5.942,-0.055000,0.926000,0.281000,-12.015000,1.275000,7.931000,29.090000
5.954,-0.064000,0.928000,0.255000,-13.542000,4.786000,9.611000,29.190000
5.961,-0.101000,0.937000,0.217000,-13.969000,7.573000,11.092000,29.140000
5.974,-0.135000,0.938000,0.193000,-13.573000,9.344000,9.809000,29.050000
5.981,-0.156000,0.932000,0.165000,-12.198000,8.786000,6.382000,29.090000
5.993,-0.156000,0.923000,0.148000,-8.893000,7.473000,2.557000,29.090000
6.000,-0.125000,0.935000,0.146000,-4.481000,8.634000,-1.321000,29.050000
6.013,-0.098000,0.934000,0.164000,-1.550000,9.252000,-3.366000,29.140000
6.021,-0.091000,0.941000,0.194000,2.656000,9.191000,-3.542000,29.090000
6.032,-0.078000,0.961000,0.213000,4.420000,9.878000,-3.336000,29.000000
6.043,-0.095000,0.978000,0.234000,4.191000,5.763000,-2.115000,29.090000
6.052,-0.081000,0.978000,0.257000,3.115000,8.046000,-1.931000,29.140000
6.058,-0.090000,0.972000,0.254000,1.435000,7.137000,-1.252000,29.140000
6.073,-0.094000,0.956000,0.245000,0.565000,4.962000,-0.107000,29.050000
6.085,-0.098000,0.936000,0.232000,0.931000,3.229000,0.931000,29.090000
6.091,-0.098000,0.939000,0.220000,1.191000,3.061000,1.756000,29.050000
6.104,-0.103000,0.930000,0.244000,2.557000,2.550000,1.183000,29.140000
6.111,-0.073000,0.920000,0.241000,4.595000,4.389000,-0.237000,29.090000
6.124,-0.072000,0.929000,0.259000,6.099000,5.618000,-0.763000,29.090000
6.131,-0.064000,0.943000,0.269000,6.985000,8.809000,-0.076000,29.050000
6.144,-0.072000,0.938000,0.271000,5.344000,9.931000,0.664000,29.140000
6.151,-0.088000,0.944000,0.266000,3.733000,9.366000,2.786000,29.090000
6.163,-0.117000,0.945000,0.271000,1.916000,5.771000,4.511000,29.090000
6.171,-0.116000,0.942000,0.262000,1.344000,1.939000,5.137000,29.050000
6.184,-0.102000,0.953000,0.266000,1.008000,-1.046000,4.260000,29.050000
6.190,-0.078000,0.942000,0.247000,0.924000,-1.053000,4.473000,29.090000
6.203,-0.080000,0.945000,0.252000,1.069000,-0.916000,5.748000,29.190000
6.210,-0.081000,0.941000,0.243000,1.878000,-0.863000,7.168000,29.050000
6.222,-0.113000,0.952000,0.242000,2.710000,-2.649000,9.237000,29.050000
6.231,-0.135000,0.968000,0.253000,2.435000,-5.389000,9.542000,29.140000
6.242,-0.142000,0.971000,0.269000,1.145000,-9.618000,8.771000,29.190000
6.247,-0.120000,0.969000,0.277000,0.611000,-10.725000,8.206000,29.090000
6.261,-0.119000,0.956000,0.288000,0.427000,-10.611000,5.389000,29.140000
6.274,-0.100000,0.959000,0.292000,0.168000,-7.908000,3.122000,29.050000
6.282,-0.105000,0.958000,0.289000,-0.435000,-6.580000,2.198000,29.090000
6.293,-0.095000,0.951000,0.295000,0.122000,-6.855000,2.130000,29.090000
6.301,-0.097000,0.952000,0.271000,0.076000,-7.389000,3.130000,29.140000
6.313,-0.110000,0.949000,0.273000,0.115000,-8.000000,4.809000,29.140000
6.321,-0.122000,0.953000,0.276000,0.130000,-8.069000,4.298000,29.090000
6.334,-0.123000,0.959000,0.266000,-0.382000,-9.351000,3.061000,29.190000
6.341,-0.116000,0.972000,0.285000,-0.626000,-9.496000,1.763000,29.140000
6.352,-0.101000,0.965000,0.277000,-1.649000,-9.595000,0.305000,29.140000
6.359,-0.089000,0.956000,0.270000,-2.824000,-8.687000,1.046000,29.140000
6.373,-0.078000,0.955000,0.250000,-2.611000,-8.000000,2.000000,29.090000
6.384,-0.075000,0.946000,0.246000,-2.275000,-6.832000,3.221000,29.090000
6.392,-0.092000,0.949000,0.245000,-2.244000,-4.931000,4.107000,29.050000
6.404,-0.107000,0.969000,0.250000,-1.725000,-4.519000,3.725000,29.050000
6.411,-0.103000,0.970000,0.258000,-2.344000,-4.702000,1.588000,29.140000
6.424,-0.086000,0.962000,0.263000,-2.611000,-3.718000,0.298000,29.000000
6.431,-0.074000,0.952000,0.249000,-1.481000,-2.481000,0.153000,29.140000
6.443,-0.081000,0.948000,0.226000,-1.267000,-0.191000,1.107000,29.140000
6.450,-0.099000,0.952000,0.234000,-0.038000,-0.038000,2.176000,29.000000
6.462,-0.124000,0.947000,0.221000,0.679000,-2.672000,2.832000,29.090000
6.470,-0.147000,0.955000,0.227000,0.931000,-7.847000,2.481000,29.140000
6.482,-0.152000,0.965000,0.245000,0.763000,-14.031000,0.275000,29.050000
6.494,-0.142000,0.963000,0.260000,0.076000,-19.954000,-1.740000,29.050000
6.501,-0.098000,0.951000,0.263000,-0.450000,-22.206000,-3.366000,29.190000
6.514,-0.068000,0.935000,0.289000,-0.496000,-22.450000,-2.420000,29.090000
6.521,-0.051000,0.934000,0.282000,-0.229000,-19.947000,-1.076000,29.140000
6.533,-0.065000,0.937000,0.289000,-1.107000,-16.466000,0.427000,29.140000
6.542,-0.087000,0.947000,0.282000,-1.962000,-16.427000,1.496000,29.090000
6.552,-0.089000,0.957000,0.277000,-3.267000,-16.939000,1.229000,29.090000
6.567,-0.100000,0.963000,0.284000,-5.977000,-18.794000,0.076000,29.050000
6.572,-0.084000,0.940000,0.278000,-6.748000,-19.359000,0.489000,29.140000
6.584,-0.059000,0.946000,0.279000,-7.122000,-18.603000,1.366000,29.050000
6.592,-0.057000,0.927000,0.256000,-6.389000,-16.573000,2.557000,29.190000
6.603,-0.059000,0.939000,0.260000,-5.275000,-13.191000,3.954000,29.050000
6.610,-0.075000,0.957000,0.260000,-4.130000,-10.931000,4.397000,29.140000
6.623,-0.071000,0.961000,0.246000,-2.931000,-8.260000,3.481000,29.090000
6.630,-0.082000,0.969000,0.264000,-1.405000,-6.305000,1.321000,29.090000
6.642,-0.094000,0.952000,0.243000,-0.641000,-4.282000,-0.519000,29.000000
6.654,-0.093000,0.968000,0.259000,0.351000,-2.733000,-2.802000,29.140000
6.661,-0.072000,0.973000,0.268000,-0.573000,-3.489000,-4.389000,29.050000
6.673,-0.065000,0.962000,0.257000,-0.672000,-3.756000,-3.893000,29.090000
6.682,-0.053000,0.962000,0.246000,-1.481000,-3.557000,-2.053000,29.090000
6.693,-0.068000,0.948000,0.232000,-1.489000,-4.947000,-0.496000,29.140000
6.700,-0.085000,0.952000,0.221000,0.092000,-6.779000,0.405000,29.050000
6.713,-0.086000,0.948000,0.244000,2.321000,-9.023000,-0.336000,29.090000
6.721,-0.084000,0.938000,0.254000,3.611000,-9.794000,-2.550000,29.190000
6.733,-0.067000,0.948000,0.270000,3.336000,-9.656000,-3.634000,29.140000
6.738,-0.043000,0.943000,0.291000,2.458000,-8.626000,-3.206000,29.140000
6.751,-0.047000,0.943000,0.294000,1.275000,-8.573000,-1.405000,29.140000
6.766,-0.060000,0.937000,0.297000,-0.191000,-9.634000,0.939000,29.090000
6.772,-0.079000,0.933000,0.285000,-1.947000,-11.244000,2.870000,29.140000
6.784,-0.092000,0.938000,0.272000,-2.916000,-12.412000,3.412000,29.050000
6.792,-0.093000,0.946000,0.283000,-3.664000,-12.824000,3.061000,29.140000
6.803,-0.099000,0.935000,0.276000,-3.718000,-12.450000,1.588000,29.090000
6.809,-0.089000,0.932000,0.282000,-2.275000,-11.023000,-0.565000,29.090000
6.823,-0.078000,0.935000,0.294000,-1.595000,-9.618000,-2.412000,29.140000
6.834,-0.063000,0.941000,0.285000,-2.557000,-7.397000,-2.130000,29.140000
6.841,-0.055000,0.956000,0.295000,-3.427000,-5.916000,-1.168000,29.190000
6.854,-0.040000,0.955000,0.290000,-4.840000,-4.198000,0.489000,29.190000
6.861,-0.065000,0.957000,0.274000,-6.260000,-2.405000,2.924000,29.050000
6.874,-0.079000,0.960000,0.264000,-6.885000,-2.901000,3.611000,29.140000
6.880,-0.105000,0.954000,0.256000,-6.290000,-5.130000,2.885000,29.190000
6.893,-0.101000,0.962000,0.249000,-5.069000,-6.046000,0.779000,29.090000
6.900,-0.090000,0.964000,0.264000,-3.031000,-7.771000,-2.328000,29.190000
6.912,-0.067000,0.959000,0.245000,-1.702000,-6.206000,-3.710000,29.140000
6.925,-0.068000,0.958000,0.243000,-0.840000,-5.366000,-4.298000,29.140000
6.932,-0.056000,0.937000,0.237000,1.168000,-4.672000,-4.282000,29.090000
6.944,-0.062000,0.946000,0.249000,2.916000,-5.244000,-3.588000,29.190000
6.951,-0.072000,0.938000,0.242000,3.534000,-6.084000,-2.885000,29.140000
6.963,-0.068000,0.948000,0.273000,3.618000,-6.603000,-3.115000,29.140000
6.971,-0.061000,0.955000,0.292000,2.748000,-7.275000,-3.824000,29.090000
6.983,-0.052000,0.946000,0.302000,1.641000,-7.840000,-3.748000,29.190000
6.991,-0.038000,0.951000,0.308000,0.092000,-6.588000,-3.809000,29.140000
7.002,-0.023000,0.941000,0.303000,-1.893000,-4.573000,-2.908000,29.050000
7.009,-0.013000,0.923000,0.277000,-2.115000,-1.618000,-0.588000,29.090000
7.023,-0.022000,0.923000,0.274000,-1.336000,1.855000,1.679000,29.090000
7.034,-0.048000,0.929000,0.271000,-0.809000,3.366000,3.290000,29.240000
7.042,-0.074000,0.934000,0.259000,0.718000,3.244000,2.450000,29.240000
7.054,-0.080000,0.945000,0.257000,0.779000,1.779000,0.992000,29.050000
7.061,-0.076000,0.946000,0.262000,1.191000,0.214000,0.023000,29.000000
7.074,-0.063000,0.944000,0.266000,1.115000,-0.656000,-0.206000,29.090000
7.081,-0.049000,0.949000,0.273000,0.924000,-1.298000,0.916000,29.140000
7.093,-0.049000,0.951000,0.280000,0.763000,-1.191000,2.588000,29.140000
7.100,-0.057000,0.957000,0.281000,0.099000,-1.672000,3.382000,29.000000
7.113,-0.080000,0.963000,0.274000,-0.290000,-2.786000,3.992000,29.090000
7.121,-0.076000,0.957000,0.268000,0.626000,-3.153000,2.695000,29.050000
7.133,-0.060000,0.957000,0.279000,0.878000,-2.084000,1.313000,29.140000
7.140,-0.045000,0.951000,0.279000,0.641000,0.969000,0.756000,29.190000
7.153,-0.043000,0.943000,0.283000,0.977000,2.710000,1.053000,29.190000
7.160,-0.052000,0.941000,0.284000,1.160000,3.198000,2.115000,29.140000
7.174,-0.063000,0.941000,0.285000,0.687000,2.107000,3.221000,29.140000
7.180,-0.077000,0.950000,0.292000,-0.382000,-0.489000,4.366000,29.190000
7.192,-0.084000,0.953000,0.285000,-1.443000,-2.962000,4.740000,29.190000
7.204,-0.088000,0.950000,0.281000,-1.313000,-4.466000,3.679000,29.050000
7.211,-0.068000,0.941000,0.276000,-0.496000,-3.855000,2.527000,29.240000
7.224,-0.054000,0.940000,0.275000,0.473000,-1.916000,1.359000,29.190000
7.231,-0.055000,0.937000,0.271000,1.595000,-0.290000,1.649000,29.190000
7.244,-0.061000,0.931000,0.281000,2.061000,0.718000,1.916000,29.240000
7.251,-0.072000,0.939000,0.287000,1.603000,0.153000,2.588000,29.140000
7.263,-0.073000,0.946000,0.291000,0.550000,-1.206000,3.794000,29.140000
7.271,-0.090000,0.949000,0.281000,-0.786000,-2.885000,4.519000,29.190000
7.283,-0.090000,0.957000,0.279000,-1.481000,-4.542000,4.084000,29.000000
7.290,-0.079000,0.935000,0.274000,-1.008000,-5.153000,2.885000,29.140000
7.302,-0.072000,0.949000,0.274000,-0.351000,-5.008000,0.962000,29.050000
7.309,-0.041000,0.939000,0.287000,1.443000,-4.710000,0.183000,29.090000
7.323,-0.021000,0.940000,0.316000,1.298000,-3.641000,0.412000,29.190000
7.329,-0.006000,0.943000,0.320000,0.924000,-2.435000,1.779000,29.050000
7.341,-0.004000,0.941000,0.319000,-0.817000,-1.153000,5.069000,29.240000
7.354,-0.019000,0.947000,0.309000,-2.313000,-0.527000,7.672000,29.190000
7.361,-0.045000,0.944000,0.288000,-3.092000,-1.969000,9.481000,29.090000
7.373,-0.050000,0.939000,0.290000,-2.718000,-2.191000,9.382000,29.140000
7.382,-0.063000,0.940000,0.291000,-2.145000,-3.885000,7.611000,29.140000
7.393,-0.050000,0.941000,0.292000,-2.130000,-4.481000,5.863000,29.140000
7.400,-0.040000,0.947000,0.307000,-2.756000,-4.015000,5.023000,29.090000
7.413,-0.020000,0.953000,0.313000,-3.924000,-3.221000,5.389000,29.190000
7.420,-0.023000,0.940000,0.299000,-4.336000,-1.565000,7.099000,29.050000
7.433,-0.016000,0.952000,0.296000,-4.565000,0.359000,8.389000,29.050000
7.440,-0.019000,0.958000,0.294000,-5.076000,2.779000,9.023000,29.140000
7.452,-0.036000,0.954000,0.280000,-5.076000,5.092000,9.008000,29.090000
7.466,-0.045000,0.964000,0.286000,-4.832000,7.252000,7.351000,29.140000
7.471,-0.050000,0.969000,0.268000,-4.901000,7.695000,6.244000,29.050000
7.484,-0.056000,0.960000,0.246000,-4.580000,7.076000,5.634000,29.050000
7.491,-0.063000,0.958000,0.235000,-4.107000,4.099000,5.252000,29.000000
7.504,-0.067000,0.950000,0.227000,-3.160000,0.382000,5.695000,29.090000
7.510,-0.081000,0.952000,0.223000,-2.618000,-3.748000,5.695000,29.140000
7.523,-0.064000,0.949000,0.219000,-1.305000,-7.153000,4.565000,29.140000
7.531,-0.045000,0.953000,0.239000,0.496000,-8.053000,2.863000,29.280000
7.543,-0.011000,0.954000,0.258000,1.290000,-6.977000,1.908000,29.090000
7.550,0.021000,0.961000,0.269000,2.061000,-4.511000,2.641000,29.140000
7.562,0.036000,0.945000,0.268000,1.779000,-1.511000,5.656000,29.240000
7.570,0.018000,0.932000,0.269000,3.344000,-0.275000,9.588000,29.140000
7.582,-0.009000,0.937000,0.277000,3.641000,-1.229000,12.084000,29.190000
7.591,-0.026000,0.944000,0.286000,3.008000,-3.397000,13.168000,29.190000
7.602,-0.043000,0.937000,0.288000,1.985000,-6.000000,12.969000,29.140000
7.614,-0.053000,0.934000,0.295000,1.160000,-8.534000,11.748000,29.140000
7.622,-0.058000,0.924000,0.309000,0.969000,-10.847000,9.824000,29.140000
7.635,-0.049000,0.927000,0.312000,1.122000,-12.359000,7.168000,29.190000
7.641,-0.032000,0.926000,0.330000,0.756000,-11.939000,5.206000,29.140000
7.653,-0.002000,0.922000,0.332000,0.511000,-10.382000,5.076000,29.140000
7.660,0.013000,0.934000,0.338000,0.260000,-6.794000,5.962000,29.140000
7.673,0.017000,0.947000,0.351000,-1.725000,-2.252000,7.756000,29.090000
7.682,0.001000,0.957000,0.348000,-3.748000,2.618000,9.641000,29.190000
7.693,-0.021000,0.959000,0.320000,-7.733000,5.588000,10.351000,29.140000
7.700,-0.013000,0.988000,0.301000,-7.893000,9.672000,10.298000,29.140000
7.712,-0.042000,0.949000,0.278000,-6.389000,7.977000,8.061000,29.190000
7.720,-0.054000,0.957000,0.236000,-5.595000,8.969000,6.550000,29.190000
7.733,-0.070000,0.942000,0.234000,-2.481000,6.527000,5.756000,29.140000
7.744,-0.069000,0.944000,0.226000,0.290000,5.176000,3.718000,29.050000
7.751,-0.066000,0.945000,0.241000,1.382000,3.855000,2.214000,29.190000
7.764,-0.048000,0.953000,0.268000,2.542000,3.710000,1.000000,29.190000
7.773,-0.036000,0.950000,0.278000,2.344000,4.756000,0.351000,29.240000
7.784,-0.036000,0.947000,0.291000,1.481000,6.160000,1.191000,29.140000
7.791,-0.040000,0.943000,0.278000,0.260000,7.076000,2.046000,29.140000
7.804,-0.044000,0.943000,0.271000,-1.076000,7.366000,2.733000,29.090000
7.811,-0.062000,0.944000,0.250000,-1.458000,5.427000,3.183000,29.090000
7.824,-0.083000,0.938000,0.228000,-0.931000,2.267000,2.664000,29.140000
7.831,-0.079000,0.931000,0.235000,0.527000,-1.229000,0.885000,29.140000
7.843,-0.056000,0.933000,0.253000,3.076000,-3.779000,-1.550000,29.190000
7.850,-0.028000,0.930000,0.271000,5.046000,-4.328000,-2.779000,29.190000
7.863,-0.000000,0.938000,0.296000,5.168000,-2.244000,-2.565000,29.140000
7.870,0.009000,0.941000,0.309000,4.206000,0.290000,-0.450000,29.140000
7.883,-0.003000,0.958000,0.314000,3.069000,2.084000,2.328000,29.190000
7.891,-0.013000,0.969000,0.325000,1.038000,2.550000,3.634000,29.190000
7.902,-0.029000,0.961000,0.301000,-0.122000,2.817000,4.008000,29.140000
7.909,-0.047000,0.966000,0.303000,-0.244000,2.702000,3.244000,29.140000
7.923,-0.045000,0.957000,0.296000,-0.023000,3.366000,1.344000,29.140000
7.935,-0.047000,0.950000,0.284000,0.802000,2.557000,0.168000,29.190000
7.941,-0.055000,0.945000,0.288000,1.573000,1.550000,-0.649000,29.090000
7.954,-0.060000,0.948000,0.283000,2.031000,0.092000,-1.443000,29.140000
7.961,-0.046000,0.947000,0.289000,2.023000,-0.870000,-1.687000,29.240000
7.974,-0.032000,0.957000,0.302000,1.534000,-0.969000,-2.023000,29.140000
7.981,-0.031000,0.959000,0.299000,1.122000,0.206000,-2.656000,29.090000
7.993,-0.029000,0.961000,0.304000,0.924000,1.542000,-3.321000,29.240000
8.000,-0.014000,0.959000,0.303000,0.748000,2.748000,-3.573000,29.140000
8.013,-0.018000,0.942000,0.293000,0.939000,3.069000,-3.618000,29.090000
8.021,-0.016000,0.940000,0.290000,0.916000,3.130000,-2.977000,29.190000
8.033,-0.021000,0.939000,0.289000,0.748000,2.542000,-2.229000,29.140000
8.040,-0.021000,0.941000,0.283000,0.809000,1.015000,-1.412000,29.140000
8.052,-0.019000,0.940000,0.289000,0.275000,0.237000,-1.000000,29.280000
8.059,-0.015000,0.947000,0.290000,-0.260000,-0.649000,-0.458000,29.190000
8.073,-0.016000,0.947000,0.287000,-0.267000,-0.481000,0.183000,29.140000
8.085,-0.014000,0.946000,0.291000,0.282000,-0.771000,0.366000,29.140000
8.091,-0.018000,0.939000,0.288000,0.237000,-0.420000,0.550000,29.090000
8.104,-0.025000,0.940000,0.297000,0.687000,-0.863000,0.557000,29.090000
8.111,-0.030000,0.939000,0.298000,0.198000,-1.397000,0.634000,29.190000
8.123,-0.037000,0.932000,0.296000,-0.443000,-2.198000,0.809000,29.140000
8.131,-0.034000,0.940000,0.290000,-1.458000,-3.115000,1.069000,29.140000
8.143,-0.034000,0.953000,0.280000,-1.947000,-4.229000,0.855000,29.140000
8.150,-0.028000,0.950000,0.280000,-2.214000,-5.290000,0.489000,29.280000
8.162,-0.019000,0.944000,0.288000,-1.580000,-4.389000,-0.550000,29.050000
8.169,-0.006000,0.936000,0.287000,-1.122000,-2.794000,-0.626000,29.140000
8.182,-0.000000,0.947000,0.293000,-1.275000,-0.702000,0.573000,29.190000
8.194,0.001000,0.948000,0.292000,-1.122000,0.076000,2.626000,29.280000
8.202,-0.013000,0.944000,0.284000,-1.634000,0.382000,3.969000,29.140000
8.214,-0.027000,0.952000,0.275000,-1.664000,-0.656000,4.618000,29.140000
8.222,-0.043000,0.957000,0.266000,-1.435000,-1.817000,4.076000,29.280000
8.234,-0.051000,0.956000,0.257000,-0.763000,-2.977000,2.748000,29.190000
8.240,-0.048000,0.950000,0.271000,-0.008000,-3.252000,0.573000,29.330000
8.253,-0.047000,0.947000,0.274000,0.412000,-3.397000,-0.901000,29.240000
8.260,-0.037000,0.946000,0.278000,0.710000,-3.359000,-1.710000,29.190000
8.273,-0.035000,0.944000,0.273000,0.550000,-3.527000,-1.527000,29.280000
8.281,-0.009000,0.945000,0.274000,0.122000,-2.672000,-1.412000,29.190000
8.292,-0.004000,0.943000,0.278000,-0.420000,-1.687000,-0.229000,29.240000
8.304,0.001000,0.933000,0.279000,-0.580000,-0.794000,0.504000,29.140000
8.311,-0.010000,0.935000,0.268000,0.084000,-0.626000,1.504000,29.190000
8.325,-0.018000,0.932000,0.271000,0.298000,-0.939000,2.336000,29.190000
8.331,-0.024000,0.940000,0.266000,1.115000,-1.573000,2.580000,29.140000
8.343,-0.023000,0.953000,0.280000,1.588000,-1.275000,2.679000,29.240000
8.351,-0.015000,0.953000,0.270000,1.786000,-0.298000,2.924000,29.090000
8.363,-0.029000,0.956000,0.280000,2.076000,1.046000,2.847000,29.190000
8.371,-0.044000,0.953000,0.264000,1.908000,1.008000,2.397000,29.240000
8.383,-0.057000,0.950000,0.273000,2.191000,-0.107000,1.855000,29.240000
8.391,-0.063000,0.958000,0.274000,1.802000,-1.641000,0.550000,29.190000
8.403,-0.056000,0.945000,0.279000,1.779000,-3.267000,-0.786000,29.090000
8.410,-0.047000,0.947000,0.295000,1.473000,-3.710000,-1.893000,29.240000
8.423,-0.035000,0.948000,0.293000,0.992000,-3.176000,-2.038000,29.140000
8.429,-0.021000,0.952000,0.299000,0.489000,-2.397000,-1.206000,29.140000
8.442,-0.017000,0.948000,0.295000,-0.160000,-1.405000,-1.168000,29.190000
8.454,-0.008000,0.944000,0.295000,0.802000,-0.214000,-0.771000,29.190000
8.461,-0.010000,0.943000,0.296000,1.137000,1.084000,-0.336000,29.140000
8.474,-0.015000,0.937000,0.287000,1.214000,2.084000,0.328000,29.140000
8.481,-0.022000,0.938000,0.286000,1.099000,2.252000,1.038000,29.240000
8.493,-0.032000,0.947000,0.290000,0.763000,1.687000,1.855000,29.190000
8.501,-0.036000,0.951000,0.289000,-0.023000,0.298000,2.008000,29.140000
8.513,-0.042000,0.952000,0.283000,-0.702000,-0.481000,1.985000,29.240000
8.521,-0.031000,0.956000,0.286000,-0.947000,-0.450000,2.076000,29.190000
8.533,-0.041000,0.948000,0.287000,-0.443000,-0.214000,1.626000,29.090000
8.540,-0.035000,0.956000,0.291000,-0.183000,0.046000,1.084000,29.140000
8.552,-0.051000,0.962000,0.290000,-0.229000,0.130000,0.382000,29.140000
8.559,-0.053000,0.958000,0.286000,-0.573000,-0.817000,0.244000,29.190000
8.573,-0.043000,0.960000,0.286000,-0.802000,-1.115000,-0.214000,29.090000
8.584,-0.041000,0.960000,0.269000,-0.779000,-0.542000,-0.718000,29.190000
8.591,-0.033000,0.943000,0.277000,0.130000,-0.786000,-1.420000,29.050000
8.604,-0.031000,0.935000,0.273000,1.252000,0.779000,-2.008000,29.140000
8.611,-0.032000,0.935000,0.282000,1.771000,0.145000,-2.336000,29.190000
8.624,-0.027000,0.932000,0.285000,1.550000,0.580000,-2.130000,29.190000
8.631,-0.018000,0.936000,0.302000,1.351000,0.122000,-1.649000,29.140000
8.643,-0.000000,0.939000,0.309000,0.885000,1.229000,-0.863000,29.240000
8.650,-0.003000,0.940000,0.309000,-0.382000,2.244000,0.603000,29.240000
8.665,-0.021000,0.934000,0.287000,-1.076000,3.565000,1.710000,29.090000
