time_sec,ax,ay,az,gx,gy,gz,temp_c
0.013,-0.068000,0.266000,0.946000,0.275000,-2.107000,4.634000,28.440000
0.019,-0.071000,0.253000,0.947000,-0.985000,-4.359000,3.435000,28.480000
0.031,-0.047000,0.253000,0.946000,-0.672000,-4.664000,3.489000,28.480000
0.044,-0.010000,0.248000,0.928000,-0.641000,-2.031000,3.580000,28.390000
0.051,-0.018000,0.254000,0.914000,-0.534000,-0.840000,4.244000,28.530000
0.064,-0.025000,0.255000,0.918000,-1.702000,2.427000,5.611000,28.440000
0.070,-0.061000,0.275000,0.927000,-1.473000,0.687000,5.634000,28.390000
0.083,-0.077000,0.269000,0.927000,-2.420000,-0.573000,5.321000,28.480000
0.091,-0.053000,0.265000,0.907000,-3.344000,-1.504000,4.550000,28.480000
0.104,-0.027000,0.239000,0.909000,-2.214000,-1.305000,4.740000,28.440000
0.110,-0.027000,0.242000,0.902000,-1.382000,-0.076000,4.458000,28.620000
0.122,-0.025000,0.249000,0.900000,-2.267000,1.221000,4.290000,28.480000
0.129,-0.027000,0.245000,0.894000,-2.137000,1.153000,4.969000,28.580000
0.142,-0.044000,0.247000,0.891000,-2.046000,0.214000,5.962000,28.480000
0.147,-0.043000,0.243000,0.897000,-1.489000,-1.489000,7.008000,28.530000
0.161,-0.033000,0.241000,0.899000,0.863000,-2.252000,7.504000,28.440000
0.174,-0.033000,0.255000,0.912000,2.000000,-0.496000,5.763000,28.480000
0.181,-0.030000,0.261000,0.924000,1.985000,2.855000,3.252000,28.480000
0.194,-0.035000,0.245000,0.911000,1.198000,3.656000,3.099000,28.480000
0.202,-0.049000,0.241000,0.905000,1.718000,2.977000,3.649000,28.440000
0.213,-0.071000,0.229000,0.903000,2.740000,-0.733000,5.725000,28.530000
0.220,-0.089000,0.251000,0.907000,3.702000,-4.221000,7.634000,28.480000
0.234,-0.097000,0.259000,0.904000,3.756000,-7.565000,7.221000,28.480000
0.240,-0.103000,0.248000,0.908000,4.809000,-11.824000,4.298000,28.480000
0.253,-0.099000,0.258000,0.911000,5.954000,-15.237000,1.000000,28.440000
0.259,-0.044000,0.237000,0.898000,5.656000,-14.718000,-1.763000,28.530000
0.272,0.017000,0.241000,0.904000,7.687000,-12.092000,-2.160000,28.480000
0.280,0.027000,0.261000,0.924000,8.908000,-6.832000,-0.366000,28.480000
0.292,-0.003000,0.288000,0.952000,7.229000,-2.023000,2.137000,28.390000
0.298,-0.045000,0.290000,0.967000,4.779000,-2.489000,4.947000,28.440000
0.311,-0.075000,0.284000,0.984000,2.237000,-5.023000,5.366000,28.440000
0.324,-0.081000,0.274000,0.981000,-0.656000,-6.817000,6.176000,28.480000
0.332,-0.061000,0.271000,0.970000,-3.580000,-4.305000,5.763000,28.480000
0.344,-0.066000,0.258000,0.950000,-4.733000,-1.748000,5.344000,28.480000
0.350,-0.099000,0.254000,0.935000,-5.305000,-1.443000,5.282000,28.530000
0.363,-0.146000,0.259000,0.924000,-5.229000,-5.313000,5.389000,28.530000
0.370,-0.184000,0.245000,0.938000,-2.718000,-14.939000,4.183000,28.390000
0.382,-0.181000,0.250000,0.963000,-0.038000,-23.618000,3.832000,28.480000
0.390,-0.136000,0.258000,0.985000,-0.336000,-23.443000,1.618000,28.440000
0.402,-0.086000,0.280000,1.001000,-2.328000,-18.710000,-0.557000,28.340000
0.413,-0.084000,0.284000,1.006000,-5.473000,-10.237000,-2.275000,28.440000
0.420,-0.116000,0.280000,1.000000,-6.687000,-5.092000,-5.099000,28.580000
0.433,-0.138000,0.273000,0.983000,-6.947000,-5.458000,-8.298000,28.480000
0.440,-0.135000,0.263000,0.969000,-7.038000,-7.656000,-9.771000,28.530000
0.452,-0.117000,0.254000,0.953000,-7.527000,-10.015000,-8.336000,28.530000
0.459,-0.109000,0.240000,0.939000,-7.191000,-9.344000,-5.962000,28.440000
0.471,-0.128000,0.236000,0.935000,-7.275000,-7.389000,-4.374000,28.480000
0.484,-0.166000,0.252000,0.941000,-6.824000,-6.008000,-4.901000,28.480000
0.492,-0.224000,0.235000,0.936000,-5.221000,-10.656000,-8.008000,28.530000
0.503,-0.231000,0.240000,0.947000,-2.802000,-14.130000,-15.977000,28.530000
0.510,-0.204000,0.263000,0.964000,-3.763000,-15.580000,-23.412000,28.440000
0.522,-0.132000,0.236000,0.979000,-5.786000,-10.336000,-26.710000,28.480000
0.529,-0.106000,0.240000,0.952000,-8.107000,-2.221000,-28.008000,28.480000
0.542,-0.118000,0.245000,0.965000,-10.275000,4.023000,-26.023000,28.480000
0.553,-0.187000,0.225000,0.969000,-10.160000,4.573000,-24.191000,28.530000
0.560,-0.240000,0.245000,0.976000,-9.779000,1.267000,-23.405000,28.480000
0.572,-0.264000,0.254000,0.967000,-11.595000,-6.901000,-23.542000,28.480000
0.580,-0.274000,0.251000,0.959000,-11.076000,-16.382000,-27.924000,28.480000
0.591,-0.220000,0.259000,0.926000,-11.840000,-20.702000,-38.237000,28.440000
0.604,-0.121000,0.220000,0.856000,-13.053000,-20.710000,-48.412000,28.530000
0.610,-0.040000,0.182000,0.824000,-7.191000,-21.061000,-53.290000,28.480000
0.622,0.008000,0.184000,0.819000,-2.130000,-19.786000,-54.084000,28.480000
0.630,0.031000,0.231000,0.854000,-1.145000,-20.565000,-49.115000,28.530000
0.643,0.043000,0.249000,0.910000,-1.405000,-22.725000,-42.588000,28.440000
0.654,0.050000,0.278000,0.944000,-4.450000,-19.092000,-36.252000,28.620000
0.661,0.049000,0.265000,0.949000,-9.145000,-14.145000,-30.374000,28.390000
0.673,0.023000,0.252000,0.956000,-10.496000,-7.832000,-28.840000,28.480000
0.681,-0.037000,0.241000,0.943000,-11.122000,-4.046000,-27.817000,28.480000
0.693,-0.100000,0.227000,0.951000,-11.748000,-3.252000,-30.588000,28.530000
0.700,-0.127000,0.231000,0.942000,-11.740000,-5.725000,-34.565000,28.530000
0.711,-0.135000,0.219000,0.953000,-11.084000,-7.519000,-36.748000,28.390000
0.724,-0.123000,0.216000,0.943000,-12.588000,-7.527000,-38.374000,28.580000
0.730,-0.119000,0.217000,0.923000,-13.954000,-5.870000,-39.824000,28.480000
0.743,-0.132000,0.205000,0.911000,-12.740000,-7.046000,-43.267000,28.440000
0.749,-0.128000,0.211000,0.921000,-8.397000,-8.527000,-49.718000,28.530000
0.761,-0.114000,0.222000,0.932000,-6.214000,-11.977000,-53.573000,28.580000
0.773,-0.049000,0.225000,0.945000,-6.137000,-12.344000,-54.160000,28.390000
0.781,-0.011000,0.232000,0.947000,-8.145000,-9.137000,-54.252000,28.530000
0.793,0.003000,0.243000,0.947000,-8.649000,-4.137000,-51.557000,28.530000
0.800,-0.051000,0.231000,0.956000,-8.611000,-3.321000,-46.107000,28.530000
0.812,-0.115000,0.271000,0.962000,-9.534000,-7.489000,-42.611000,28.390000
0.824,-0.157000,0.291000,0.969000,-12.084000,-14.351000,-42.450000,28.580000
0.831,-0.149000,0.259000,0.954000,-13.008000,-19.947000,-45.069000,28.440000
0.844,-0.123000,0.244000,0.948000,-11.473000,-23.397000,-49.618000,28.440000
0.850,-0.098000,0.219000,0.940000,-10.359000,-24.756000,-53.374000,28.530000
0.862,-0.057000,0.222000,0.948000,-8.794000,-24.527000,-56.901000,28.480000
0.874,-0.025000,0.234000,0.948000,-8.107000,-24.695000,-56.527000,28.480000
0.881,0.010000,0.253000,0.940000,-9.412000,-21.267000,-55.687000,28.530000
0.893,0.056000,0.279000,0.954000,-12.038000,-16.573000,-53.679000,28.440000
0.900,0.082000,0.290000,0.951000,-18.107000,-9.076000,-48.641000,28.530000
0.912,0.053000,0.267000,0.941000,-21.679000,-4.878000,-45.542000,28.580000
0.919,0.021000,0.250000,0.938000,-21.718000,-3.237000,-46.389000,28.580000
0.932,0.007000,0.220000,0.924000,-19.969000,-3.305000,-47.008000,28.390000
0.944,-0.009000,0.184000,0.903000,-17.511000,-5.198000,-45.473000,28.530000
0.950,-0.037000,0.194000,0.903000,-15.725000,-7.908000,-45.137000,28.480000
0.963,-0.037000,0.192000,0.900000,-14.771000,-7.756000,-46.718000,28.480000
0.969,-0.027000,0.188000,0.892000,-12.542000,-7.763000,-48.977000,28.480000
0.982,-0.028000,0.186000,0.900000,-10.504000,-2.267000,-50.817000,28.440000
0.994,-0.054000,0.157000,0.898000,-6.137000,-1.298000,-51.901000,28.440000
1.001,-0.100000,0.179000,0.886000,-6.458000,-4.053000,-48.496000,28.580000
1.013,-0.198000,0.156000,0.880000,-9.351000,-14.878000,-41.802000,28.480000
1.020,-0.230000,0.188000,0.929000,-5.878000,-27.420000,-43.710000,28.580000
1.032,-0.227000,0.240000,0.960000,-7.786000,-38.153000,-44.366000,28.530000
1.044,-0.189000,0.244000,0.961000,-9.076000,-40.092000,-47.450000,28.440000
1.051,-0.118000,0.264000,0.948000,-12.931000,-32.153000,-53.595000,28.480000
1.063,-0.078000,0.271000,0.935000,-19.260000,-18.740000,-59.168000,28.480000
1.070,-0.057000,0.256000,0.941000,-28.115000,-3.992000,-66.504000,28.480000
1.082,-0.102000,0.254000,0.893000,-19.115000,1.763000,-76.252000,28.530000
1.094,-0.145000,0.250000,0.928000,-17.611000,-5.237000,-80.130000,28.530000
1.101,-0.117000,0.246000,0.929000,-16.588000,-11.756000,-83.252000,28.480000
1.113,-0.070000,0.206000,0.910000,-19.824000,-21.931000,-80.000000,28.580000
1.120,-0.030000,0.160000,0.888000,-17.931000,-33.374000,-75.733000,28.480000
1.132,0.006000,0.168000,0.872000,-14.870000,-41.763000,-72.985000,28.480000
1.144,0.064000,0.183000,0.882000,-13.634000,-42.000000,-70.985000,28.440000
1.151,0.111000,0.201000,0.897000,-12.069000,-37.626000,-72.260000,28.480000
1.163,0.145000,0.218000,0.915000,-10.473000,-29.580000,-75.618000,28.480000
1.170,0.167000,0.221000,0.920000,-12.748000,-19.519000,-78.527000,28.480000
1.182,0.155000,0.198000,0.903000,-13.588000,-13.443000,-78.290000,28.530000
1.189,0.140000,0.189000,0.892000,-13.412000,-11.626000,-75.725000,28.440000
1.201,0.117000,0.189000,0.880000,-12.550000,-14.519000,-68.901000,28.480000
1.213,0.115000,0.189000,0.886000,-13.053000,-19.244000,-60.847000,28.480000
1.220,0.133000,0.199000,0.861000,-12.366000,-20.427000,-54.374000,28.580000
1.233,0.151000,0.185000,0.858000,-8.832000,-18.382000,-46.290000,28.530000
1.240,0.169000,0.157000,0.860000,-3.863000,-10.397000,-39.313000,28.530000
1.252,0.097000,0.185000,0.858000,-3.618000,-7.221000,-35.160000,28.580000
1.264,-0.014000,0.158000,0.871000,-3.359000,-11.824000,-36.489000,28.480000
1.270,-0.083000,0.163000,0.884000,4.153000,-23.771000,-38.947000,28.480000
1.283,-0.101000,0.193000,0.916000,6.221000,-35.626000,-41.687000,28.440000
1.291,-0.046000,0.207000,0.937000,4.756000,-40.466000,-42.550000,28.440000
1.303,0.028000,0.206000,0.958000,0.328000,-33.527000,-47.504000,28.580000
1.309,0.061000,0.207000,0.967000,-2.687000,-23.733000,-53.985000,28.480000
1.321,0.036000,0.192000,0.972000,-1.870000,-18.282000,-60.076000,28.480000
1.333,0.036000,0.226000,0.970000,-3.885000,-19.473000,-62.069000,28.480000
1.341,0.041000,0.235000,0.979000,-7.389000,-27.458000,-58.718000,28.530000
1.352,0.067000,0.234000,0.958000,-11.740000,-34.947000,-53.901000,28.480000
1.359,0.131000,0.248000,0.929000,-18.618000,-32.588000,-52.901000,28.480000
1.372,0.164000,0.212000,0.915000,-20.359000,-27.534000,-54.061000,28.480000
1.385,0.156000,0.166000,0.899000,-17.786000,-17.443000,-61.679000,28.530000
1.391,0.150000,0.178000,0.899000,-13.908000,-13.137000,-69.565000,28.440000
1.403,0.091000,0.162000,0.920000,-9.802000,-18.565000,-70.160000,28.480000
1.410,0.058000,0.210000,0.921000,-9.573000,-28.840000,-67.466000,28.480000
1.422,0.114000,0.238000,0.948000,-14.099000,-36.924000,-62.977000,28.480000
1.435,0.179000,0.211000,0.931000,-18.282000,-38.748000,-59.840000,28.440000
1.442,0.269000,0.211000,0.922000,-20.832000,-29.366000,-61.641000,28.440000
1.453,0.302000,0.188000,0.896000,-21.511000,-17.542000,-62.389000,28.480000
1.460,0.279000,0.176000,0.873000,-19.458000,-9.008000,-64.366000,28.480000
1.472,0.229000,0.158000,0.874000,-16.840000,-7.076000,-63.519000,28.390000
1.480,0.139000,0.148000,0.878000,-14.237000,-17.061000,-58.405000,28.440000
1.491,0.106000,0.152000,0.883000,-14.298000,-30.794000,-54.649000,28.530000
1.503,0.160000,0.197000,0.918000,-17.458000,-38.160000,-53.290000,28.480000
1.510,0.235000,0.189000,0.938000,-20.641000,-37.443000,-52.198000,28.390000
1.523,0.345000,0.188000,0.936000,-20.817000,-17.756000,-60.634000,28.480000
1.530,0.466000,0.229000,0.925000,-22.122000,10.389000,-68.267000,28.480000
1.542,0.444000,0.205000,0.909000,-21.092000,35.412000,-70.748000,28.440000
1.554,0.296000,0.173000,0.879000,-20.733000,45.603000,-63.565000,28.390000
1.561,0.113000,0.103000,0.855000,-18.817000,33.305000,-54.656000,28.480000
1.573,-0.002000,0.105000,0.855000,-12.931000,6.153000,-50.107000,28.580000
1.580,0.015000,0.079000,0.885000,-10.183000,-19.817000,-47.275000,28.530000
1.592,0.107000,0.128000,0.918000,-7.962000,-34.229000,-45.870000,28.530000
1.600,0.241000,0.156000,0.934000,-6.702000,-30.405000,-50.282000,28.340000
1.611,0.342000,0.167000,0.936000,-9.000000,-16.641000,-51.817000,28.480000
1.624,0.317000,0.132000,0.939000,-9.748000,-3.084000,-48.061000,28.390000
1.631,0.217000,0.129000,0.940000,-10.527000,0.603000,-45.573000,28.530000
1.644,0.119000,0.126000,0.943000,-12.939000,-8.244000,-44.198000,28.440000
1.650,0.093000,0.104000,0.922000,-13.160000,-21.015000,-44.137000,28.440000
1.662,0.163000,0.110000,0.908000,-13.153000,-26.985000,-45.672000,28.390000
1.674,0.233000,0.140000,0.906000,-13.412000,-26.580000,-43.710000,28.390000
1.682,0.315000,0.164000,0.897000,-12.267000,-12.779000,-45.046000,28.480000
1.693,0.364000,0.198000,0.895000,-13.695000,4.008000,-46.664000,28.530000
1.700,0.271000,0.127000,0.904000,-11.748000,12.099000,-43.160000,28.530000
1.713,0.152000,0.114000,0.914000,-8.855000,9.527000,-42.992000,28.480000
1.719,0.059000,0.134000,0.951000,-7.977000,-5.275000,-41.794000,28.480000
1.733,0.037000,0.138000,0.994000,-9.336000,-22.382000,-40.763000,28.390000
1.744,0.104000,0.172000,1.040000,-12.824000,-29.321000,-41.702000,28.480000
1.751,0.242000,0.224000,1.077000,-19.260000,-26.466000,-42.290000,28.530000
1.763,0.336000,0.210000,1.086000,-24.275000,-8.504000,-45.038000,28.580000
1.770,0.389000,0.183000,1.046000,-24.740000,12.313000,-46.389000,28.480000
1.782,0.310000,0.139000,0.979000,-23.267000,23.069000,-45.313000,28.480000
1.790,0.210000,0.102000,0.939000,-22.855000,22.198000,-43.977000,28.530000
1.801,0.118000,0.074000,0.900000,-21.740000,7.832000,-38.527000,28.530000
1.814,0.084000,0.053000,0.900000,-18.076000,-11.168000,-35.168000,28.530000
1.820,0.185000,0.065000,0.897000,-16.244000,-17.931000,-35.672000,28.480000
1.833,0.296000,0.106000,0.897000,-14.931000,-14.962000,-35.695000,28.480000
1.840,0.333000,0.092000,0.861000,-12.695000,-2.275000,-37.466000,28.440000
1.852,0.323000,0.116000,0.840000,-12.099000,10.099000,-43.015000,28.440000
1.857,0.193000,0.063000,0.835000,-8.947000,6.344000,-42.366000,28.530000
1.871,0.095000,0.051000,0.842000,-2.611000,-6.687000,-41.817000,28.390000
1.884,0.057000,0.083000,0.870000,-1.298000,-27.435000,-39.145000,28.580000
1.890,0.066000,0.065000,0.896000,-2.244000,-44.267000,-38.031000,28.480000
1.902,0.172000,0.075000,0.891000,-2.168000,-51.214000,-41.244000,28.440000
1.909,0.336000,0.115000,0.891000,-2.603000,-40.664000,-46.168000,28.530000
1.922,0.413000,0.105000,0.862000,-1.832000,-24.122000,-46.756000,28.580000
1.928,0.409000,0.121000,0.817000,1.649000,-6.863000,-47.038000,28.480000
1.941,0.341000,0.121000,0.786000,2.382000,0.084000,-43.595000,28.390000
1.954,0.094000,0.059000,0.798000,4.863000,-19.573000,-29.557000,28.480000
1.960,-0.096000,0.071000,0.834000,5.481000,-53.397000,-24.405000,28.440000
1.973,-0.105000,0.071000,0.905000,2.916000,-89.618000,-25.237000,28.340000
1.980,0.233000,0.091000,0.939000,0.084000,-87.282000,-36.809000,28.580000
1.992,0.507000,0.135000,0.917000,-1.855000,-63.939000,-45.939000,28.390000
1.999,0.618000,0.105000,0.866000,-0.611000,-23.557000,-54.382000,28.440000
2.012,0.600000,0.124000,0.828000,0.511000,4.641000,-53.252000,28.530000
2.024,0.441000,0.077000,0.803000,1.718000,9.420000,-40.939000,28.440000
2.032,0.167000,0.141000,0.616000,0.038000,-9.038000,-29.809000,28.580000
2.044,0.235000,0.015000,0.838000,1.710000,-22.557000,-21.588000,28.480000
2.051,0.259000,0.042000,0.893000,6.061000,-36.328000,-19.443000,28.530000
2.063,0.410000,0.078000,0.905000,6.763000,-42.794000,-25.634000,28.440000
2.070,0.544000,0.099000,0.945000,6.901000,-27.183000,-26.221000,28.440000
2.082,0.586000,0.150000,0.938000,8.573000,-8.328000,-23.206000,28.480000
2.090,0.554000,0.144000,0.897000,4.450000,9.435000,-19.962000,28.480000
2.102,0.410000,0.074000,0.873000,0.107000,12.282000,-14.069000,28.480000
2.109,0.296000,0.012000,0.863000,2.092000,4.191000,-14.397000,28.530000
2.121,0.281000,0.057000,0.897000,3.069000,-4.298000,-19.290000,28.530000
2.134,0.336000,0.109000,0.865000,0.687000,-12.931000,-22.099000,28.580000
2.141,0.576000,0.115000,0.833000,0.183000,6.863000,-26.237000,28.480000
2.153,0.711000,0.104000,0.815000,3.229000,36.992000,-22.328000,28.480000
2.160,0.638000,0.085000,0.781000,7.069000,61.863000,-15.748000,28.480000
2.173,0.396000,0.062000,0.776000,11.992000,66.550000,-9.832000,28.440000
2.180,0.130000,0.018000,0.831000,16.000000,42.481000,-0.282000,28.480000
2.193,-0.015000,0.051000,0.892000,19.618000,2.908000,3.206000,28.390000
2.199,0.099000,0.120000,0.978000,15.427000,-21.855000,-1.977000,28.480000
2.212,0.267000,0.163000,0.996000,9.198000,-31.855000,-6.298000,28.440000
2.224,0.394000,0.168000,0.955000,4.504000,-20.015000,-11.405000,28.440000
2.231,0.452000,0.181000,0.910000,2.847000,-1.115000,-13.351000,28.480000
2.244,0.344000,0.140000,0.851000,1.573000,6.321000,-7.290000,28.480000
2.251,0.250000,0.081000,0.806000,1.802000,4.405000,-5.214000,28.580000
2.264,0.141000,0.038000,0.805000,6.840000,-10.160000,-3.305000,28.530000
2.270,0.204000,0.040000,0.833000,12.542000,-18.565000,-6.733000,28.440000
2.283,0.291000,0.061000,0.886000,15.389000,-18.710000,-7.817000,28.440000
2.290,0.364000,0.098000,0.913000,15.206000,-11.557000,-9.450000,28.390000
2.302,0.388000,0.105000,0.913000,14.863000,-2.153000,-12.802000,28.480000
2.309,0.402000,0.088000,0.911000,13.107000,0.847000,-14.313000,28.530000
2.321,0.415000,0.060000,0.900000,14.069000,2.313000,-13.916000,28.440000
2.334,0.412000,0.073000,0.919000,16.557000,-1.031000,-8.863000,28.440000
2.341,0.401000,0.114000,0.924000,16.634000,-4.832000,-3.924000,28.480000
2.353,0.467000,0.156000,0.933000,13.153000,-3.580000,-0.076000,28.480000
2.361,0.482000,0.149000,0.923000,12.573000,2.344000,4.519000,28.480000
2.373,0.459000,0.119000,0.932000,11.863000,11.153000,5.260000,28.530000
2.382,0.315000,0.103000,0.943000,10.809000,8.901000,4.817000,28.530000
2.394,0.208000,0.082000,0.949000,11.443000,-3.550000,1.290000,28.480000
2.400,0.250000,0.143000,0.962000,9.977000,-16.656000,-2.481000,28.480000
2.413,0.359000,0.132000,0.955000,4.221000,-22.588000,-2.985000,28.440000
2.419,0.513000,0.135000,0.956000,3.832000,-12.061000,-5.412000,28.440000
2.432,0.557000,0.140000,0.939000,3.863000,2.985000,-4.206000,28.530000
2.440,0.529000,0.140000,0.946000,3.397000,17.618000,-3.924000,28.480000
2.452,0.435000,0.144000,0.930000,2.122000,17.740000,-0.099000,28.480000
2.459,0.363000,0.106000,0.925000,2.053000,9.321000,4.023000,28.530000
2.472,0.370000,0.099000,0.898000,2.153000,-3.153000,6.328000,28.440000
2.479,0.424000,0.117000,0.901000,2.947000,-10.344000,8.885000,28.340000
2.492,0.515000,0.131000,0.904000,4.244000,-7.794000,9.168000,28.480000
2.499,0.555000,0.128000,0.910000,4.840000,0.305000,9.992000,28.480000
2.511,0.548000,0.131000,0.902000,6.198000,10.489000,11.641000,28.340000
2.524,0.518000,0.165000,0.921000,6.176000,15.618000,16.435000,28.440000
2.532,0.445000,0.167000,0.913000,4.969000,14.824000,22.588000,28.530000
2.544,0.395000,0.132000,0.900000,4.084000,10.863000,26.779000,28.390000
2.551,0.393000,0.129000,0.901000,4.641000,9.405000,28.519000,28.390000
2.563,0.416000,0.134000,0.910000,6.519000,11.695000,27.718000,28.480000
2.570,0.417000,0.131000,0.926000,8.160000,17.511000,26.779000,28.530000
2.584,0.367000,0.146000,0.944000,7.649000,20.008000,26.992000,28.440000
2.591,0.313000,0.160000,0.954000,6.908000,17.557000,25.137000,28.390000
2.603,0.246000,0.161000,0.992000,5.985000,7.008000,25.687000,28.480000
2.610,0.249000,0.191000,1.013000,4.878000,-3.832000,24.084000,28.480000
2.622,0.326000,0.226000,1.033000,1.977000,-9.489000,22.527000,28.530000
2.630,0.405000,0.226000,1.050000,-0.824000,-4.969000,23.137000,28.530000
2.643,0.428000,0.206000,1.030000,-4.443000,6.397000,25.427000,28.390000
2.650,0.407000,0.190000,1.004000,-8.351000,18.771000,24.672000,28.390000
2.661,0.378000,0.179000,0.960000,-11.015000,24.901000,22.282000,28.480000
2.674,0.342000,0.147000,0.884000,-15.061000,24.985000,18.244000,28.440000
2.682,0.356000,0.109000,0.841000,-14.626000,20.695000,17.947000,28.530000
2.694,0.389000,0.094000,0.814000,-11.656000,14.504000,22.382000,28.480000
2.700,0.417000,0.104000,0.803000,-9.099000,10.870000,25.763000,28.480000
2.713,0.464000,0.125000,0.799000,-5.710000,9.298000,29.748000,28.480000
2.720,0.487000,0.128000,0.793000,-3.031000,12.405000,33.634000,28.530000
2.732,0.496000,0.128000,0.819000,-1.534000,18.863000,37.275000,28.530000
2.741,0.443000,0.148000,0.837000,-0.878000,20.947000,40.908000,28.480000
2.752,0.341000,0.103000,0.842000,1.588000,17.985000,42.748000,28.480000
2.757,0.312000,0.115000,0.854000,3.099000,13.237000,43.191000,28.480000
2.772,0.322000,0.110000,0.872000,4.542000,6.908000,45.153000,28.440000
2.784,0.335000,0.109000,0.877000,5.450000,5.115000,46.031000,28.530000
2.792,0.390000,0.111000,0.921000,4.687000,11.115000,44.198000,28.480000
2.804,0.402000,0.146000,0.923000,4.664000,20.145000,44.664000,28.480000
2.811,0.366000,0.153000,0.903000,1.160000,23.008000,45.328000,28.530000
2.823,0.309000,0.088000,0.888000,0.710000,21.641000,44.847000,28.530000
2.831,0.267000,0.080000,0.902000,4.122000,16.099000,44.626000,28.440000
2.844,0.293000,0.113000,0.921000,5.855000,9.687000,43.649000,28.480000
2.850,0.359000,0.150000,0.929000,4.542000,8.534000,44.626000,28.480000
2.863,0.397000,0.156000,0.937000,3.420000,13.427000,48.458000,28.440000
2.870,0.416000,0.177000,0.929000,1.580000,22.832000,48.924000,28.530000
2.884,0.381000,0.191000,0.911000,-0.603000,28.550000,49.748000,28.440000
2.890,0.301000,0.149000,0.886000,0.084000,25.260000,51.870000,28.480000
2.902,0.272000,0.127000,0.880000,2.405000,18.771000,53.344000,28.480000
2.909,0.295000,0.147000,0.895000,4.198000,12.008000,54.702000,28.480000
2.922,0.352000,0.147000,0.905000,4.794000,12.840000,56.542000,28.530000
2.930,0.395000,0.178000,0.906000,2.702000,21.679000,59.176000,28.530000
2.942,0.379000,0.166000,0.896000,2.618000,29.954000,59.740000,28.390000
2.954,0.339000,0.129000,0.875000,4.321000,38.107000,57.771000,28.480000
2.961,0.257000,0.114000,0.881000,5.550000,33.237000,59.847000,28.580000
2.974,0.171000,0.131000,0.877000,7.603000,18.718000,63.435000,28.580000
2.982,0.177000,0.135000,0.902000,8.382000,3.015000,67.099000,28.530000
2.994,0.232000,0.135000,0.931000,10.000000,-6.069000,73.794000,28.480000
3.001,0.292000,0.155000,0.956000,10.870000,-5.321000,77.176000,28.480000
3.013,0.303000,0.182000,0.984000,8.534000,3.313000,77.321000,28.580000
3.020,0.251000,0.210000,1.006000,3.779000,12.740000,76.992000,28.440000
3.033,0.182000,0.209000,0.980000,-0.695000,16.443000,73.916000,28.440000
3.040,0.177000,0.191000,0.905000,-4.962000,19.542000,68.794000,28.480000
3.052,0.172000,0.157000,0.843000,-3.061000,17.939000,67.893000,28.480000
3.059,0.177000,0.125000,0.830000,1.725000,17.534000,67.183000,28.480000
3.072,0.167000,0.127000,0.855000,5.313000,15.954000,69.321000,28.530000
3.079,0.189000,0.134000,0.896000,8.214000,14.359000,68.794000,28.440000
3.092,0.223000,0.184000,0.946000,7.458000,15.198000,67.992000,28.390000
3.104,0.163000,0.220000,0.960000,2.557000,7.603000,72.489000,28.580000
3.111,0.167000,0.211000,0.934000,-0.252000,2.382000,72.145000,28.580000
3.124,0.194000,0.183000,0.882000,-1.031000,-3.382000,73.244000,28.440000
3.132,0.208000,0.130000,0.874000,0.481000,-1.618000,76.847000,28.530000
3.143,0.195000,0.125000,0.874000,3.389000,2.878000,74.473000,28.480000
3.151,0.193000,0.159000,0.896000,8.137000,5.740000,70.115000,28.580000
3.163,0.172000,0.157000,0.906000,4.420000,7.290000,69.023000,28.480000
3.170,0.140000,0.178000,0.909000,3.252000,4.771000,69.840000,28.480000
3.183,0.147000,0.169000,0.885000,2.855000,1.351000,69.015000,28.530000
3.192,0.169000,0.137000,0.848000,3.344000,0.580000,71.687000,28.480000
3.203,0.168000,0.120000,0.861000,6.336000,0.000000,78.748000,28.480000
3.210,0.182000,0.132000,0.874000,9.672000,4.427000,76.481000,28.480000
3.223,0.205000,0.177000,0.886000,9.008000,11.145000,73.008000,28.340000
3.230,0.192000,0.199000,0.874000,5.260000,16.260000,72.038000,28.440000
3.243,0.181000,0.204000,0.832000,2.817000,19.099000,68.267000,28.480000
3.249,0.109000,0.142000,0.832000,3.969000,11.863000,69.626000,28.480000
3.262,0.047000,0.131000,0.837000,7.809000,-1.649000,74.580000,28.480000
3.268,0.085000,0.128000,0.843000,10.763000,-12.908000,73.634000,28.530000
3.282,0.202000,0.143000,0.875000,13.008000,-12.634000,74.511000,28.530000
3.294,0.267000,0.192000,0.903000,15.031000,-1.000000,72.779000,28.480000
3.301,0.289000,0.224000,0.910000,12.626000,14.969000,69.328000,28.580000
3.313,0.240000,0.187000,0.878000,8.588000,24.153000,69.496000,28.530000
3.320,0.170000,0.140000,0.846000,10.145000,24.366000,70.397000,28.440000
3.334,0.141000,0.139000,0.846000,13.008000,18.779000,70.626000,28.440000
3.340,0.120000,0.140000,0.863000,15.267000,10.107000,74.061000,28.480000
3.352,0.135000,0.187000,0.877000,16.137000,5.885000,72.740000,28.480000
3.359,0.190000,0.218000,0.886000,15.244000,9.336000,67.603000,28.480000
3.372,0.247000,0.222000,0.901000,12.481000,21.824000,63.817000,28.440000
3.380,0.273000,0.224000,0.873000,10.061000,35.573000,60.779000,28.530000
3.391,0.155000,0.168000,0.878000,11.985000,35.954000,61.427000,28.480000
3.404,0.035000,0.148000,0.908000,14.519000,22.718000,62.916000,28.390000
3.411,0.007000,0.177000,0.954000,16.153000,2.122000,68.908000,28.480000
3.423,0.080000,0.219000,0.982000,14.809000,-12.550000,70.397000,28.530000
3.431,0.191000,0.208000,0.980000,12.168000,-12.939000,71.504000,28.440000
3.444,0.249000,0.223000,0.984000,10.687000,-1.878000,71.878000,28.480000
3.450,0.241000,0.227000,0.949000,7.664000,11.260000,68.679000,28.480000
3.462,0.200000,0.204000,0.907000,4.733000,20.008000,65.985000,28.480000
3.469,0.121000,0.144000,0.869000,5.153000,16.664000,66.809000,28.530000
3.482,0.055000,0.133000,0.839000,8.824000,3.076000,71.954000,28.530000
3.490,0.059000,0.136000,0.827000,13.901000,-10.153000,78.496000,28.480000
3.501,0.126000,0.126000,0.851000,18.969000,-14.359000,83.321000,28.480000
3.514,0.213000,0.171000,0.903000,22.855000,-3.885000,84.168000,28.480000
3.521,0.214000,0.209000,0.940000,25.000000,12.573000,83.527000,28.440000
3.534,0.151000,0.241000,0.960000,22.954000,23.947000,78.832000,28.440000
3.541,0.086000,0.190000,0.940000,21.481000,24.527000,75.313000,28.480000
3.553,-0.007000,0.156000,0.938000,23.168000,14.084000,78.992000,28.480000
3.560,-0.057000,0.164000,0.948000,25.137000,-0.275000,82.847000,28.390000
3.572,-0.042000,0.189000,1.001000,24.603000,-6.618000,82.275000,28.480000
3.580,0.024000,0.199000,1.053000,23.542000,-2.969000,78.008000,28.440000
3.592,0.084000,0.235000,1.076000,21.298000,13.786000,68.389000,28.480000
3.604,0.079000,0.275000,1.077000,15.023000,29.366000,62.397000,28.580000
3.611,0.029000,0.227000,1.029000,8.969000,37.809000,58.282000,28.480000
3.623,-0.014000,0.173000,0.967000,7.527000,36.397000,56.237000,28.530000
3.632,-0.046000,0.135000,0.936000,9.328000,27.954000,57.145000,28.340000
3.644,-0.025000,0.138000,0.920000,10.000000,21.824000,59.176000,28.580000
3.650,0.044000,0.179000,0.925000,8.901000,24.351000,56.359000,28.480000
3.663,0.067000,0.190000,0.919000,8.908000,28.374000,52.626000,28.480000
3.670,0.095000,0.137000,0.873000,11.595000,35.252000,47.229000,28.340000
3.682,0.057000,0.148000,0.872000,12.069000,32.557000,48.237000,28.530000
3.690,-0.026000,0.109000,0.901000,16.328000,20.130000,53.733000,28.480000
3.701,-0.073000,0.161000,0.926000,17.382000,3.771000,59.771000,28.480000
3.714,-0.103000,0.165000,0.974000,16.061000,-12.366000,65.656000,28.530000
3.721,-0.037000,0.181000,0.984000,15.366000,-13.817000,64.229000,28.530000
3.733,0.054000,0.216000,0.985000,12.252000,0.794000,59.008000,28.440000
3.741,0.083000,0.207000,0.972000,8.534000,23.160000,51.809000,28.580000
3.753,0.034000,0.189000,0.923000,7.481000,38.267000,43.397000,28.580000
3.760,-0.041000,0.159000,0.902000,9.099000,39.855000,40.542000,28.480000
3.772,-0.126000,0.085000,0.912000,13.031000,26.183000,43.786000,28.440000
3.781,-0.179000,0.123000,0.963000,16.603000,6.076000,50.229000,28.530000
3.793,-0.169000,0.162000,1.021000,16.496000,-8.962000,53.840000,28.580000
3.804,-0.051000,0.169000,1.055000,13.794000,-6.748000,50.244000,28.480000
3.811,0.065000,0.212000,1.065000,11.008000,11.718000,41.069000,28.530000
3.824,0.088000,0.247000,1.053000,5.550000,32.947000,34.992000,28.530000
3.831,-0.016000,0.196000,1.002000,0.344000,39.435000,32.282000,28.480000
3.844,-0.131000,0.101000,0.950000,1.519000,30.023000,31.305000,28.580000
3.850,-0.202000,0.068000,0.968000,4.504000,5.695000,35.183000,28.480000
3.863,-0.203000,0.068000,1.015000,8.420000,-22.015000,39.931000,28.530000
3.869,-0.106000,0.119000,1.119000,10.626000,-36.992000,37.878000,28.440000
3.882,0.048000,0.184000,1.202000,8.565000,-34.458000,32.779000,28.390000
3.890,0.170000,0.258000,1.234000,0.924000,-16.794000,28.550000,28.480000
3.901,0.224000,0.296000,1.204000,-11.023000,8.198000,27.718000,28.580000
3.914,0.164000,0.220000,1.103000,-19.160000,24.794000,27.534000,28.530000
3.921,0.079000,0.169000,1.002000,-22.595000,31.618000,26.901000,28.530000
3.933,-0.018000,0.117000,0.911000,-22.885000,23.588000,29.809000,28.580000
3.941,-0.059000,0.062000,0.857000,-18.290000,12.672000,29.145000,28.580000
3.952,-0.021000,0.093000,0.841000,-13.542000,6.275000,25.076000,28.480000
3.959,0.052000,0.109000,0.824000,-10.664000,6.580000,21.015000,28.530000
3.972,0.172000,0.131000,0.798000,-8.244000,18.977000,15.282000,28.440000
3.980,0.234000,0.147000,0.797000,-5.046000,33.351000,12.542000,28.580000
3.991,0.185000,0.125000,0.780000,-2.458000,36.977000,14.786000,28.480000
4.004,0.018000,0.008000,0.790000,1.450000,21.359000,25.053000,28.530000
4.011,0.019000,0.033000,0.821000,8.992000,4.069000,31.573000,28.440000
4.023,0.058000,0.077000,0.882000,12.427000,-10.374000,40.374000,28.530000
4.032,0.132000,0.125000,0.918000,13.084000,-5.244000,44.580000,28.480000
4.044,0.190000,0.175000,0.914000,7.947000,14.847000,41.748000,28.480000
4.050,0.148000,0.203000,0.878000,2.511000,40.221000,37.863000,28.530000
4.063,0.028000,0.127000,0.821000,3.092000,53.870000,32.481000,28.440000
4.070,-0.128000,0.076000,0.777000,7.221000,49.412000,26.756000,28.480000
4.082,-0.213000,0.050000,0.785000,11.985000,29.962000,25.053000,28.480000
4.090,-0.217000,0.054000,0.813000,16.115000,9.008000,26.802000,28.480000
4.101,-0.155000,0.093000,0.863000,18.527000,-4.336000,30.435000,28.440000
4.114,-0.075000,0.128000,0.917000,20.916000,-2.931000,28.000000,28.440000
4.121,-0.033000,0.167000,0.957000,21.137000,9.244000,21.137000,28.480000
4.134,-0.036000,0.202000,0.994000,16.878000,22.695000,15.008000,28.480000
4.141,-0.069000,0.195000,0.963000,11.336000,29.252000,10.580000,28.480000
4.153,-0.084000,0.141000,0.928000,8.099000,28.008000,7.710000,28.480000
4.160,-0.080000,0.102000,0.891000,9.366000,18.496000,5.718000,28.530000
4.172,-0.076000,0.084000,0.863000,9.969000,5.015000,6.870000,28.580000
4.180,0.021000,0.080000,0.866000,16.809000,-2.275000,7.466000,28.480000
4.193,0.113000,0.117000,0.861000,18.252000,0.198000,11.962000,28.480000
4.200,0.165000,0.160000,0.864000,18.069000,13.023000,17.901000,28.440000
4.212,0.164000,0.240000,0.866000,13.855000,28.962000,20.656000,28.440000
4.217,0.063000,0.217000,0.859000,8.573000,35.374000,21.893000,28.480000
4.232,0.012000,0.265000,0.889000,3.580000,32.466000,21.267000,28.580000
4.244,-0.029000,0.199000,0.903000,-5.260000,20.374000,24.672000,28.580000
4.251,-0.013000,0.100000,0.919000,-6.435000,10.214000,28.802000,28.530000
4.263,0.060000,0.114000,0.955000,-2.550000,6.504000,32.870000,28.530000
4.270,0.099000,0.127000,0.969000,-5.756000,19.282000,36.473000,28.480000
4.283,0.109000,0.148000,0.986000,-6.031000,40.366000,34.618000,28.480000
4.290,0.032000,0.185000,0.955000,-10.176000,61.344000,34.847000,28.530000
4.302,-0.128000,0.143000,0.912000,-12.901000,70.504000,32.282000,28.530000
4.309,-0.247000,0.108000,0.899000,-8.405000,65.282000,26.565000,28.530000
4.321,-0.334000,0.081000,0.875000,-4.519000,48.489000,17.809000,28.480000
4.334,-0.333000,0.040000,0.861000,2.878000,25.969000,11.145000,28.480000
4.341,-0.254000,0.041000,0.861000,10.809000,7.061000,6.061000,28.580000
4.353,-0.121000,0.054000,0.855000,16.840000,-3.183000,0.504000,28.530000
4.360,-0.002000,0.092000,0.889000,23.351000,-2.160000,-2.313000,28.530000
4.373,0.060000,0.136000,0.909000,26.542000,7.435000,-1.466000,28.480000
4.381,0.077000,0.160000,0.941000,26.611000,15.924000,2.000000,28.580000
4.393,0.035000,0.189000,0.987000,25.359000,21.489000,5.099000,28.440000
4.400,-0.037000,0.184000,1.009000,22.336000,21.420000,7.191000,28.440000
4.412,-0.057000,0.183000,1.028000,19.931000,18.878000,9.298000,28.530000
4.419,-0.035000,0.164000,1.019000,17.901000,19.290000,10.649000,28.480000
4.432,-0.007000,0.175000,1.010000,15.763000,25.511000,10.649000,28.480000
4.444,-0.030000,0.174000,1.001000,15.321000,34.328000,10.359000,28.440000
4.451,-0.116000,0.157000,0.956000,15.397000,33.527000,9.847000,28.440000
4.463,-0.190000,0.141000,0.951000,18.481000,24.183000,11.420000,28.440000
4.470,-0.245000,0.107000,0.967000,21.504000,6.611000,14.870000,28.480000
4.483,-0.219000,0.131000,1.013000,25.458000,-5.122000,12.908000,28.480000
4.490,-0.127000,0.193000,1.064000,24.885000,-7.023000,12.550000,28.530000
4.502,-0.094000,0.196000,1.082000,22.504000,0.221000,9.840000,28.530000
4.509,-0.077000,0.211000,1.092000,22.649000,12.977000,7.038000,28.440000
4.521,-0.113000,0.234000,1.064000,18.496000,20.595000,6.145000,28.580000
4.534,-0.171000,0.219000,1.061000,15.649000,22.710000,5.115000,28.480000
4.541,-0.225000,0.220000,1.024000,13.450000,18.458000,4.405000,28.480000
4.553,-0.261000,0.219000,1.008000,12.252000,8.718000,0.557000,28.530000
4.560,-0.252000,0.202000,1.011000,12.420000,-1.985000,-5.489000,28.530000
4.573,-0.205000,0.215000,1.017000,12.985000,-8.863000,-7.534000,28.580000
4.581,-0.164000,0.225000,1.010000,13.725000,-8.855000,-8.359000,28.480000
4.592,-0.099000,0.249000,0.947000,10.450000,-3.771000,-13.092000,28.530000
4.600,-0.048000,0.214000,0.900000,7.412000,-0.160000,-17.244000,28.440000
4.612,-0.002000,0.240000,0.917000,9.847000,6.000000,-18.382000,28.480000
4.624,-0.015000,0.262000,0.942000,8.809000,9.214000,-15.550000,28.390000
4.632,-0.032000,0.263000,0.958000,6.611000,7.962000,-10.618000,28.580000
4.644,-0.031000,0.253000,0.955000,3.198000,5.176000,-1.977000,28.530000
4.651,-0.041000,0.186000,0.917000,3.733000,0.160000,5.275000,28.440000
4.663,-0.055000,0.187000,0.934000,5.534000,-1.183000,13.702000,28.480000
4.670,-0.098000,0.228000,0.967000,1.931000,0.206000,20.168000,28.480000
4.683,-0.152000,0.226000,0.975000,0.221000,2.389000,18.916000,28.480000
4.692,-0.196000,0.246000,0.968000,-1.710000,6.107000,14.389000,28.440000
4.705,-0.238000,0.260000,0.940000,-7.290000,7.611000,8.641000,28.440000
4.709,-0.257000,0.196000,0.913000,-6.389000,5.435000,-0.275000,28.480000
4.722,-0.260000,0.196000,0.910000,-2.290000,-0.099000,-1.260000,28.580000
4.734,-0.255000,0.198000,0.909000,-1.023000,-6.000000,-1.290000,28.480000
4.741,-0.233000,0.208000,0.914000,0.229000,-10.366000,-3.244000,28.480000
4.754,-0.193000,0.227000,0.920000,0.328000,-10.496000,-5.588000,28.530000
4.760,-0.139000,0.217000,0.910000,0.443000,-9.847000,-7.298000,28.580000
4.773,-0.112000,0.220000,0.905000,1.870000,-7.122000,-6.573000,28.480000
4.781,-0.106000,0.222000,0.898000,0.542000,-5.176000,-6.145000,28.480000
4.793,-0.091000,0.215000,0.898000,0.824000,-2.168000,-4.305000,28.440000
4.801,-0.107000,0.230000,0.918000,0.176000,-0.298000,-0.519000,28.530000
4.812,-0.144000,0.211000,0.921000,-0.878000,-0.397000,0.191000,28.480000
4.819,-0.174000,0.218000,0.918000,-0.740000,-2.847000,-2.473000,28.480000
4.833,-0.168000,0.224000,0.902000,-1.267000,-6.061000,-4.962000,28.530000
4.844,-0.144000,0.209000,0.876000,-0.542000,-8.382000,-4.573000,28.530000
4.851,-0.111000,0.200000,0.878000,2.397000,-8.725000,-5.160000,28.530000
4.863,-0.121000,0.213000,0.883000,4.695000,-7.885000,-4.534000,28.480000
4.870,-0.151000,0.229000,0.895000,2.763000,-7.878000,-3.771000,28.480000
4.883,-0.187000,0.196000,0.889000,4.046000,-13.679000,-5.412000,28.440000
4.890,-0.175000,0.209000,0.908000,6.962000,-18.977000,-6.809000,28.440000
4.902,-0.155000,0.225000,0.944000,5.985000,-23.015000,-5.458000,28.530000
4.908,-0.111000,0.253000,0.941000,0.840000,-20.374000,-5.160000,28.580000
4.921,-0.066000,0.214000,0.904000,-0.832000,-15.015000,-8.908000,28.480000
4.934,-0.035000,0.194000,0.885000,2.351000,-6.954000,-14.107000,28.480000
4.942,-0.026000,0.194000,0.872000,5.008000,-1.160000,-16.183000,28.530000
4.953,-0.030000,0.219000,0.904000,7.916000,0.443000,-15.542000,28.620000
4.960,-0.053000,0.241000,0.934000,7.748000,-2.015000,-11.733000,28.480000
4.972,-0.052000,0.251000,0.940000,2.802000,-3.473000,-6.107000,28.480000
4.980,-0.045000,0.222000,0.921000,2.160000,-2.565000,-1.130000,28.530000
4.992,-0.068000,0.234000,0.902000,2.191000,-0.206000,-3.191000,28.440000
4.998,-0.069000,0.196000,0.894000,5.435000,-0.061000,-7.954000,28.440000
5.011,-0.054000,0.219000,0.899000,8.252000,0.443000,-10.634000,28.480000
5.024,-0.046000,0.211000,0.913000,10.275000,-1.992000,-12.580000,28.580000
5.031,-0.059000,0.226000,0.914000,10.634000,-4.794000,-11.061000,28.440000
5.043,-0.046000,0.231000,0.938000,10.565000,-4.260000,-7.931000,28.530000
5.051,-0.038000,0.269000,0.965000,7.985000,-3.611000,-4.221000,28.480000
5.062,-0.066000,0.251000,0.958000,3.626000,-0.130000,-1.809000,28.480000
5.069,-0.102000,0.240000,0.917000,1.031000,-0.473000,-2.427000,28.480000
5.083,-0.122000,0.200000,0.902000,4.298000,-3.786000,-7.489000,28.530000
5.090,-0.094000,0.215000,0.889000,7.481000,-8.817000,-9.260000,28.440000
5.102,-0.066000,0.202000,0.890000,11.023000,-12.053000,-10.214000,28.440000
5.113,-0.059000,0.227000,0.915000,12.351000,-15.168000,-6.130000,28.480000
5.120,-0.057000,0.254000,0.943000,10.580000,-15.130000,-2.710000,28.390000
5.133,-0.070000,0.246000,0.955000,8.145000,-14.000000,-0.351000,28.580000
5.140,-0.096000,0.244000,0.945000,6.084000,-12.069000,-1.641000,28.530000
5.152,-0.075000,0.245000,0.916000,5.221000,-9.863000,-6.634000,28.580000
5.159,-0.065000,0.219000,0.897000,8.008000,-8.626000,-12.107000,28.390000
5.171,-0.032000,0.244000,0.927000,10.481000,-8.435000,-15.000000,28.480000
5.183,-0.019000,0.258000,0.938000,10.168000,-8.916000,-10.908000,28.440000
5.191,-0.030000,0.245000,0.941000,10.183000,-9.511000,-7.519000,28.530000
5.203,-0.051000,0.256000,0.946000,9.275000,-11.107000,-5.344000,28.480000
5.210,-0.069000,0.261000,0.946000,6.863000,-11.969000,-3.802000,28.480000
5.222,-0.077000,0.271000,0.910000,3.168000,-13.519000,-4.939000,28.480000
5.230,-0.061000,0.217000,0.897000,7.076000,-18.191000,-9.527000,28.620000
5.242,-0.033000,0.235000,0.918000,10.382000,-22.221000,-9.473000,28.440000
5.254,-0.042000,0.244000,0.942000,9.130000,-26.794000,-6.023000,28.530000
5.261,-0.027000,0.278000,0.949000,7.634000,-26.863000,-3.740000,28.480000
5.273,0.021000,0.283000,0.964000,6.221000,-21.130000,-2.962000,28.480000
5.281,0.036000,0.273000,0.929000,3.641000,-10.191000,-4.664000,28.530000
5.294,0.008000,0.260000,0.901000,1.053000,-3.092000,-7.634000,28.530000
5.301,-0.009000,0.260000,0.899000,1.748000,1.252000,-9.893000,28.440000
5.312,-0.040000,0.255000,0.864000,2.863000,-1.405000,-8.519000,28.480000
5.319,-0.053000,0.246000,0.864000,5.328000,-6.458000,-5.588000,28.480000
5.333,-0.047000,0.240000,0.864000,7.489000,-11.229000,-5.748000,28.580000
5.344,-0.027000,0.243000,0.874000,9.397000,-14.489000,-5.794000,28.530000
5.351,-0.023000,0.264000,0.904000,9.603000,-15.832000,-5.595000,28.440000
5.363,0.006000,0.282000,0.913000,7.420000,-14.450000,-5.435000,28.480000
5.370,0.025000,0.273000,0.913000,6.366000,-12.702000,-4.191000,28.480000
5.383,0.032000,0.290000,0.927000,4.718000,-9.053000,-1.718000,28.440000
5.392,0.032000,0.279000,0.908000,2.893000,-6.443000,2.595000,28.530000
5.403,0.015000,0.270000,0.906000,2.244000,-5.267000,3.588000,28.440000
5.410,0.002000,0.260000,0.904000,2.794000,-6.611000,3.229000,28.580000
5.423,0.008000,0.264000,0.916000,3.557000,-6.626000,2.115000,28.390000
5.430,0.027000,0.274000,0.932000,3.038000,-4.672000,0.588000,28.530000
5.444,0.029000,0.272000,0.937000,1.817000,-1.473000,0.366000,28.440000
5.450,0.029000,0.275000,0.936000,-0.344000,3.084000,0.603000,28.530000
5.476,-0.002000,0.255000,0.935000,0.168000,3.908000,0.389000,28.480000
5.476,-0.022000,0.265000,0.937000,1.099000,3.160000,1.130000,28.480000
