time_sec,ax,ay,az,gx,gy,gz,temp_c
0.013,0.034000,0.206000,0.928000,-5.809000,-2.908000,13.908000,28.200000
0.019,0.003000,0.211000,0.919000,-4.527000,-1.565000,14.679000,28.250000
0.031,-0.016000,0.202000,0.925000,-2.023000,1.290000,15.191000,28.290000
0.044,-0.061000,0.200000,0.949000,-2.107000,3.397000,11.931000,28.200000
0.051,-0.088000,0.195000,0.970000,-2.115000,2.664000,7.977000,28.290000
0.063,-0.087000,0.205000,0.969000,-4.473000,0.786000,4.137000,28.340000
0.070,-0.075000,0.200000,0.976000,-7.069000,-1.977000,2.817000,28.150000
0.086,-0.047000,0.188000,0.956000,-8.435000,-4.130000,1.359000,28.290000
0.090,-0.018000,0.218000,0.974000,-10.275000,-5.969000,3.786000,28.290000
0.102,-0.014000,0.210000,0.968000,-11.885000,-10.023000,6.305000,28.290000
0.110,0.027000,0.197000,0.966000,-13.748000,-9.962000,5.611000,28.250000
0.122,0.080000,0.194000,0.948000,-15.527000,-9.397000,7.260000,28.250000
0.127,0.109000,0.185000,0.958000,-15.344000,-2.939000,7.847000,28.290000
0.141,0.117000,0.185000,0.942000,-17.534000,4.893000,8.786000,28.290000
0.154,0.085000,0.153000,0.928000,-16.611000,10.206000,9.038000,28.290000
0.161,0.047000,0.174000,0.906000,-11.397000,10.939000,10.954000,28.250000
0.174,-0.028000,0.169000,0.909000,-11.908000,4.519000,10.221000,28.250000
0.180,-0.033000,0.153000,0.906000,-10.076000,-2.626000,6.847000,28.200000
0.192,-0.019000,0.155000,0.923000,-3.672000,-8.099000,6.153000,28.290000
0.200,-0.011000,0.158000,0.945000,-2.191000,-10.603000,4.794000,28.290000
0.212,0.016000,0.154000,0.957000,-3.145000,-7.328000,7.733000,28.390000
0.219,0.039000,0.165000,0.964000,-5.015000,1.244000,8.863000,28.250000
0.233,-0.001000,0.169000,1.004000,-6.977000,11.985000,7.260000,28.200000
0.244,-0.028000,0.167000,1.007000,-8.282000,23.359000,8.878000,28.290000
0.251,-0.088000,0.153000,0.971000,-11.557000,26.542000,5.954000,28.200000
0.263,-0.134000,0.159000,0.950000,-15.076000,24.588000,2.832000,28.340000
0.270,-0.166000,0.124000,0.915000,-19.481000,19.038000,-1.550000,28.250000
0.282,-0.156000,0.115000,0.900000,-15.405000,14.817000,-3.641000,28.290000
0.290,-0.165000,0.130000,0.896000,-11.618000,11.427000,-4.107000,28.290000
0.302,-0.193000,0.131000,0.912000,-6.374000,6.550000,-7.115000,28.290000
0.309,-0.203000,0.140000,0.956000,-3.534000,7.099000,-15.466000,28.340000
0.321,-0.228000,0.159000,1.000000,-4.878000,9.412000,-21.664000,28.250000
0.335,-0.243000,0.142000,1.007000,-6.458000,11.008000,-31.504000,28.290000
0.341,-0.254000,0.124000,0.988000,-7.282000,4.985000,-36.985000,28.290000
0.353,-0.219000,0.129000,0.983000,-7.290000,0.611000,-40.298000,28.290000
0.359,-0.187000,0.130000,0.973000,-7.076000,-1.664000,-41.145000,28.340000
0.372,-0.173000,0.144000,0.967000,-5.122000,-4.718000,-39.931000,28.250000
0.379,-0.148000,0.177000,0.975000,-5.031000,-3.534000,-40.511000,28.390000
0.392,-0.143000,0.193000,1.015000,-6.908000,-2.573000,-39.389000,28.290000
0.403,-0.161000,0.178000,1.032000,-6.687000,-2.931000,-41.481000,28.290000
0.410,-0.184000,0.183000,1.041000,-9.656000,-4.779000,-43.466000,28.290000
0.425,-0.173000,0.148000,1.028000,-11.107000,-7.786000,-48.229000,28.250000
0.430,-0.139000,0.164000,1.026000,-12.863000,-8.237000,-50.992000,28.290000
0.442,-0.085000,0.180000,1.000000,-16.847000,-4.855000,-53.649000,28.290000
0.454,-0.051000,0.185000,0.995000,-19.153000,0.634000,-55.107000,28.290000
0.461,-0.037000,0.196000,0.979000,-21.511000,5.771000,-53.489000,28.250000
0.475,-0.039000,0.204000,0.985000,-23.023000,6.618000,-48.000000,28.250000
0.480,-0.075000,0.219000,1.033000,-24.969000,3.878000,-43.374000,28.290000
0.493,-0.067000,0.187000,1.030000,-24.832000,0.855000,-38.634000,28.290000
0.499,-0.041000,0.176000,1.018000,-24.748000,2.382000,-39.718000,28.290000
0.511,-0.050000,0.181000,1.033000,-24.115000,5.145000,-39.397000,28.250000
0.524,-0.052000,0.142000,0.992000,-27.878000,7.695000,-40.947000,28.250000
0.532,-0.080000,0.140000,0.969000,-29.878000,8.565000,-44.847000,28.290000
0.543,-0.090000,0.123000,0.926000,-28.893000,6.069000,-46.176000,28.290000
0.549,-0.089000,0.123000,0.898000,-27.244000,4.450000,-48.908000,28.290000
0.562,-0.091000,0.120000,0.882000,-25.527000,-0.420000,-51.511000,28.340000
0.574,-0.054000,0.113000,0.880000,-22.107000,-2.954000,-54.855000,28.340000
0.581,-0.039000,0.122000,0.891000,-20.863000,-3.977000,-56.840000,28.290000
0.593,-0.021000,0.118000,0.918000,-18.496000,-4.122000,-60.855000,28.290000
0.600,0.019000,0.136000,0.957000,-15.901000,-1.611000,-62.351000,28.200000
0.612,0.058000,0.149000,0.993000,-15.634000,7.992000,-62.985000,28.250000
0.619,0.053000,0.133000,0.965000,-21.191000,12.107000,-60.855000,28.340000
0.635,0.044000,0.100000,0.932000,-24.832000,14.718000,-58.267000,28.200000
0.643,0.025000,0.081000,0.889000,-22.511000,15.206000,-55.580000,28.200000
0.651,-0.019000,0.075000,0.878000,-19.695000,11.015000,-49.550000,28.250000
0.663,-0.066000,0.062000,0.881000,-15.328000,3.550000,-49.237000,28.250000
0.670,-0.066000,0.077000,0.915000,-9.275000,1.168000,-56.389000,28.250000
0.682,-0.050000,0.085000,0.958000,-7.115000,-0.580000,-58.832000,28.200000
0.689,-0.005000,0.083000,0.959000,-3.481000,5.916000,-63.519000,28.290000
0.701,0.020000,0.088000,0.949000,-3.122000,12.153000,-65.954000,28.250000
0.713,-0.007000,0.093000,0.948000,-7.397000,12.099000,-63.145000,28.250000
0.720,-0.008000,0.108000,0.927000,-13.282000,14.427000,-56.832000,28.340000
0.733,-0.046000,0.097000,0.913000,-14.557000,14.053000,-50.511000,28.290000
0.739,-0.075000,0.100000,0.903000,-12.763000,17.733000,-48.656000,28.390000
0.751,-0.126000,0.101000,0.931000,-11.458000,18.038000,-45.740000,28.340000
0.764,-0.193000,0.078000,0.935000,-7.893000,15.160000,-49.252000,28.340000
0.771,-0.220000,0.070000,0.953000,-6.229000,10.695000,-57.435000,28.340000
0.783,-0.216000,0.054000,0.942000,-6.985000,-0.305000,-61.977000,28.290000
0.790,-0.189000,0.039000,0.927000,-6.115000,-8.893000,-65.626000,28.290000
0.802,-0.135000,0.047000,0.917000,-4.267000,-14.695000,-65.458000,28.290000
0.807,-0.129000,0.059000,0.920000,-1.634000,-19.718000,-63.756000,28.250000
0.821,-0.129000,0.091000,0.945000,-0.786000,-24.313000,-58.153000,28.250000
0.835,-0.162000,0.125000,0.952000,-0.168000,-34.405000,-54.351000,28.390000
0.840,-0.149000,0.103000,0.964000,2.397000,-40.916000,-55.298000,28.290000
0.852,-0.139000,0.161000,0.964000,-1.756000,-46.359000,-59.969000,28.250000
0.859,-0.049000,0.157000,0.970000,-8.542000,-44.511000,-60.481000,28.250000
0.871,-0.022000,0.127000,0.964000,-12.924000,-37.374000,-63.244000,28.250000
0.883,-0.009000,0.102000,0.957000,-13.885000,-27.466000,-67.504000,28.290000
0.890,0.003000,0.130000,0.954000,-16.084000,-17.878000,-71.206000,28.200000
0.902,-0.019000,0.084000,0.949000,-17.008000,-14.939000,-71.786000,28.340000
0.909,0.004000,0.096000,0.915000,-16.595000,-15.031000,-70.962000,28.340000
0.921,0.031000,0.102000,0.914000,-16.878000,-13.679000,-70.534000,28.250000
0.934,0.044000,0.074000,0.905000,-14.947000,-11.740000,-68.725000,28.290000
0.940,0.049000,0.079000,0.884000,-13.824000,-9.328000,-68.763000,28.290000
0.952,0.059000,0.076000,0.895000,-9.038000,-5.107000,-64.794000,28.290000
0.959,0.027000,0.071000,0.922000,-2.809000,-4.000000,-65.679000,28.340000
0.972,-0.024000,0.103000,0.924000,-5.076000,-7.702000,-68.573000,28.250000
0.984,-0.041000,0.116000,0.945000,-9.206000,-9.168000,-73.282000,28.290000
0.992,-0.024000,0.098000,0.937000,-6.511000,-8.153000,-76.237000,28.290000
1.003,0.024000,0.148000,0.963000,-6.435000,-3.740000,-71.740000,28.290000
1.010,0.030000,0.139000,0.979000,-9.420000,3.405000,-67.443000,28.290000
1.025,0.002000,0.128000,0.985000,-19.840000,9.046000,-66.351000,28.250000
1.030,0.009000,0.077000,0.979000,-24.863000,17.244000,-68.321000,28.290000
1.043,-0.057000,0.034000,0.938000,-24.473000,17.076000,-67.527000,28.200000
1.054,-0.126000,-0.002000,0.945000,-21.450000,5.504000,-66.954000,28.290000
1.061,-0.168000,0.018000,0.958000,-15.603000,-14.023000,-63.901000,28.340000
1.073,-0.109000,0.033000,0.953000,-12.672000,-27.443000,-65.580000,28.340000
1.080,-0.012000,0.068000,0.971000,-13.969000,-28.718000,-68.282000,28.290000
1.092,0.085000,0.098000,0.973000,-17.496000,-18.649000,-72.237000,28.290000
1.104,0.148000,0.097000,0.957000,-22.267000,-3.351000,-73.168000,28.250000
1.111,0.145000,0.058000,0.935000,-25.954000,9.260000,-66.282000,28.250000
1.124,0.057000,0.023000,0.875000,-25.069000,10.710000,-62.153000,28.250000
1.130,-0.019000,0.005000,0.831000,-22.000000,-0.023000,-59.092000,28.290000
1.143,-0.052000,-0.012000,0.825000,-17.244000,-14.855000,-56.656000,28.290000
1.148,0.004000,-0.002000,0.833000,-11.702000,-22.420000,-59.008000,28.250000
1.161,0.062000,0.032000,0.867000,-9.679000,-24.031000,-62.786000,28.340000
1.174,0.161000,0.043000,0.876000,-9.206000,-13.069000,-66.313000,28.340000
1.180,0.184000,0.043000,0.883000,-10.710000,-1.519000,-66.908000,28.290000
1.193,0.152000,0.022000,0.889000,-11.282000,3.260000,-64.435000,28.290000
1.199,0.095000,0.034000,0.901000,-9.458000,-5.031000,-57.405000,28.200000
1.212,0.062000,0.066000,0.930000,-12.015000,-21.763000,-46.504000,28.250000
1.224,0.055000,0.056000,0.921000,-12.206000,-41.969000,-34.000000,28.290000
1.232,0.094000,0.048000,0.935000,-12.832000,-53.832000,-26.405000,28.290000
1.243,0.161000,0.033000,0.947000,-16.885000,-54.847000,-24.725000,28.290000
1.250,0.213000,0.023000,0.928000,-16.122000,-47.687000,-28.313000,28.250000
1.262,0.259000,-0.005000,0.890000,-13.603000,-34.733000,-34.748000,28.250000
1.274,0.261000,-0.009000,0.894000,-11.595000,-24.405000,-36.198000,28.290000
1.282,0.218000,-0.008000,0.947000,-7.542000,-18.427000,-35.290000,28.200000
1.293,0.098000,0.008000,0.973000,-6.809000,-18.786000,-31.756000,28.290000
1.299,0.134000,0.005000,1.008000,-10.802000,-26.565000,-34.618000,28.340000
1.312,0.165000,0.002000,1.049000,-16.122000,-23.275000,-38.366000,28.250000
1.324,0.213000,-0.014000,1.045000,-18.931000,-10.160000,-47.115000,28.290000
1.332,0.213000,-0.013000,0.995000,-20.275000,0.977000,-54.252000,28.290000
1.344,0.170000,-0.023000,0.961000,-19.832000,0.916000,-55.466000,28.290000
1.350,0.095000,-0.037000,0.911000,-16.511000,-13.466000,-56.672000,28.340000
1.362,0.083000,-0.043000,0.886000,-13.527000,-27.573000,-58.458000,28.340000
1.368,0.161000,-0.042000,0.897000,-12.443000,-33.374000,-59.183000,28.290000
1.382,0.232000,-0.045000,0.932000,-12.115000,-29.618000,-62.992000,28.290000
1.393,0.338000,-0.022000,0.936000,-11.725000,-14.878000,-67.145000,28.200000
1.400,0.381000,-0.003000,0.923000,-10.618000,-0.450000,-65.847000,28.150000
1.412,0.413000,0.011000,0.909000,-12.000000,14.023000,-64.962000,28.440000
1.419,0.342000,-0.009000,0.879000,-11.084000,19.664000,-55.962000,28.290000
1.432,0.230000,-0.058000,0.861000,-8.076000,14.313000,-49.328000,28.290000
1.444,0.156000,-0.077000,0.876000,-6.733000,3.565000,-47.756000,28.250000
1.450,0.157000,-0.091000,0.890000,-4.145000,-6.893000,-48.947000,28.340000
1.463,0.197000,-0.066000,0.910000,-1.504000,-11.847000,-51.649000,28.250000
1.469,0.248000,-0.031000,0.911000,-1.916000,-11.992000,-52.534000,28.290000
1.482,0.300000,-0.009000,0.895000,-2.458000,-9.008000,-48.412000,28.200000
1.494,0.291000,-0.006000,0.858000,-2.679000,-4.405000,-44.122000,28.200000
1.501,0.216000,-0.031000,0.829000,-3.282000,-2.954000,-39.908000,28.250000
1.513,0.133000,-0.069000,0.826000,-1.519000,-7.931000,-40.748000,28.340000
1.520,0.128000,-0.064000,0.861000,0.366000,-12.305000,-47.450000,28.200000
1.532,0.188000,-0.049000,0.897000,0.809000,-14.038000,-52.015000,28.290000
1.539,0.290000,-0.017000,0.910000,1.351000,-9.885000,-51.603000,28.200000
1.552,0.391000,0.015000,0.917000,-0.511000,1.901000,-46.969000,28.250000
1.564,0.398000,0.019000,0.892000,-1.573000,14.313000,-38.031000,28.340000
1.571,0.289000,-0.021000,0.857000,-1.237000,19.710000,-28.740000,28.290000
1.583,0.093000,-0.079000,0.840000,-0.023000,12.267000,-25.542000,28.290000
1.591,-0.040000,-0.118000,0.862000,5.939000,-7.290000,-30.221000,28.290000
1.602,-0.055000,-0.090000,0.935000,6.771000,-26.893000,-40.305000,28.250000
1.609,0.049000,-0.040000,0.989000,6.038000,-39.053000,-52.382000,28.250000
1.622,0.195000,-0.026000,1.034000,3.771000,-41.031000,-60.878000,28.290000
1.635,0.311000,0.015000,1.023000,0.183000,-36.183000,-62.931000,28.200000
1.641,0.432000,0.049000,0.973000,-2.863000,-21.443000,-61.771000,28.250000
1.653,0.488000,0.033000,0.940000,-10.420000,-1.374000,-53.794000,28.340000
1.660,0.466000,-0.024000,0.883000,-11.237000,17.840000,-44.786000,28.340000
1.672,0.353000,-0.048000,0.872000,-9.595000,27.511000,-39.626000,28.290000
1.679,0.220000,-0.082000,0.867000,-7.206000,20.931000,-36.031000,28.290000
1.691,0.148000,-0.060000,0.888000,-3.160000,5.374000,-36.435000,28.340000
1.703,0.140000,-0.046000,0.902000,-1.847000,-14.061000,-35.969000,28.340000
1.710,0.171000,-0.040000,0.898000,-1.458000,-27.298000,-37.305000,28.250000
1.725,0.265000,-0.051000,0.891000,-2.298000,-26.985000,-37.557000,28.290000
1.729,0.389000,-0.047000,0.896000,-2.985000,-12.595000,-42.130000,28.290000
1.741,0.442000,-0.031000,0.920000,-2.809000,4.115000,-43.145000,28.250000
1.754,0.420000,-0.007000,0.914000,-2.519000,14.634000,-40.382000,28.340000
1.760,0.385000,0.018000,0.913000,-3.427000,14.427000,-36.313000,28.250000
1.774,0.369000,0.013000,0.879000,-4.092000,9.076000,-27.771000,28.290000
1.780,0.339000,0.002000,0.851000,-2.863000,4.374000,-19.550000,28.290000
1.793,0.314000,-0.023000,0.828000,-1.939000,7.031000,-15.763000,28.290000
1.799,0.195000,-0.103000,0.852000,0.802000,6.893000,-14.038000,28.250000
1.812,0.149000,-0.127000,0.905000,6.763000,2.924000,-19.573000,28.250000
1.819,0.114000,-0.058000,0.957000,8.359000,-10.893000,-23.817000,28.200000
1.831,0.227000,-0.044000,1.017000,5.290000,-23.336000,-26.725000,28.290000
1.844,0.329000,-0.013000,1.017000,3.763000,-31.519000,-24.366000,28.250000
1.850,0.407000,0.001000,1.010000,2.695000,-36.473000,-15.405000,28.250000
1.863,0.469000,0.013000,0.967000,1.763000,-30.435000,-7.168000,28.290000
1.870,0.541000,0.006000,0.963000,-1.779000,-7.557000,1.725000,28.290000
1.883,0.469000,-0.008000,0.942000,-2.473000,17.115000,9.420000,28.200000
1.890,0.313000,-0.042000,0.927000,-5.130000,34.252000,12.992000,28.340000
1.902,0.139000,-0.081000,0.915000,-4.809000,33.458000,11.924000,28.250000
1.909,0.060000,-0.080000,0.902000,-1.786000,24.252000,3.443000,28.290000
1.921,0.049000,-0.082000,0.902000,-0.542000,10.023000,0.389000,28.290000
1.935,0.083000,-0.068000,0.890000,0.656000,3.885000,-7.664000,28.340000
1.941,0.214000,-0.041000,0.891000,-1.466000,13.290000,-18.519000,28.340000
1.953,0.282000,-0.048000,0.894000,-4.466000,31.786000,-23.779000,28.250000
1.960,0.274000,-0.046000,0.876000,-2.443000,47.450000,-28.023000,28.290000
1.972,0.219000,-0.072000,0.879000,-0.397000,48.221000,-26.282000,28.390000
1.980,0.086000,-0.088000,0.901000,1.679000,28.573000,-22.458000,28.290000
1.992,0.025000,-0.071000,0.918000,4.275000,0.000000,-20.290000,28.340000
2.004,0.070000,-0.039000,0.930000,4.122000,-27.122000,-19.504000,28.290000
2.011,0.142000,-0.031000,0.924000,4.046000,-42.053000,-16.908000,28.290000
2.023,0.296000,-0.017000,0.914000,2.298000,-33.366000,-18.809000,28.290000
2.030,0.389000,-0.045000,0.912000,-0.924000,-12.763000,-16.824000,28.250000
2.043,0.389000,-0.041000,0.910000,2.847000,17.511000,-21.443000,28.340000
2.049,0.282000,-0.035000,0.918000,2.611000,23.359000,-18.183000,28.390000
2.062,0.135000,-0.080000,0.948000,2.412000,14.458000,-14.412000,28.290000
2.075,0.075000,-0.045000,0.969000,0.794000,-5.809000,-15.847000,28.200000
2.081,0.133000,-0.037000,0.971000,-0.763000,-21.229000,-16.130000,28.250000
2.093,0.163000,-0.015000,0.932000,-2.542000,-28.588000,-16.878000,28.250000
2.100,0.202000,-0.029000,0.914000,-1.664000,-25.336000,-19.924000,28.200000
2.112,0.259000,-0.015000,0.933000,-5.046000,-15.695000,-22.221000,28.200000
2.117,0.306000,-0.033000,0.865000,-4.542000,-3.443000,-26.336000,28.200000
2.132,0.363000,-0.035000,0.857000,-4.008000,9.565000,-28.153000,28.340000
2.144,0.321000,-0.070000,0.861000,-1.481000,10.382000,-22.473000,28.340000
2.150,0.266000,-0.068000,0.874000,1.763000,4.092000,-19.588000,28.290000
2.163,0.270000,-0.064000,0.889000,4.740000,-4.137000,-15.718000,28.200000
2.170,0.276000,-0.058000,0.910000,5.366000,-9.160000,-16.397000,28.290000
2.182,0.318000,-0.057000,0.919000,7.435000,-7.107000,-19.351000,28.340000
2.189,0.351000,-0.037000,0.936000,6.214000,-2.824000,-18.756000,28.150000
2.201,0.339000,-0.037000,0.934000,5.252000,1.031000,-17.962000,28.200000
2.214,0.344000,-0.041000,0.918000,4.122000,4.137000,-18.160000,28.200000
2.221,0.348000,-0.041000,0.924000,5.511000,2.588000,-14.366000,28.340000
2.234,0.323000,-0.025000,0.930000,5.809000,0.504000,-13.794000,28.340000
2.241,0.318000,-0.008000,0.936000,4.298000,-2.679000,-12.389000,28.390000
2.253,0.345000,-0.002000,0.927000,1.443000,-1.809000,-9.740000,28.390000
2.260,0.367000,-0.040000,0.890000,3.359000,2.298000,-5.198000,28.200000
2.274,0.362000,-0.034000,0.896000,5.382000,8.267000,-0.611000,28.340000
2.280,0.299000,-0.046000,0.917000,8.550000,7.885000,4.328000,28.250000
2.293,0.241000,-0.032000,0.943000,10.718000,6.061000,1.580000,28.290000
2.299,0.233000,-0.023000,0.971000,9.260000,1.290000,-1.107000,28.290000
2.312,0.240000,-0.024000,0.979000,9.176000,-1.947000,-2.275000,28.250000
2.319,0.260000,-0.029000,0.972000,9.443000,-1.481000,-3.137000,28.250000
2.332,0.288000,-0.012000,1.010000,8.237000,3.725000,-4.901000,28.250000
2.344,0.289000,0.001000,1.031000,5.565000,8.664000,-6.718000,28.200000
2.351,0.287000,0.008000,1.020000,3.191000,11.031000,-6.069000,28.290000
2.364,0.283000,-0.010000,1.002000,0.695000,7.969000,-1.550000,28.200000
2.371,0.276000,-0.021000,0.979000,0.763000,2.908000,0.565000,28.340000
2.383,0.283000,-0.016000,0.961000,1.298000,-1.420000,1.656000,28.290000
2.391,0.265000,-0.015000,0.966000,1.313000,-5.618000,3.519000,28.290000
2.403,0.268000,-0.019000,0.965000,0.992000,-6.969000,2.435000,28.200000
2.410,0.285000,-0.012000,0.976000,0.817000,-6.450000,0.740000,28.250000
2.423,0.328000,-0.009000,0.970000,1.160000,-3.450000,2.221000,28.250000
2.430,0.352000,-0.002000,0.968000,2.626000,4.344000,1.389000,28.290000
2.443,0.339000,0.015000,0.942000,0.534000,10.863000,0.840000,28.390000
2.450,0.280000,0.001000,0.932000,-1.809000,12.053000,1.725000,28.390000
2.462,0.228000,-0.001000,0.929000,-0.710000,8.206000,3.458000,28.250000
2.470,0.224000,0.010000,0.950000,3.542000,6.641000,3.069000,28.340000
2.483,0.229000,-0.010000,0.946000,2.771000,1.947000,5.595000,28.290000
2.490,0.241000,-0.024000,0.943000,3.443000,-2.076000,5.191000,28.290000
2.502,0.250000,-0.017000,0.931000,4.740000,-3.656000,1.710000,28.340000
2.509,0.275000,0.003000,0.944000,4.786000,-5.305000,0.359000,28.250000
2.522,0.312000,0.005000,0.956000,3.634000,-3.481000,1.099000,28.340000
2.530,0.338000,0.010000,0.965000,1.611000,-2.863000,5.893000,28.290000
2.543,0.343000,-0.027000,0.964000,0.924000,-0.802000,9.168000,28.290000
2.554,0.356000,-0.015000,0.958000,0.076000,1.069000,10.557000,28.290000
2.561,0.373000,-0.004000,0.953000,-1.954000,2.038000,10.725000,28.340000
2.574,0.399000,0.005000,0.944000,-3.023000,2.824000,11.679000,28.340000
2.581,0.453000,0.012000,0.919000,-3.534000,5.626000,14.779000,28.290000
2.593,0.448000,0.018000,0.908000,-4.145000,10.511000,20.481000,28.290000
2.600,0.405000,-0.019000,0.890000,-2.069000,14.817000,24.763000,28.340000
2.612,0.350000,-0.030000,0.904000,1.954000,13.435000,29.412000,28.250000
2.620,0.268000,-0.047000,0.916000,5.481000,5.511000,30.305000,28.290000
2.632,0.230000,-0.027000,0.956000,7.137000,-3.405000,25.725000,28.290000
2.639,0.271000,0.006000,0.986000,5.221000,-9.664000,20.901000,28.290000
2.652,0.333000,0.002000,1.005000,2.405000,-9.771000,16.847000,28.340000
2.659,0.410000,0.018000,0.968000,1.153000,-5.748000,16.130000,28.340000
2.671,0.482000,0.026000,0.956000,-1.214000,1.458000,20.237000,28.290000
2.684,0.490000,0.023000,0.947000,-0.244000,5.786000,28.718000,28.290000
2.691,0.437000,0.028000,0.946000,-2.977000,7.168000,32.695000,28.290000
2.704,0.410000,0.022000,0.925000,-3.901000,5.649000,32.641000,28.340000
2.711,0.400000,0.035000,0.892000,-1.076000,3.565000,33.527000,28.150000
2.725,0.408000,0.050000,0.836000,1.443000,0.931000,38.076000,28.290000
2.731,0.397000,0.043000,0.873000,4.763000,-0.504000,48.679000,28.200000
2.744,0.350000,0.051000,0.847000,6.794000,0.351000,51.336000,28.290000
2.750,0.294000,0.036000,0.863000,8.611000,2.130000,50.954000,28.250000
2.763,0.260000,0.040000,0.883000,10.595000,4.824000,48.496000,28.340000
2.770,0.261000,0.052000,0.911000,10.634000,9.496000,43.328000,28.290000
2.782,0.229000,0.041000,0.949000,9.595000,12.046000,41.038000,28.290000
2.791,0.234000,0.040000,0.965000,8.473000,13.817000,40.718000,28.340000
2.802,0.239000,0.047000,0.952000,6.061000,14.466000,39.389000,28.250000
2.809,0.271000,0.046000,0.944000,4.084000,16.595000,41.023000,28.250000
2.822,0.276000,0.036000,0.932000,3.504000,19.489000,43.374000,28.290000
2.829,0.210000,0.015000,0.943000,3.634000,19.756000,45.405000,28.290000
2.842,0.123000,0.015000,0.973000,3.115000,14.718000,45.519000,28.340000
2.849,0.054000,0.002000,1.027000,2.954000,4.061000,43.824000,28.340000
2.861,0.033000,0.004000,1.042000,0.206000,-3.901000,39.237000,28.200000
2.874,0.096000,0.018000,0.985000,-5.679000,-11.481000,27.389000,28.390000
2.881,0.247000,-0.007000,0.940000,-5.580000,-8.420000,21.733000,28.290000
2.893,0.374000,0.002000,0.897000,-4.145000,1.412000,21.183000,28.250000
2.900,0.408000,0.005000,0.884000,-2.076000,9.137000,23.427000,28.340000
2.913,0.388000,-0.013000,0.887000,-0.519000,9.947000,28.817000,28.290000
2.920,0.359000,0.004000,0.918000,1.389000,3.725000,35.382000,28.290000
2.933,0.341000,0.038000,0.943000,-0.420000,-5.580000,44.069000,28.290000
2.940,0.331000,0.023000,0.913000,-2.229000,-11.855000,49.947000,28.390000
2.952,0.386000,0.005000,0.875000,0.527000,-12.313000,57.427000,28.340000
2.959,0.385000,0.006000,0.877000,3.603000,-7.641000,64.076000,28.290000
2.971,0.375000,0.006000,0.901000,4.107000,3.023000,65.649000,28.290000
2.984,0.299000,0.020000,0.925000,4.191000,12.168000,65.687000,28.200000
2.992,0.242000,0.022000,0.946000,4.260000,18.977000,62.893000,28.340000
3.004,0.174000,0.037000,0.953000,2.229000,18.634000,61.481000,28.250000
3.011,0.108000,-0.005000,0.926000,0.977000,11.870000,61.443000,28.390000
3.025,0.108000,-0.018000,0.911000,3.137000,3.763000,62.237000,28.290000
3.031,0.156000,0.008000,0.922000,3.221000,-1.725000,61.756000,28.340000
3.043,0.184000,0.023000,0.918000,2.802000,-3.176000,62.817000,28.250000
3.050,0.211000,0.022000,0.914000,2.061000,-0.611000,62.840000,28.340000
3.063,0.219000,-0.011000,0.885000,3.443000,5.260000,62.282000,28.290000
3.070,0.156000,0.019000,0.905000,5.885000,2.863000,63.664000,28.290000
3.083,0.093000,0.030000,0.919000,6.603000,-4.275000,60.847000,28.340000
3.090,0.114000,0.057000,0.913000,4.466000,-12.504000,55.038000,28.250000
3.102,0.233000,0.045000,0.870000,2.244000,-14.687000,56.382000,28.340000
3.109,0.316000,0.012000,0.805000,-0.344000,-8.626000,60.405000,28.290000
3.122,0.342000,-0.006000,0.760000,2.031000,-0.405000,63.321000,28.200000
3.134,0.311000,-0.033000,0.717000,7.336000,4.237000,63.489000,28.390000
3.141,0.258000,-0.059000,0.700000,13.977000,-0.679000,62.015000,28.250000
3.153,0.270000,-0.050000,0.759000,22.763000,-12.588000,62.450000,28.290000
3.160,0.328000,0.025000,0.834000,29.534000,-21.832000,68.443000,28.290000
3.174,0.377000,0.075000,0.909000,32.092000,-21.405000,78.153000,28.390000
3.180,0.364000,0.104000,0.999000,27.626000,-10.397000,91.290000,28.250000
3.193,0.267000,0.098000,1.036000,20.748000,4.115000,95.992000,28.340000
3.199,0.139000,0.062000,1.039000,13.977000,16.069000,91.046000,28.290000
3.211,0.029000,0.042000,0.975000,7.443000,17.679000,82.145000,28.290000
3.225,0.005000,-0.013000,0.905000,4.947000,10.206000,69.962000,28.290000
3.231,0.050000,-0.042000,0.862000,7.282000,-0.015000,61.954000,28.250000
3.244,0.135000,-0.044000,0.862000,12.618000,-11.679000,61.786000,28.340000
3.250,0.273000,-0.004000,0.890000,18.336000,-8.382000,61.076000,28.200000
3.263,0.343000,0.058000,0.927000,18.557000,1.565000,64.328000,28.290000
3.270,0.317000,0.090000,0.987000,17.046000,12.420000,68.939000,28.250000
3.283,0.250000,0.115000,1.022000,11.679000,15.763000,73.901000,28.340000
3.289,0.170000,0.077000,1.012000,6.099000,12.832000,74.908000,28.340000
3.302,0.155000,0.074000,0.964000,6.634000,5.137000,79.031000,28.290000
3.309,0.179000,0.048000,0.912000,7.130000,2.427000,78.718000,28.200000
3.322,0.196000,0.044000,0.890000,11.290000,1.168000,77.947000,28.200000
3.329,0.208000,0.094000,0.932000,14.840000,1.893000,75.893000,28.250000
3.341,0.280000,0.167000,0.968000,11.588000,12.206000,75.542000,28.200000
3.354,0.322000,0.184000,0.982000,6.557000,27.924000,77.298000,28.290000
3.361,0.224000,0.151000,0.950000,3.504000,36.221000,80.870000,28.290000
3.374,0.077000,0.067000,0.898000,3.893000,31.427000,81.916000,28.340000
3.381,-0.014000,0.026000,0.881000,7.260000,16.351000,76.221000,28.340000
3.393,0.014000,-0.045000,0.871000,9.153000,-0.779000,70.763000,28.390000
3.400,0.114000,-0.028000,0.891000,13.855000,-11.519000,63.649000,28.390000
3.412,0.248000,0.033000,0.936000,15.374000,-14.130000,61.405000,28.390000
3.419,0.357000,0.084000,0.965000,13.756000,-5.366000,63.908000,28.250000
3.432,0.422000,0.102000,0.954000,11.107000,11.740000,72.771000,28.250000
3.440,0.304000,0.094000,0.937000,11.015000,17.420000,85.099000,28.200000
3.451,0.136000,0.043000,0.909000,16.641000,9.061000,91.061000,28.290000
3.464,0.046000,0.084000,0.945000,19.168000,-8.504000,96.519000,28.250000
3.471,0.083000,0.120000,0.996000,19.275000,-16.191000,96.359000,28.340000
3.484,0.128000,0.141000,1.032000,19.405000,-10.832000,94.313000,28.340000
3.491,0.163000,0.152000,1.047000,16.412000,2.687000,95.344000,28.290000
3.503,0.127000,0.125000,1.042000,12.763000,15.290000,97.863000,28.290000
3.510,0.029000,0.095000,1.029000,10.802000,21.458000,96.374000,28.390000
3.522,-0.069000,0.103000,1.043000,9.618000,17.832000,90.458000,28.250000
3.531,-0.088000,0.116000,1.071000,6.328000,10.244000,85.260000,28.250000
3.543,-0.048000,0.116000,1.067000,3.290000,5.275000,77.481000,28.290000
3.549,0.070000,0.125000,1.068000,1.649000,9.611000,72.687000,28.290000
3.561,0.143000,0.132000,1.045000,-2.947000,18.954000,74.618000,28.340000
3.574,0.096000,0.083000,0.987000,-3.504000,21.130000,80.504000,28.340000
3.581,0.010000,0.052000,0.943000,-0.641000,15.023000,83.756000,28.290000
3.594,-0.052000,0.056000,0.949000,2.053000,1.847000,85.008000,28.290000
3.600,-0.053000,0.042000,0.996000,5.115000,-9.542000,81.023000,28.290000
3.613,0.002000,0.078000,1.027000,5.206000,-9.679000,73.573000,28.340000
3.620,0.081000,0.116000,1.056000,1.092000,-1.397000,71.519000,28.340000
3.633,0.127000,0.106000,1.031000,-2.931000,14.282000,72.389000,28.290000
3.640,0.121000,0.084000,0.992000,-3.282000,28.573000,71.733000,28.290000
3.652,-0.020000,0.055000,0.970000,-2.824000,27.366000,74.450000,28.340000
3.659,-0.129000,0.037000,0.976000,-1.405000,11.107000,75.962000,28.250000
3.671,-0.163000,0.053000,0.975000,-1.420000,-8.809000,76.481000,28.250000
3.684,-0.117000,0.017000,0.989000,-0.794000,-22.351000,74.985000,28.290000
3.691,-0.019000,0.047000,0.996000,0.893000,-18.748000,71.855000,28.390000
3.703,0.057000,0.080000,0.973000,-2.748000,-1.947000,66.115000,28.290000
3.710,0.092000,0.051000,0.934000,-3.313000,16.618000,61.832000,28.340000
3.725,0.017000,0.025000,0.923000,-1.168000,22.107000,61.924000,28.250000
3.730,-0.051000,0.022000,0.918000,-1.366000,17.962000,61.939000,28.290000
3.742,-0.092000,-0.004000,0.911000,-0.069000,3.550000,63.771000,28.200000
3.749,-0.068000,0.002000,0.920000,2.962000,-6.817000,64.855000,28.340000
3.761,-0.008000,0.041000,0.940000,1.115000,-3.221000,63.786000,28.250000
3.775,0.029000,0.055000,0.934000,-2.076000,10.985000,61.878000,28.290000
3.782,0.046000,0.038000,0.923000,-4.687000,35.252000,52.115000,28.290000
3.794,-0.049000,-0.013000,0.878000,-6.023000,43.786000,46.298000,28.290000
3.800,-0.192000,-0.128000,0.821000,1.435000,30.252000,42.687000,28.440000
3.812,-0.237000,-0.109000,0.830000,8.840000,3.420000,46.771000,28.340000
3.819,-0.196000,-0.122000,0.902000,14.511000,-18.481000,46.710000,28.290000
3.832,-0.068000,-0.022000,0.970000,15.977000,-16.725000,41.450000,28.290000
3.844,-0.015000,0.041000,1.042000,12.473000,-1.992000,34.901000,28.390000
3.851,-0.034000,0.094000,1.055000,4.008000,9.725000,32.435000,28.340000
3.863,-0.128000,0.047000,0.997000,-3.756000,4.618000,30.931000,28.340000
3.870,-0.187000,-0.020000,0.927000,-6.183000,-14.740000,26.420000,28.390000
3.883,-0.183000,-0.054000,0.859000,-3.809000,-43.786000,27.229000,28.290000
3.890,-0.132000,-0.122000,0.806000,3.137000,-70.214000,28.321000,28.290000
3.902,0.081000,-0.119000,0.793000,12.603000,-72.855000,22.687000,28.250000
3.914,0.254000,-0.054000,0.841000,20.046000,-54.015000,20.435000,28.340000
3.921,0.355000,0.034000,0.938000,21.366000,-16.840000,17.580000,28.290000
3.934,0.354000,0.070000,0.992000,18.504000,24.885000,15.565000,28.390000
3.941,0.251000,0.122000,1.041000,9.115000,55.634000,22.802000,28.340000
3.953,0.090000,0.074000,1.013000,-4.290000,67.382000,30.206000,28.340000
3.960,-0.050000,-0.035000,0.924000,-12.115000,57.168000,35.748000,28.340000
3.972,-0.110000,-0.103000,0.833000,-11.130000,36.473000,41.137000,28.290000
3.979,-0.128000,-0.121000,0.797000,-4.641000,11.878000,46.176000,28.390000
3.991,-0.089000,-0.094000,0.806000,1.298000,-0.878000,44.779000,28.250000
4.004,-0.018000,0.004000,0.843000,1.924000,2.626000,43.847000,28.340000
4.010,0.008000,0.018000,0.866000,3.977000,14.298000,45.695000,28.390000
4.024,-0.033000,0.050000,0.866000,1.366000,30.107000,41.802000,28.390000
4.031,-0.152000,-0.045000,0.831000,1.000000,29.840000,36.435000,28.200000
4.042,-0.219000,-0.116000,0.792000,6.092000,20.885000,28.168000,28.340000
4.050,-0.219000,-0.110000,0.778000,9.847000,3.710000,25.443000,28.340000
4.062,-0.162000,-0.110000,0.793000,16.321000,-11.198000,25.466000,28.290000
4.075,-0.071000,-0.043000,0.835000,21.634000,-12.359000,25.718000,28.290000
4.081,-0.037000,0.035000,0.906000,23.031000,-6.672000,23.885000,28.290000
4.094,-0.026000,0.061000,0.973000,22.733000,5.473000,16.763000,28.390000
4.101,0.007000,0.088000,1.009000,12.763000,15.229000,10.336000,28.340000
4.113,0.035000,0.000000,0.959000,6.863000,21.611000,4.573000,28.290000
4.120,0.081000,-0.029000,0.905000,8.496000,24.863000,4.145000,28.390000
4.133,0.084000,-0.019000,0.882000,8.710000,23.962000,8.954000,28.290000
4.140,0.080000,-0.017000,0.881000,10.198000,23.015000,16.267000,28.340000
4.152,0.045000,-0.001000,0.885000,13.053000,20.748000,26.947000,28.250000
4.159,-0.021000,0.016000,0.913000,12.221000,19.687000,28.672000,28.290000
4.171,-0.061000,-0.006000,0.918000,12.611000,20.351000,24.160000,28.290000
4.184,-0.091000,-0.030000,0.889000,11.939000,22.412000,16.763000,28.250000
4.191,-0.056000,-0.041000,0.861000,12.511000,25.733000,9.458000,28.250000
4.203,-0.018000,-0.061000,0.836000,17.588000,32.985000,3.870000,28.340000
4.210,-0.101000,-0.051000,0.848000,23.947000,36.099000,1.443000,28.290000
4.222,-0.162000,-0.008000,0.874000,26.802000,33.580000,-3.916000,28.290000
4.230,-0.222000,0.032000,0.901000,26.015000,22.855000,-6.878000,28.250000
4.241,-0.226000,0.015000,0.920000,26.969000,11.611000,-13.695000,28.340000
4.254,-0.187000,0.001000,0.878000,23.756000,0.389000,-17.878000,28.290000
4.260,-0.095000,-0.035000,0.896000,31.038000,-2.351000,-25.099000,28.290000
4.273,-0.045000,-0.003000,0.919000,38.099000,-0.992000,-31.656000,28.390000
4.281,-0.005000,0.019000,0.968000,37.031000,0.771000,-34.244000,28.290000
4.293,-0.005000,0.053000,0.993000,37.511000,3.336000,-32.534000,28.250000
4.299,0.013000,0.123000,1.040000,30.130000,7.237000,-27.756000,28.200000
4.311,0.027000,0.101000,1.023000,23.366000,12.557000,-23.840000,28.290000
4.324,0.042000,0.091000,1.033000,22.092000,22.321000,-20.076000,28.290000
4.331,0.014000,0.095000,1.014000,18.427000,30.534000,-16.229000,28.250000
4.343,-0.003000,0.082000,1.031000,14.603000,38.702000,-19.450000,28.250000
4.350,0.002000,0.119000,1.025000,10.634000,47.687000,-18.237000,28.290000
4.362,-0.014000,0.100000,0.991000,2.282000,54.756000,-21.260000,28.200000
4.369,0.003000,0.073000,0.937000,-1.855000,60.427000,-23.542000,28.340000
4.382,-0.008000,0.006000,0.902000,-0.206000,61.168000,-20.191000,28.250000
4.394,-0.068000,0.003000,0.905000,2.687000,54.763000,-15.076000,28.250000
4.401,-0.131000,0.025000,0.934000,9.489000,41.107000,-5.435000,28.290000
4.413,-0.156000,0.104000,0.945000,9.496000,32.832000,-2.420000,28.290000
4.421,-0.136000,0.106000,0.900000,9.649000,22.947000,-5.710000,28.340000
4.433,-0.072000,0.094000,0.894000,11.198000,23.344000,-10.756000,28.250000
4.440,-0.034000,0.109000,0.892000,8.511000,27.519000,-11.740000,28.290000
4.452,-0.005000,0.048000,0.884000,11.504000,35.160000,-8.267000,28.390000
4.459,-0.058000,0.044000,0.898000,15.229000,35.832000,4.527000,28.290000
4.472,-0.150000,0.073000,0.922000,14.466000,30.534000,11.351000,28.340000
4.484,-0.200000,0.033000,0.931000,20.237000,22.008000,18.496000,28.250000
4.491,-0.232000,0.078000,0.957000,24.107000,9.069000,26.214000,28.390000
4.504,-0.219000,0.043000,0.941000,23.725000,5.656000,23.931000,28.390000
4.510,-0.182000,0.061000,0.967000,22.427000,9.565000,19.893000,28.250000
4.524,-0.194000,0.042000,0.953000,17.908000,14.214000,15.786000,28.340000
4.531,-0.208000,0.054000,0.983000,17.534000,19.504000,10.076000,28.390000
4.543,-0.271000,0.059000,1.019000,17.397000,16.137000,12.809000,28.390000
4.549,-0.349000,0.059000,1.048000,18.115000,8.214000,13.702000,28.290000
4.561,-0.384000,0.083000,1.081000,16.229000,-1.038000,11.855000,28.340000
4.575,-0.341000,0.107000,1.080000,7.947000,-3.351000,5.771000,28.250000
4.581,-0.272000,0.095000,1.025000,3.000000,3.542000,-4.939000,28.390000
4.593,-0.212000,0.057000,0.977000,5.359000,10.244000,-12.336000,28.290000
4.600,-0.236000,0.068000,0.945000,9.328000,11.015000,-14.885000,28.390000
4.613,-0.232000,0.053000,0.929000,15.145000,2.977000,-15.176000,28.250000
4.620,-0.212000,0.067000,0.942000,21.252000,-6.718000,-9.015000,28.340000
4.635,-0.209000,0.075000,0.977000,21.427000,-14.786000,-3.824000,28.290000
4.639,-0.207000,0.105000,1.034000,21.893000,-16.473000,-1.763000,28.290000
4.651,-0.187000,0.172000,1.056000,14.977000,-10.565000,1.260000,28.390000
4.664,-0.176000,0.146000,1.027000,9.267000,-2.840000,-2.771000,28.250000
4.671,-0.163000,0.128000,1.008000,6.275000,5.160000,-6.198000,28.340000
4.684,-0.140000,0.162000,1.000000,-0.794000,14.863000,-8.267000,28.390000
4.691,-0.130000,0.110000,0.972000,-3.214000,20.214000,-6.000000,28.290000
4.703,-0.140000,0.092000,0.947000,-1.534000,24.153000,-1.939000,28.340000
4.710,-0.201000,0.113000,0.931000,-2.389000,19.954000,8.733000,28.340000
4.722,-0.268000,0.077000,0.917000,3.481000,9.794000,10.992000,28.250000
4.729,-0.295000,0.085000,0.930000,10.374000,-1.427000,8.336000,28.290000
4.743,-0.266000,0.090000,0.956000,12.634000,-9.618000,4.573000,28.290000
4.748,-0.206000,0.118000,0.974000,12.977000,-9.550000,0.771000,28.340000
4.761,-0.165000,0.117000,0.989000,11.397000,-4.656000,2.015000,28.440000
4.775,-0.167000,0.110000,1.011000,9.290000,1.405000,2.145000,28.340000
4.781,-0.201000,0.153000,1.023000,2.962000,4.344000,3.733000,28.290000
4.794,-0.213000,0.131000,0.998000,-2.183000,4.305000,2.366000,28.200000
4.801,-0.200000,0.108000,0.971000,-0.802000,2.580000,2.450000,28.250000
4.813,-0.202000,0.089000,0.969000,1.328000,-1.076000,6.939000,28.340000
4.820,-0.255000,0.086000,1.001000,2.183000,-5.397000,10.450000,28.290000
4.833,-0.277000,0.136000,0.992000,-1.504000,-8.756000,10.641000,28.290000
4.841,-0.228000,0.131000,0.915000,-4.878000,-8.076000,2.344000,28.290000
4.852,-0.150000,0.089000,0.859000,2.901000,-5.137000,-5.962000,28.290000
4.859,-0.146000,0.104000,0.871000,7.863000,-4.023000,-8.611000,28.340000
4.872,-0.188000,0.119000,0.936000,7.710000,-6.412000,-7.916000,28.290000
4.885,-0.207000,0.150000,0.980000,5.282000,-9.328000,-1.817000,28.390000
4.891,-0.219000,0.156000,0.977000,1.656000,-11.916000,0.649000,28.200000
4.903,-0.200000,0.152000,0.956000,1.435000,-11.191000,-3.260000,28.250000
4.910,-0.175000,0.150000,0.946000,1.947000,-9.046000,-6.122000,28.250000
4.925,-0.153000,0.153000,0.936000,-0.298000,-6.519000,-8.656000,28.200000
4.930,-0.116000,0.134000,0.911000,1.153000,-6.183000,-9.496000,28.290000
4.943,-0.107000,0.136000,0.911000,2.817000,-6.557000,-9.076000,28.200000
4.950,-0.092000,0.146000,0.917000,1.366000,-6.847000,-4.458000,28.250000
4.962,-0.088000,0.147000,0.916000,1.099000,-4.031000,-2.336000,28.340000
4.969,-0.101000,0.139000,0.932000,0.405000,-1.702000,3.672000,28.290000
4.982,-0.161000,0.136000,0.928000,-0.550000,-1.977000,6.244000,28.290000
4.994,-0.219000,0.118000,0.938000,1.450000,-6.405000,5.221000,28.290000
5.001,-0.250000,0.127000,0.948000,1.878000,-14.351000,1.992000,28.250000
5.013,-0.214000,0.133000,0.919000,0.237000,-19.893000,1.664000,28.250000
5.020,-0.156000,0.107000,0.859000,3.084000,-20.992000,-5.588000,28.290000
5.033,-0.098000,0.118000,0.859000,5.641000,-17.985000,-10.023000,28.290000
5.040,-0.088000,0.138000,0.881000,6.260000,-14.809000,-11.176000,28.290000
5.052,-0.068000,0.191000,0.867000,0.947000,-9.977000,-11.695000,28.290000
5.059,-0.036000,0.155000,0.819000,2.809000,-7.183000,-14.527000,28.340000
5.072,-0.026000,0.135000,0.826000,7.664000,-7.122000,-12.122000,28.390000
5.084,-0.059000,0.137000,0.862000,10.260000,-9.939000,-5.435000,28.390000
5.092,-0.087000,0.139000,0.885000,11.031000,-13.832000,2.282000,28.290000
5.103,-0.064000,0.187000,0.898000,4.336000,-9.206000,5.496000,28.250000
5.110,-0.067000,0.147000,0.875000,3.458000,-4.023000,4.046000,28.250000
5.125,-0.101000,0.140000,0.884000,6.802000,1.168000,-1.527000,28.290000
5.131,-0.154000,0.140000,0.910000,8.084000,-0.405000,-3.832000,28.390000
5.143,-0.152000,0.146000,0.903000,8.237000,-4.779000,-5.420000,28.340000
5.149,-0.106000,0.131000,0.884000,12.763000,-8.794000,-10.519000,28.250000
5.161,-0.069000,0.127000,0.902000,16.237000,-12.420000,-11.687000,28.250000
5.175,-0.081000,0.145000,0.934000,17.214000,-16.153000,-10.229000,28.290000
5.181,-0.057000,0.195000,0.975000,12.076000,-16.069000,-7.122000,28.200000
5.194,-0.047000,0.197000,0.958000,7.252000,-14.863000,-2.191000,28.250000
5.200,-0.026000,0.179000,0.952000,5.855000,-6.992000,-4.473000,28.250000
5.212,-0.040000,0.167000,0.953000,5.702000,-2.000000,-4.687000,28.250000
5.219,-0.083000,0.164000,0.981000,4.412000,-1.031000,-4.229000,28.200000
5.232,-0.109000,0.167000,0.978000,3.137000,-4.817000,3.191000,28.290000
5.239,-0.100000,0.196000,0.964000,-3.305000,-2.214000,6.802000,28.290000
5.251,-0.075000,0.166000,0.909000,-3.573000,4.389000,1.115000,28.340000
5.264,-0.080000,0.149000,0.880000,0.855000,9.397000,-5.527000,28.290000
5.272,-0.116000,0.162000,0.894000,4.733000,6.382000,-8.580000,28.290000
5.284,-0.115000,0.161000,0.904000,8.313000,-2.015000,-9.267000,28.390000
5.291,-0.064000,0.169000,0.922000,12.008000,-9.901000,-4.527000,28.340000
5.303,-0.018000,0.171000,0.929000,13.466000,-12.160000,-0.855000,28.250000
5.310,0.002000,0.166000,0.945000,14.084000,-10.305000,1.443000,28.200000
5.322,-0.028000,0.185000,0.977000,11.649000,-7.237000,4.832000,28.290000
5.329,-0.046000,0.197000,1.007000,7.260000,-3.420000,5.817000,28.200000
5.343,-0.083000,0.196000,1.012000,5.405000,-1.550000,7.656000,28.340000
5.349,-0.112000,0.213000,1.004000,0.290000,0.756000,5.366000,28.340000
5.362,-0.095000,0.180000,0.969000,-1.435000,2.168000,2.328000,28.290000
5.369,-0.075000,0.166000,0.925000,0.374000,3.786000,4.313000,28.390000
5.382,-0.081000,0.168000,0.898000,1.733000,3.855000,3.519000,28.340000
5.387,-0.083000,0.150000,0.882000,5.214000,1.618000,2.832000,28.340000
5.401,-0.095000,0.156000,0.910000,7.046000,-2.870000,4.252000,28.340000
5.414,-0.122000,0.159000,0.940000,6.969000,-7.122000,5.069000,28.290000
5.421,-0.146000,0.179000,0.970000,6.366000,-9.412000,2.122000,28.390000
5.435,-0.156000,0.173000,1.004000,4.107000,-10.832000,0.664000,28.290000
5.441,-0.159000,0.188000,1.010000,1.611000,-10.595000,-1.504000,28.340000
5.453,-0.116000,0.196000,0.980000,-3.000000,-7.099000,-3.046000,28.340000
5.460,-0.071000,0.169000,0.930000,-2.718000,-2.099000,-2.802000,28.290000
5.472,-0.061000,0.183000,0.907000,-1.168000,3.412000,-4.122000,28.290000
5.480,-0.080000,0.170000,0.871000,-0.336000,2.435000,-5.565000,28.340000
5.493,-0.079000,0.172000,0.864000,4.000000,-2.626000,-6.756000,28.250000
5.504,-0.069000,0.165000,0.887000,7.244000,-8.198000,-4.450000,28.290000
5.511,-0.038000,0.173000,0.908000,7.397000,-10.908000,-1.290000,28.290000
5.525,-0.033000,0.175000,0.932000,6.557000,-10.015000,2.733000,28.390000
5.531,-0.065000,0.181000,0.945000,5.198000,-8.206000,5.771000,28.250000
5.544,-0.108000,0.192000,0.949000,2.847000,-6.427000,6.038000,28.340000
5.550,-0.125000,0.177000,0.937000,2.282000,-5.244000,4.252000,28.290000
5.563,-0.142000,0.171000,0.932000,1.611000,-4.611000,0.916000,28.290000
5.570,-0.170000,0.162000,0.930000,1.527000,-5.672000,-2.031000,28.340000
5.582,-0.179000,0.160000,0.940000,1.832000,-8.733000,-2.466000,28.340000
5.589,-0.170000,0.175000,0.959000,0.321000,-10.168000,-3.344000,28.340000
5.601,-0.162000,0.173000,0.941000,-1.481000,-10.504000,-4.870000,28.200000
5.614,-0.132000,0.164000,0.936000,-2.107000,-8.588000,-8.496000,28.290000
5.621,-0.128000,0.158000,0.939000,-3.015000,-7.115000,-11.679000,28.390000
5.633,-0.126000,0.155000,0.935000,-3.176000,-7.267000,-14.634000,28.340000
5.641,-0.130000,0.158000,0.926000,-1.427000,-9.351000,-16.573000,28.290000
5.652,-0.132000,0.154000,0.945000,0.901000,-12.916000,-16.107000,28.290000
5.659,-0.128000,0.163000,0.947000,1.626000,-16.061000,-16.023000,28.290000
5.671,-0.124000,0.171000,0.969000,1.382000,-17.817000,-14.580000,28.340000
5.685,-0.123000,0.159000,0.975000,0.397000,-18.084000,-9.687000,28.250000
5.691,-0.125000,0.168000,0.972000,-1.038000,-15.580000,-9.290000,28.290000
5.703,-0.125000,0.159000,0.979000,-1.924000,-12.885000,-10.550000,28.200000
5.710,-0.143000,0.170000,0.974000,-2.618000,-10.962000,-13.412000,28.340000
5.722,-0.153000,0.182000,0.964000,-4.870000,-11.031000,-16.893000,28.340000
5.735,-0.163000,0.198000,0.956000,-8.580000,-12.023000,-23.176000,28.250000
5.741,-0.147000,0.184000,0.966000,-11.695000,-13.817000,-26.000000,28.290000
5.753,-0.122000,0.168000,0.956000,-13.321000,-13.076000,-27.427000,28.290000
5.772,-0.118000,0.166000,0.939000,-14.832000,-12.160000,-27.237000,28.250000
5.772,-0.131000,0.150000,0.923000,-14.878000,-12.595000,-23.336000,28.250000
