time_sec,ax,ay,az,gx,gy,gz,temp_c
0.011,0.202000,0.137000,0.958000,6.366000,1.748000,5.954000,28.810000
0.013,0.174000,0.131000,0.949000,5.824000,4.481000,8.656000,28.770000
0.025,0.136000,0.127000,0.953000,6.145000,3.420000,14.198000,28.770000
0.033,0.112000,0.146000,0.941000,4.603000,3.000000,14.779000,28.810000
0.045,0.124000,0.131000,0.882000,0.779000,5.718000,9.679000,28.910000
0.053,0.147000,0.093000,0.821000,3.794000,7.771000,5.389000,28.810000
0.065,0.142000,0.086000,0.802000,9.015000,7.809000,2.504000,28.860000
0.071,0.137000,0.089000,0.831000,12.076000,3.603000,1.038000,28.770000
0.088,0.149000,0.120000,0.885000,14.137000,-1.901000,1.260000,28.810000
0.098,0.163000,0.133000,0.927000,15.008000,-6.496000,2.504000,28.810000
0.105,0.170000,0.129000,0.955000,15.611000,-10.069000,7.740000,28.770000
0.117,0.189000,0.140000,0.996000,14.191000,-11.145000,14.611000,28.770000
0.125,0.166000,0.135000,1.006000,11.076000,-8.611000,16.893000,28.770000
0.136,0.147000,0.141000,0.995000,8.031000,-4.985000,16.664000,28.810000
0.144,0.135000,0.130000,0.979000,5.542000,-2.733000,14.489000,28.720000
0.156,0.122000,0.117000,0.970000,4.947000,-0.145000,11.962000,28.670000
0.163,0.104000,0.122000,0.964000,5.107000,-0.275000,12.191000,28.860000
0.178,0.092000,0.116000,0.961000,5.237000,-0.282000,12.931000,28.860000
0.184,0.074000,0.117000,0.957000,4.183000,-0.664000,10.977000,28.810000
0.196,0.081000,0.114000,0.961000,4.290000,-1.282000,9.099000,28.810000
0.203,0.072000,0.082000,0.969000,5.496000,-3.183000,7.611000,28.770000
0.215,0.050000,0.081000,0.964000,8.336000,-6.634000,5.519000,28.670000
0.223,0.041000,0.100000,0.977000,9.931000,-11.809000,4.115000,28.810000
0.235,0.064000,0.102000,0.979000,9.855000,-15.557000,1.450000,28.810000
0.247,0.082000,0.125000,0.996000,11.153000,-21.466000,2.168000,28.770000
0.254,0.113000,0.131000,1.021000,12.916000,-27.588000,10.832000,28.770000
0.267,0.134000,0.149000,1.024000,10.076000,-26.954000,16.847000,28.810000
0.274,0.152000,0.182000,1.043000,5.298000,-21.359000,20.863000,28.810000
0.287,0.172000,0.209000,1.032000,-1.748000,-9.969000,21.748000,28.810000
0.294,0.164000,0.213000,0.998000,-11.779000,4.420000,14.252000,28.860000
0.306,0.138000,0.174000,0.933000,-16.855000,15.145000,4.931000,28.860000
0.313,0.135000,0.140000,0.875000,-18.267000,20.916000,-2.260000,28.810000
0.325,0.126000,0.125000,0.846000,-16.740000,20.443000,-4.817000,28.720000
0.338,0.122000,0.098000,0.844000,-11.802000,16.176000,-4.046000,28.810000
0.345,0.101000,0.094000,0.843000,-4.458000,6.313000,-0.084000,28.950000
0.357,0.077000,0.090000,0.869000,1.534000,-3.679000,1.817000,28.770000
0.364,0.085000,0.111000,0.885000,4.672000,-10.977000,3.305000,28.770000
0.378,0.139000,0.138000,0.914000,4.099000,-12.847000,3.718000,28.910000
0.384,0.164000,0.141000,0.915000,3.718000,-7.069000,-0.252000,28.770000
0.397,0.168000,0.145000,0.928000,4.366000,0.031000,-2.244000,28.670000
0.404,0.135000,0.146000,0.936000,2.305000,5.122000,-3.160000,28.860000
0.417,0.096000,0.142000,0.957000,0.855000,6.023000,-5.664000,28.720000
0.424,0.072000,0.123000,0.955000,-0.145000,4.015000,-7.695000,28.810000
0.438,0.068000,0.122000,0.954000,-0.183000,1.695000,-10.687000,28.860000
0.445,0.071000,0.104000,0.955000,1.160000,-0.359000,-13.344000,28.770000
0.456,0.063000,0.092000,0.957000,2.511000,-2.336000,-15.198000,28.770000
0.463,0.054000,0.101000,0.952000,0.863000,-4.947000,-16.557000,28.720000
0.475,0.053000,0.075000,0.935000,0.718000,-7.832000,-19.275000,28.810000
0.489,0.073000,0.062000,0.931000,0.962000,-6.939000,-25.061000,28.770000
0.495,0.109000,0.067000,0.940000,0.344000,-1.786000,-27.015000,28.770000
0.507,0.100000,0.062000,0.957000,3.557000,2.550000,-20.542000,28.720000
0.514,0.063000,0.093000,0.984000,4.176000,6.221000,-17.863000,28.620000
0.527,0.026000,0.109000,1.016000,0.145000,6.542000,-15.504000,28.810000
0.534,-0.009000,0.108000,0.997000,-3.771000,5.481000,-13.580000,28.860000
0.546,-0.025000,0.106000,0.977000,-6.237000,4.908000,-11.817000,28.770000
0.553,-0.041000,0.119000,0.961000,-8.305000,4.015000,-10.504000,28.770000
0.565,-0.094000,0.131000,0.953000,-7.305000,2.626000,-11.351000,28.810000
0.578,-0.133000,0.170000,0.981000,-7.588000,0.702000,-15.412000,28.860000
0.586,-0.163000,0.169000,0.968000,-10.802000,-2.786000,-22.275000,28.770000
0.597,-0.143000,0.163000,0.937000,-13.336000,-4.870000,-31.374000,28.770000
0.604,-0.115000,0.137000,0.937000,-11.031000,-9.817000,-37.336000,28.810000
0.616,-0.088000,0.132000,0.911000,-7.618000,-14.237000,-44.122000,28.910000
0.623,-0.037000,0.165000,0.964000,-6.893000,-18.756000,-48.573000,28.860000
0.638,0.022000,0.193000,0.996000,-8.504000,-22.115000,-46.924000,28.770000
0.647,0.079000,0.218000,1.034000,-11.511000,-22.947000,-44.015000,28.860000
0.654,0.130000,0.219000,1.044000,-18.107000,-18.405000,-42.290000,28.810000
0.666,0.154000,0.172000,1.034000,-24.580000,-10.733000,-41.115000,28.720000
0.673,0.150000,0.132000,1.003000,-26.244000,-4.649000,-39.748000,28.770000
0.685,0.125000,0.130000,0.965000,-26.969000,-1.267000,-39.565000,28.860000
0.697,0.102000,0.131000,0.958000,-27.565000,0.359000,-38.885000,28.810000
0.704,0.076000,0.123000,0.948000,-26.076000,0.260000,-38.527000,28.810000
0.717,0.070000,0.143000,0.924000,-25.145000,2.053000,-39.046000,28.720000
0.724,0.045000,0.154000,0.935000,-25.031000,2.863000,-37.496000,28.860000
0.737,-0.006000,0.122000,0.925000,-22.344000,2.191000,-39.053000,28.770000
0.744,-0.026000,0.124000,0.919000,-20.053000,1.122000,-45.634000,28.770000
0.755,-0.030000,0.115000,0.882000,-20.603000,-3.817000,-53.405000,28.810000
0.767,0.025000,0.075000,0.876000,-16.115000,-7.046000,-65.015000,28.770000
0.775,0.099000,0.080000,0.869000,-9.542000,-10.153000,-70.687000,28.860000
0.787,0.163000,0.121000,0.901000,-9.435000,-9.008000,-72.626000,28.860000
0.795,0.231000,0.143000,0.949000,-11.519000,-5.519000,-67.443000,28.810000
0.806,0.253000,0.156000,0.959000,-14.947000,1.779000,-59.366000,28.720000
0.813,0.181000,0.152000,0.974000,-14.046000,4.771000,-49.626000,28.860000
0.825,0.089000,0.156000,0.996000,-13.832000,0.992000,-45.695000,28.770000
0.838,0.042000,0.142000,1.023000,-13.939000,-3.244000,-44.542000,28.810000
0.845,0.055000,0.132000,1.028000,-17.794000,-2.176000,-49.695000,28.720000
0.857,0.085000,0.120000,1.021000,-20.931000,4.130000,-54.443000,28.810000
0.866,0.079000,0.133000,1.017000,-24.176000,13.008000,-59.038000,28.860000
0.878,0.074000,0.129000,1.004000,-26.847000,19.618000,-63.450000,28.770000
0.883,0.063000,0.136000,0.958000,-26.183000,21.901000,-64.580000,28.720000
0.895,0.010000,0.149000,0.919000,-23.763000,14.496000,-62.504000,28.910000
0.908,0.016000,0.145000,0.904000,-18.840000,2.672000,-61.328000,28.860000
0.914,0.016000,0.122000,0.895000,-13.656000,-12.664000,-60.756000,28.770000
0.928,0.063000,0.095000,0.909000,-6.290000,-24.710000,-60.771000,28.770000
0.933,0.106000,0.085000,0.942000,3.053000,-31.702000,-58.397000,28.860000
0.947,0.099000,0.107000,0.933000,9.580000,-33.763000,-59.214000,28.810000
0.953,0.169000,0.149000,0.977000,7.847000,-29.267000,-63.198000,28.770000
0.965,0.243000,0.159000,0.973000,6.870000,-21.145000,-63.328000,28.860000
0.978,0.224000,0.186000,0.972000,5.328000,-10.473000,-59.893000,28.810000
0.985,0.190000,0.195000,0.986000,7.328000,-3.595000,-59.702000,28.720000
0.997,0.083000,0.158000,0.987000,7.802000,-9.427000,-57.473000,28.810000
1.004,0.029000,0.151000,0.992000,8.603000,-22.969000,-55.076000,28.770000
1.016,0.039000,0.178000,1.008000,6.053000,-36.237000,-52.359000,28.860000
1.023,0.074000,0.174000,1.011000,1.885000,-44.366000,-56.366000,28.910000
1.036,0.127000,0.179000,0.989000,-1.511000,-45.305000,-63.237000,28.810000
1.041,0.239000,0.191000,0.983000,-6.076000,-34.458000,-66.237000,28.770000
1.055,0.269000,0.190000,0.947000,-8.145000,-25.557000,-68.366000,28.860000
1.067,0.279000,0.202000,0.960000,-10.267000,-12.634000,-68.687000,28.770000
1.074,0.217000,0.225000,0.967000,-13.252000,-12.748000,-59.969000,28.720000
1.087,0.153000,0.191000,0.976000,-16.000000,-17.351000,-57.427000,28.810000
1.093,0.135000,0.191000,0.974000,-19.038000,-24.565000,-56.313000,28.670000
1.105,0.147000,0.171000,0.960000,-22.290000,-30.634000,-54.550000,28.770000
1.117,0.216000,0.170000,0.930000,-27.336000,-28.832000,-56.786000,28.770000
1.124,0.300000,0.188000,0.933000,-27.420000,-18.786000,-56.069000,28.720000
1.137,0.329000,0.202000,0.917000,-27.115000,-3.237000,-54.542000,28.910000
1.144,0.269000,0.210000,0.908000,-30.878000,8.206000,-52.489000,28.770000
1.155,0.157000,0.164000,0.911000,-29.405000,6.328000,-50.542000,28.770000
1.168,0.106000,0.164000,0.933000,-28.557000,-0.893000,-54.985000,28.810000
1.175,0.112000,0.119000,0.927000,-28.344000,-11.672000,-53.374000,28.810000
1.187,0.160000,0.087000,0.906000,-24.557000,-17.733000,-52.779000,28.720000
1.195,0.208000,0.123000,0.917000,-19.992000,-19.244000,-53.053000,28.860000
1.206,0.233000,0.141000,0.928000,-19.031000,-18.153000,-55.237000,28.860000
1.212,0.280000,0.173000,0.937000,-21.786000,-13.511000,-56.603000,28.810000
1.225,0.306000,0.173000,0.936000,-24.870000,-7.985000,-55.344000,28.810000
1.237,0.268000,0.146000,0.928000,-25.107000,-5.229000,-54.588000,28.770000
1.244,0.210000,0.142000,0.937000,-25.397000,-4.176000,-56.405000,28.670000
1.256,0.181000,0.125000,0.940000,-26.962000,-6.435000,-55.244000,28.770000
1.263,0.193000,0.117000,0.927000,-27.672000,-9.252000,-54.321000,28.810000
1.275,0.237000,0.131000,0.935000,-25.198000,-10.427000,-47.534000,28.720000
1.289,0.261000,0.160000,0.933000,-25.992000,-6.893000,-45.626000,28.770000
1.295,0.288000,0.164000,0.910000,-29.573000,0.542000,-46.603000,28.770000
1.307,0.278000,0.161000,0.912000,-31.595000,8.092000,-45.870000,28.860000
1.314,0.238000,0.130000,0.910000,-32.519000,13.855000,-45.916000,28.910000
1.328,0.170000,0.071000,0.886000,-29.397000,13.046000,-45.130000,28.860000
1.334,0.122000,0.075000,0.876000,-27.580000,6.473000,-45.000000,28.770000
1.346,0.093000,0.075000,0.885000,-27.924000,-5.557000,-43.908000,28.860000
1.357,0.125000,0.077000,0.897000,-25.122000,-16.924000,-42.183000,28.810000
1.364,0.181000,0.113000,0.881000,-23.092000,-22.427000,-42.977000,28.810000
1.378,0.249000,0.128000,0.888000,-24.145000,-20.290000,-43.115000,28.860000
1.383,0.294000,0.144000,0.901000,-26.198000,-10.000000,-46.076000,28.770000
1.397,0.305000,0.113000,0.903000,-26.977000,3.115000,-49.908000,28.770000
1.403,0.250000,0.072000,0.887000,-22.534000,8.183000,-47.221000,28.810000
1.415,0.171000,0.051000,0.869000,-16.000000,4.855000,-42.290000,28.810000
1.428,0.124000,0.068000,0.870000,-14.313000,-7.366000,-40.725000,28.770000
1.434,0.163000,0.085000,0.871000,-12.740000,-16.183000,-40.824000,28.770000
1.446,0.194000,0.102000,0.885000,-12.939000,-19.183000,-42.115000,28.770000
1.453,0.248000,0.098000,0.890000,-14.802000,-12.405000,-46.168000,28.720000
1.465,0.298000,0.122000,0.885000,-18.878000,0.229000,-49.649000,28.720000
1.478,0.279000,0.079000,0.875000,-20.145000,10.542000,-51.817000,28.770000
1.485,0.216000,0.049000,0.873000,-17.855000,11.863000,-51.397000,28.770000
1.497,0.134000,0.028000,0.868000,-15.000000,1.702000,-48.817000,28.770000
1.504,0.096000,0.035000,0.873000,-11.855000,-16.931000,-43.962000,28.720000
1.516,0.160000,0.074000,0.886000,-11.137000,-29.802000,-41.802000,28.810000
1.523,0.257000,0.117000,0.923000,-12.931000,-31.038000,-41.160000,28.770000
1.536,0.430000,0.115000,0.897000,-18.275000,-8.840000,-48.473000,28.860000
1.547,0.540000,0.124000,0.879000,-24.198000,25.061000,-51.229000,28.810000
1.554,0.397000,0.002000,0.847000,-20.374000,44.275000,-45.008000,28.810000
1.566,0.213000,-0.025000,0.845000,-13.901000,45.137000,-44.870000,28.770000
1.573,0.061000,0.017000,0.869000,-8.656000,22.130000,-41.565000,28.770000
1.586,0.026000,0.039000,0.934000,-6.771000,-6.763000,-40.908000,28.860000
1.593,0.116000,0.069000,0.946000,-8.466000,-26.847000,-42.466000,28.720000
1.605,0.236000,0.080000,0.952000,-6.550000,-34.031000,-40.359000,28.720000
1.617,0.386000,0.092000,0.946000,-7.718000,-15.183000,-48.252000,28.670000
1.624,0.464000,0.119000,0.955000,-9.756000,9.221000,-46.725000,28.770000
1.637,0.381000,0.086000,0.948000,-12.954000,27.321000,-41.008000,28.720000
1.644,0.242000,0.065000,0.937000,-15.557000,32.282000,-38.153000,28.810000
1.656,0.144000,0.050000,0.907000,-16.756000,24.282000,-37.756000,28.720000
1.663,0.101000,0.021000,0.882000,-16.679000,9.786000,-38.122000,28.860000
1.675,0.167000,0.033000,0.868000,-16.099000,-0.321000,-35.588000,28.770000
1.687,0.250000,0.053000,0.865000,-15.198000,-2.771000,-29.031000,28.770000
1.695,0.293000,0.046000,0.866000,-12.863000,4.672000,-28.450000,28.810000
1.706,0.281000,0.065000,0.868000,-9.443000,13.641000,-28.206000,28.770000
1.713,0.182000,0.018000,0.892000,-7.115000,14.527000,-25.893000,28.770000
1.728,0.107000,-0.002000,0.910000,-0.336000,8.962000,-25.893000,28.770000
1.733,0.022000,0.000000,0.950000,8.252000,-3.634000,-29.985000,28.810000
1.746,0.030000,0.012000,0.977000,9.260000,-15.023000,-32.557000,28.810000
1.757,0.153000,0.083000,1.026000,0.405000,-12.435000,-41.069000,28.860000
1.765,0.263000,0.122000,1.030000,-9.489000,1.267000,-47.794000,28.860000
1.778,0.321000,0.104000,0.997000,-13.420000,20.260000,-51.504000,28.770000
1.784,0.300000,0.074000,0.968000,-15.992000,32.718000,-51.649000,28.810000
1.796,0.167000,0.018000,0.938000,-14.771000,28.542000,-48.519000,28.810000
1.803,0.122000,0.005000,0.930000,-10.031000,18.260000,-49.885000,28.770000
1.815,0.111000,0.058000,0.982000,-10.099000,4.756000,-49.702000,28.770000
1.828,0.129000,0.067000,1.018000,-12.763000,-3.313000,-50.656000,28.720000
1.835,0.238000,0.107000,1.022000,-17.389000,-0.427000,-50.237000,28.810000
1.847,0.311000,0.113000,1.000000,-22.924000,9.511000,-49.626000,28.810000
1.854,0.329000,0.092000,0.949000,-25.389000,23.435000,-50.817000,28.770000
1.866,0.285000,0.058000,0.887000,-25.267000,31.931000,-49.885000,28.770000
1.873,0.186000,0.003000,0.859000,-21.855000,27.420000,-47.008000,28.770000
1.886,0.110000,0.022000,0.858000,-18.786000,16.878000,-48.015000,28.720000
1.897,0.097000,0.028000,0.883000,-13.947000,2.229000,-45.061000,28.770000
1.904,0.141000,0.042000,0.875000,-12.527000,-7.351000,-45.336000,28.860000
1.917,0.271000,0.067000,0.876000,-14.740000,-3.107000,-50.573000,28.770000
1.923,0.386000,0.080000,0.875000,-15.420000,12.176000,-52.229000,28.810000
1.936,0.408000,0.082000,0.855000,-15.947000,29.893000,-52.000000,28.720000
1.943,0.329000,0.017000,0.817000,-15.206000,38.344000,-47.603000,28.860000
1.955,0.179000,-0.079000,0.781000,-9.573000,29.389000,-43.557000,28.770000
1.967,0.120000,-0.077000,0.805000,-1.221000,12.366000,-40.809000,28.770000
1.975,0.128000,-0.008000,0.885000,2.290000,-6.481000,-40.809000,28.810000
1.987,0.211000,0.026000,0.922000,4.069000,-16.878000,-37.473000,28.810000
1.994,0.350000,0.072000,0.945000,1.130000,-8.855000,-39.023000,28.770000
2.006,0.416000,0.094000,0.942000,-4.214000,7.580000,-37.046000,28.860000
2.013,0.402000,0.075000,0.923000,-7.763000,25.321000,-34.916000,28.810000
2.025,0.267000,0.015000,0.876000,-8.481000,28.420000,-30.817000,28.720000
2.039,0.141000,-0.089000,0.875000,-2.023000,21.046000,-30.489000,28.720000
2.045,0.069000,-0.069000,0.851000,0.496000,-16.687000,-24.122000,28.770000
2.057,0.163000,-0.105000,0.877000,7.992000,-26.435000,-32.374000,28.770000
2.064,0.239000,-0.023000,0.807000,12.435000,-41.733000,-30.679000,28.770000
2.078,0.484000,0.015000,0.848000,9.107000,-35.160000,-30.290000,28.810000
2.084,0.584000,0.097000,0.844000,6.443000,-10.977000,-29.634000,28.810000
2.096,0.642000,0.088000,0.907000,6.695000,17.565000,-25.656000,28.670000
2.108,0.492000,0.060000,0.891000,12.412000,34.626000,-9.084000,28.860000
2.115,0.297000,0.035000,0.905000,13.618000,33.992000,4.260000,28.810000
2.127,0.121000,0.027000,0.931000,13.557000,18.710000,8.756000,28.720000
2.136,0.037000,0.021000,0.974000,15.282000,3.542000,8.847000,28.770000
2.147,0.025000,0.027000,1.014000,16.061000,-7.878000,6.450000,28.770000
2.154,0.023000,0.052000,1.021000,13.466000,-12.771000,0.359000,28.770000
2.167,0.104000,0.054000,1.034000,9.649000,-4.603000,-12.351000,28.810000
2.174,0.163000,0.124000,1.016000,2.229000,8.069000,-18.626000,28.810000
2.187,0.201000,0.114000,0.986000,-4.725000,26.313000,-27.565000,28.770000
2.193,0.173000,0.097000,0.956000,-8.244000,37.771000,-27.221000,28.770000
2.205,0.072000,0.034000,0.933000,-6.824000,38.183000,-23.206000,28.810000
2.218,-0.018000,0.034000,0.942000,-6.649000,27.031000,-16.542000,28.810000
2.225,-0.059000,0.034000,0.948000,-7.260000,13.863000,-16.458000,28.720000
2.237,-0.051000,0.025000,0.900000,-7.947000,2.550000,-21.870000,28.770000
2.245,0.021000,0.003000,0.857000,-7.237000,1.504000,-29.748000,28.770000
2.256,0.077000,-0.004000,0.831000,-5.069000,2.328000,-32.305000,28.770000
2.263,0.094000,-0.010000,0.827000,-0.985000,2.885000,-35.145000,28.720000
2.278,0.091000,0.006000,0.864000,3.305000,-2.534000,-33.931000,28.810000
2.283,0.094000,0.002000,0.906000,3.641000,-10.443000,-31.786000,28.770000
2.295,0.135000,0.043000,0.923000,1.824000,-16.450000,-31.267000,28.670000
2.307,0.202000,0.032000,0.934000,0.710000,-18.267000,-30.740000,28.720000
2.315,0.308000,0.033000,0.901000,0.527000,-6.313000,-32.763000,28.910000
2.328,0.372000,0.051000,0.888000,-1.626000,7.641000,-32.664000,28.770000
2.334,0.387000,0.028000,0.887000,-1.405000,25.977000,-34.611000,28.770000
2.347,0.282000,0.001000,0.877000,-0.542000,30.298000,-31.748000,28.770000
2.353,0.186000,-0.024000,0.906000,5.718000,20.763000,-28.733000,28.810000
2.366,0.161000,0.006000,0.928000,6.458000,3.916000,-23.817000,28.720000
2.373,0.209000,0.005000,0.942000,5.573000,-10.504000,-19.229000,28.860000
2.386,0.281000,0.003000,0.931000,7.351000,-15.130000,-19.565000,28.770000
2.398,0.350000,0.029000,0.932000,8.786000,-12.580000,-19.351000,28.810000
2.405,0.384000,0.034000,0.930000,8.336000,-6.046000,-20.282000,28.720000
2.417,0.370000,0.043000,0.942000,6.878000,-1.679000,-18.046000,28.810000
2.424,0.330000,0.051000,0.951000,5.595000,-1.435000,-12.832000,28.770000
2.437,0.265000,0.053000,0.935000,4.954000,-5.328000,-8.382000,28.770000
2.444,0.260000,0.039000,0.942000,5.252000,-9.473000,-8.107000,28.770000
2.456,0.282000,0.052000,0.942000,5.412000,-13.634000,-3.397000,28.720000
2.463,0.348000,0.051000,0.936000,4.221000,-6.084000,-5.664000,28.720000
2.478,0.383000,0.097000,0.909000,4.382000,5.153000,-6.962000,28.770000
2.484,0.376000,0.086000,0.944000,3.824000,16.756000,-5.573000,28.770000
2.496,0.302000,0.061000,0.945000,6.191000,21.046000,-2.679000,28.720000
2.503,0.202000,0.031000,0.963000,7.756000,16.237000,4.084000,28.810000
2.515,0.140000,0.024000,0.957000,10.191000,4.038000,10.130000,28.770000
2.521,0.140000,0.030000,0.974000,12.740000,-6.992000,8.611000,28.860000
2.535,0.163000,0.054000,1.001000,12.702000,-13.466000,7.496000,28.770000
2.547,0.265000,0.082000,1.011000,11.580000,-6.237000,3.023000,28.720000
2.555,0.317000,0.135000,1.059000,8.847000,8.603000,-3.366000,28.810000
2.567,0.308000,0.127000,1.047000,5.389000,24.695000,-3.542000,28.860000
2.575,0.228000,0.077000,1.029000,3.557000,31.840000,-0.206000,28.770000
2.587,0.141000,0.050000,0.992000,0.962000,29.412000,3.023000,28.860000
2.595,0.081000,0.022000,0.969000,-0.397000,20.305000,5.115000,28.810000
2.607,0.073000,0.011000,0.956000,0.885000,7.534000,4.473000,28.720000
2.614,0.114000,0.031000,0.940000,3.015000,-1.542000,3.924000,28.770000
2.628,0.214000,0.062000,0.960000,3.183000,-0.038000,1.718000,28.770000
2.634,0.268000,0.067000,0.951000,2.656000,6.473000,3.290000,28.860000
2.647,0.229000,0.044000,0.976000,2.824000,11.221000,10.580000,28.770000
2.654,0.127000,0.037000,1.006000,3.916000,5.374000,14.611000,28.720000
2.666,0.075000,0.051000,0.991000,3.687000,-6.344000,11.794000,28.770000
2.673,0.115000,0.062000,1.016000,2.252000,-20.023000,11.733000,28.770000
2.686,0.227000,0.068000,1.002000,-2.084000,-23.366000,8.908000,28.770000
2.693,0.350000,0.066000,0.967000,-2.275000,-16.336000,8.160000,28.810000
2.705,0.395000,0.079000,0.958000,0.290000,-2.580000,10.298000,28.720000
2.711,0.361000,0.080000,0.962000,0.458000,3.748000,15.267000,28.770000
2.725,0.300000,0.081000,0.987000,0.489000,3.076000,19.962000,28.770000
2.738,0.230000,0.087000,0.983000,-0.893000,-5.618000,23.275000,28.810000
2.745,0.215000,0.051000,0.993000,-0.817000,-15.832000,22.573000,28.720000
2.757,0.248000,0.062000,1.000000,1.573000,-21.626000,19.588000,28.720000
2.764,0.319000,0.099000,1.026000,2.557000,-21.542000,18.107000,28.860000
2.776,0.387000,0.125000,1.026000,2.252000,-15.198000,23.397000,28.860000
2.784,0.385000,0.133000,1.018000,-1.893000,-6.863000,28.267000,28.810000
2.797,0.369000,0.120000,0.997000,-4.565000,0.534000,30.397000,28.720000
2.804,0.321000,0.080000,0.979000,-4.695000,3.084000,31.603000,28.720000
2.816,0.297000,0.067000,0.962000,-5.550000,1.878000,32.435000,28.770000
2.822,0.286000,0.057000,0.955000,-6.053000,-0.443000,31.863000,28.770000
2.835,0.297000,0.049000,0.975000,-3.130000,-2.061000,31.229000,28.770000
2.848,0.287000,0.033000,0.954000,-3.031000,-8.603000,37.397000,28.720000
2.855,0.291000,0.090000,0.942000,-1.618000,-11.802000,38.573000,28.670000
2.867,0.331000,0.083000,0.922000,1.313000,-15.366000,38.092000,28.770000
2.875,0.338000,0.103000,0.940000,3.000000,-16.931000,41.252000,28.770000
2.887,0.338000,0.112000,0.974000,2.282000,-19.382000,44.107000,28.810000
2.894,0.365000,0.119000,0.949000,-0.489000,-16.504000,44.702000,28.720000
2.906,0.365000,0.104000,0.942000,0.824000,-12.847000,46.206000,28.860000
2.913,0.329000,0.089000,0.964000,-0.321000,-11.740000,48.450000,28.770000
2.925,0.271000,0.086000,0.944000,-3.122000,-12.244000,48.466000,28.770000
2.938,0.275000,0.108000,0.933000,-4.076000,-13.511000,45.809000,28.810000
2.946,0.341000,0.067000,0.912000,-4.252000,-10.954000,43.076000,28.720000
2.957,0.373000,0.079000,0.882000,-3.168000,-8.321000,44.008000,28.770000
2.964,0.405000,0.093000,0.889000,-2.267000,-3.191000,46.504000,28.770000
2.978,0.399000,0.114000,0.907000,-2.489000,-3.618000,52.626000,28.720000
2.984,0.359000,0.092000,0.920000,-0.679000,-6.611000,58.924000,28.810000
2.997,0.326000,0.103000,0.917000,-2.130000,-10.954000,64.229000,28.810000
3.003,0.335000,0.098000,0.904000,-2.282000,-10.924000,64.763000,28.670000
3.015,0.352000,0.121000,0.885000,-2.710000,-8.656000,65.366000,28.770000
3.028,0.347000,0.112000,0.860000,-2.069000,-3.786000,66.130000,28.770000
3.035,0.323000,0.096000,0.849000,-0.405000,0.779000,64.099000,28.810000
3.048,0.316000,0.099000,0.842000,0.595000,4.160000,62.603000,28.810000
3.055,0.268000,0.084000,0.851000,3.397000,2.275000,65.305000,28.770000
3.067,0.251000,0.081000,0.862000,5.122000,-2.550000,68.359000,28.770000
3.074,0.252000,0.098000,0.893000,6.702000,-6.359000,73.397000,28.720000
3.088,0.244000,0.125000,0.923000,5.168000,-7.588000,76.290000,28.810000
3.096,0.241000,0.103000,0.917000,4.672000,-5.237000,76.244000,28.720000
3.107,0.245000,0.104000,0.900000,4.099000,-0.809000,75.687000,28.770000
3.114,0.220000,0.111000,0.896000,2.878000,2.107000,75.053000,28.770000
3.127,0.185000,0.077000,0.861000,3.756000,4.382000,69.237000,28.810000
3.134,0.192000,0.066000,0.860000,5.076000,4.473000,65.710000,28.720000
3.146,0.180000,0.066000,0.880000,6.336000,0.802000,69.809000,28.810000
3.153,0.175000,0.057000,0.900000,8.229000,-1.695000,72.290000,28.670000
3.166,0.183000,0.094000,0.932000,6.145000,-1.550000,71.603000,28.860000
3.173,0.192000,0.104000,0.934000,4.252000,-1.473000,73.489000,28.720000
3.186,0.193000,0.060000,0.884000,6.779000,-2.466000,73.847000,28.720000
3.193,0.154000,0.044000,0.867000,9.206000,-6.641000,75.855000,28.770000
3.205,0.154000,0.070000,0.891000,12.046000,-11.710000,76.947000,28.670000
3.218,0.179000,0.102000,0.918000,13.496000,-10.939000,74.718000,28.860000
3.225,0.210000,0.111000,0.941000,10.763000,-5.435000,73.237000,28.770000
3.237,0.202000,0.098000,0.963000,7.435000,1.511000,75.611000,28.720000
3.245,0.160000,0.064000,0.955000,6.252000,5.626000,74.214000,28.770000
3.257,0.128000,0.053000,0.940000,4.840000,6.924000,70.092000,28.670000
3.264,0.130000,0.057000,0.918000,2.710000,3.878000,68.382000,28.770000
3.279,0.120000,0.061000,0.900000,3.702000,0.252000,67.481000,28.720000
3.284,0.134000,0.079000,0.889000,2.992000,0.099000,63.084000,28.810000
3.297,0.181000,0.075000,0.850000,1.595000,0.740000,63.763000,28.770000
3.304,0.227000,0.030000,0.819000,4.374000,5.901000,65.420000,28.770000
3.316,0.192000,0.032000,0.812000,8.557000,5.916000,67.702000,28.810000
3.324,0.157000,0.028000,0.820000,13.771000,0.420000,67.687000,28.810000
3.336,0.145000,0.049000,0.839000,16.817000,-9.015000,69.901000,28.810000
3.344,0.167000,0.074000,0.874000,18.084000,-15.931000,71.962000,28.770000
3.355,0.219000,0.099000,0.896000,16.992000,-13.328000,73.466000,28.770000
3.368,0.243000,0.112000,0.906000,13.366000,-3.427000,74.191000,28.810000
3.375,0.230000,0.085000,0.885000,10.863000,8.206000,73.756000,28.720000
3.388,0.190000,0.031000,0.855000,12.061000,17.198000,71.038000,28.810000
3.395,0.121000,0.037000,0.870000,15.344000,16.420000,70.863000,28.770000
3.407,0.094000,0.067000,0.879000,17.198000,11.931000,69.878000,28.860000
3.414,0.133000,0.111000,0.885000,15.344000,10.000000,67.527000,28.770000
3.428,0.188000,0.119000,0.850000,13.824000,14.443000,68.969000,28.810000
3.434,0.226000,0.104000,0.839000,15.542000,23.214000,68.145000,28.810000
3.446,0.224000,0.121000,0.844000,16.893000,33.153000,65.626000,28.670000
3.453,0.127000,0.087000,0.878000,18.221000,27.550000,70.252000,28.770000
3.465,-0.009000,0.049000,0.910000,25.176000,5.885000,74.519000,28.720000
3.478,-0.050000,0.082000,0.952000,26.832000,-21.794000,79.191000,28.720000
3.485,-0.017000,0.079000,0.966000,25.397000,-43.740000,82.351000,28.770000
3.497,0.112000,0.092000,0.985000,26.031000,-42.374000,78.702000,28.670000
3.504,0.191000,0.134000,0.999000,23.382000,-25.511000,73.252000,28.770000
3.516,0.240000,0.177000,1.004000,15.656000,2.076000,66.298000,28.810000
3.524,0.232000,0.172000,0.956000,7.817000,25.076000,62.504000,28.810000
3.538,0.135000,0.089000,0.892000,6.611000,31.977000,64.282000,28.770000
3.543,-0.039000,-0.022000,0.843000,16.145000,14.252000,65.084000,28.770000
3.555,-0.094000,0.017000,0.847000,26.328000,-12.298000,66.069000,28.770000
3.567,-0.027000,0.073000,0.915000,29.176000,-36.405000,69.160000,28.720000
3.575,0.096000,0.098000,0.984000,31.725000,-42.076000,72.611000,28.720000
3.587,0.187000,0.169000,1.027000,32.160000,-30.603000,71.679000,28.770000
3.594,0.232000,0.203000,1.036000,25.344000,-7.908000,68.511000,28.670000
3.606,0.215000,0.180000,1.015000,18.137000,14.763000,66.076000,28.770000
3.613,0.201000,0.133000,0.975000,13.420000,37.221000,60.328000,28.810000
3.626,0.104000,0.100000,0.934000,12.336000,46.496000,56.153000,28.810000
3.634,0.070000,0.099000,0.913000,13.702000,47.962000,55.305000,28.770000
3.646,0.075000,0.114000,0.905000,13.878000,44.168000,57.924000,28.770000
3.658,0.098000,0.118000,0.900000,11.450000,44.534000,59.282000,28.810000
3.665,0.108000,0.095000,0.889000,11.832000,46.977000,62.321000,28.810000
3.677,0.056000,0.074000,0.885000,13.656000,50.076000,60.565000,28.770000
3.684,-0.059000,0.027000,0.900000,17.977000,39.557000,58.954000,28.770000
3.696,-0.179000,-0.003000,0.937000,24.878000,15.183000,56.733000,28.770000
3.703,-0.208000,0.027000,0.979000,26.351000,-17.008000,57.511000,28.810000
3.716,-0.107000,0.033000,1.017000,27.794000,-38.733000,59.641000,28.810000
3.723,0.059000,0.090000,1.041000,26.733000,-38.229000,55.954000,28.770000
3.736,0.163000,0.118000,1.054000,21.969000,-22.824000,54.489000,28.770000
3.748,0.218000,0.125000,1.034000,12.977000,3.366000,49.947000,28.770000
3.755,0.137000,0.070000,0.990000,9.466000,17.389000,50.008000,28.720000
3.767,0.019000,0.039000,0.970000,11.405000,18.962000,47.443000,28.810000
3.774,-0.048000,0.072000,0.978000,10.275000,7.977000,45.893000,28.670000
3.787,-0.036000,0.061000,0.978000,10.687000,-4.061000,46.244000,28.770000
3.794,0.071000,0.080000,0.975000,10.084000,-1.008000,40.771000,28.860000
3.806,0.176000,0.106000,0.975000,6.756000,12.511000,37.557000,28.810000
3.813,0.203000,0.100000,0.965000,4.344000,30.710000,35.198000,28.620000
3.826,0.119000,0.071000,0.953000,5.344000,36.427000,35.931000,28.770000
3.834,0.012000,0.013000,0.927000,8.786000,26.450000,36.221000,28.860000
3.846,-0.033000,0.011000,0.920000,13.313000,4.359000,37.382000,28.810000
3.858,-0.002000,0.036000,0.958000,17.611000,-16.206000,41.252000,28.720000
3.864,0.114000,0.102000,0.997000,16.969000,-21.221000,48.443000,28.720000
3.878,0.245000,0.173000,1.021000,11.489000,-2.885000,48.351000,28.670000
3.885,0.297000,0.207000,1.026000,2.901000,31.145000,41.832000,28.770000
3.897,0.244000,0.190000,0.991000,-6.298000,62.634000,35.679000,28.720000
3.904,0.144000,0.123000,0.920000,-9.656000,79.656000,30.122000,28.720000
3.916,0.031000,0.072000,0.858000,-9.206000,78.427000,27.489000,28.720000
3.923,-0.025000,0.068000,0.831000,-5.099000,60.893000,33.229000,28.770000
3.936,-0.062000,0.069000,0.819000,-0.458000,36.160000,35.679000,28.770000
3.948,-0.032000,0.062000,0.831000,4.794000,17.962000,37.000000,28.720000
3.955,0.058000,0.098000,0.884000,5.221000,10.038000,37.450000,28.720000
3.967,0.113000,0.110000,0.921000,7.664000,12.092000,36.824000,28.770000
3.974,0.114000,0.091000,0.993000,10.656000,19.061000,32.794000,28.770000
3.987,0.121000,0.052000,0.951000,11.557000,21.527000,32.664000,28.860000
3.994,0.031000,0.003000,0.950000,15.634000,13.718000,30.351000,28.860000
4.006,0.010000,0.075000,0.981000,19.550000,-0.008000,34.206000,28.720000
4.014,0.048000,0.104000,1.052000,19.229000,-15.153000,44.382000,28.860000
4.026,0.120000,0.152000,1.088000,14.115000,-17.092000,52.122000,28.770000
4.034,0.149000,0.167000,1.084000,5.710000,-7.740000,56.099000,28.770000
4.046,0.174000,0.164000,1.060000,0.221000,14.275000,54.168000,28.810000
4.052,0.142000,0.135000,1.011000,-4.916000,36.969000,46.130000,28.720000
4.065,0.040000,0.071000,0.959000,-4.237000,45.214000,45.885000,28.770000
4.078,-0.105000,0.000000,0.908000,1.618000,35.031000,44.244000,28.770000
4.086,-0.201000,0.025000,0.913000,6.252000,10.725000,46.588000,28.810000
4.097,-0.211000,0.075000,0.967000,6.870000,-17.282000,46.550000,28.720000
4.104,-0.078000,0.134000,1.002000,5.145000,-23.863000,36.725000,28.810000
4.116,0.082000,0.154000,1.022000,1.145000,-11.565000,28.107000,28.670000
4.123,0.185000,0.134000,1.014000,-3.809000,15.458000,19.779000,28.770000
4.137,0.198000,0.146000,0.953000,-8.931000,41.115000,16.573000,28.810000
4.143,0.140000,0.111000,0.908000,-12.550000,54.809000,15.748000,28.810000
4.155,0.044000,0.059000,0.850000,-12.802000,50.511000,16.145000,28.720000
4.167,-0.023000,0.031000,0.802000,-10.198000,30.656000,23.817000,28.770000
4.174,-0.037000,0.015000,0.801000,1.229000,7.130000,32.191000,28.770000
4.187,0.016000,0.057000,0.808000,8.191000,-7.733000,33.237000,28.860000
4.194,0.099000,0.111000,0.837000,10.939000,-12.878000,31.344000,28.720000
4.206,0.168000,0.129000,0.845000,12.931000,-2.878000,26.611000,28.770000
4.214,0.181000,0.143000,0.863000,12.504000,12.260000,19.771000,28.770000
4.228,0.160000,0.099000,0.880000,10.817000,20.550000,21.710000,28.770000
4.234,0.098000,0.038000,0.833000,13.664000,21.634000,25.679000,28.720000
4.246,0.033000,0.034000,0.809000,18.137000,14.672000,29.786000,28.810000
4.258,-0.003000,0.043000,0.820000,22.252000,-0.382000,36.794000,28.770000
4.265,-0.021000,0.058000,0.869000,25.466000,-13.321000,41.237000,28.770000
4.278,-0.000000,0.114000,0.906000,27.740000,-16.382000,41.931000,28.770000
4.285,-0.022000,0.166000,0.938000,26.878000,-13.580000,43.702000,28.810000
4.297,-0.012000,0.167000,0.983000,22.466000,-0.298000,37.191000,28.720000
4.303,-0.013000,0.179000,0.987000,15.740000,12.137000,38.565000,28.770000
4.315,-0.047000,0.167000,0.959000,8.611000,21.962000,36.107000,28.770000
4.323,-0.092000,0.129000,0.890000,4.779000,23.580000,35.221000,28.910000
4.335,-0.103000,0.107000,0.848000,6.412000,24.076000,34.740000,28.810000
4.347,-0.100000,0.106000,0.792000,8.229000,23.756000,36.771000,28.720000
4.354,-0.116000,0.087000,0.741000,10.130000,22.588000,40.710000,28.770000
4.367,-0.185000,0.046000,0.702000,17.947000,18.405000,43.908000,28.770000
4.374,-0.218000,0.081000,0.717000,24.427000,15.221000,42.053000,28.770000
4.386,-0.272000,0.097000,0.769000,29.389000,5.802000,37.275000,28.810000
4.393,-0.270000,0.104000,0.837000,36.183000,1.496000,25.626000,28.720000
4.406,-0.234000,0.136000,0.917000,36.595000,0.824000,15.847000,28.770000
4.413,-0.187000,0.136000,0.921000,35.580000,-0.863000,7.870000,28.770000
4.425,-0.095000,0.159000,0.947000,32.458000,6.786000,5.389000,28.810000
4.438,-0.038000,0.171000,0.924000,26.053000,18.557000,3.863000,28.720000
4.445,-0.034000,0.134000,0.905000,26.794000,26.061000,5.023000,28.810000
4.457,-0.055000,0.126000,0.918000,31.107000,28.405000,6.870000,28.770000
4.464,-0.105000,0.101000,0.933000,37.878000,21.145000,10.244000,28.770000
4.478,-0.129000,0.109000,0.960000,44.641000,6.763000,14.656000,28.720000
4.484,-0.091000,0.143000,1.010000,47.794000,-1.794000,16.817000,28.810000
4.496,-0.075000,0.189000,1.055000,48.214000,-5.046000,18.221000,28.720000
4.503,-0.056000,0.213000,1.090000,45.321000,-4.443000,22.084000,28.770000
4.515,-0.061000,0.242000,1.106000,38.420000,0.015000,20.824000,28.770000
4.529,-0.044000,0.260000,1.131000,31.573000,6.061000,16.916000,28.720000
4.535,-0.029000,0.256000,1.146000,28.221000,11.794000,17.176000,28.720000
4.547,-0.030000,0.254000,1.143000,22.817000,17.672000,18.229000,28.810000
4.554,-0.042000,0.229000,1.109000,13.870000,17.099000,20.137000,28.770000
4.566,-0.044000,0.204000,1.086000,13.328000,15.008000,19.679000,28.770000
4.573,-0.059000,0.197000,1.091000,12.076000,12.794000,19.298000,28.770000
4.587,-0.089000,0.225000,1.091000,5.969000,10.763000,20.679000,28.810000
4.593,-0.070000,0.184000,1.038000,1.435000,13.145000,20.237000,28.720000
4.605,-0.071000,0.194000,1.003000,-0.405000,16.374000,21.618000,28.770000
4.618,-0.106000,0.174000,0.962000,-1.855000,16.908000,21.260000,28.670000
4.625,-0.135000,0.171000,0.967000,2.115000,15.916000,21.840000,28.720000
4.637,-0.139000,0.218000,0.982000,1.634000,16.855000,21.191000,28.810000
4.644,-0.160000,0.198000,0.975000,2.870000,14.206000,21.038000,28.770000
4.657,-0.173000,0.188000,0.972000,8.252000,12.435000,18.115000,28.860000
4.664,-0.196000,0.219000,0.993000,11.489000,6.924000,12.565000,28.770000
4.678,-0.183000,0.232000,0.981000,11.679000,1.954000,3.939000,28.720000
4.684,-0.092000,0.243000,0.985000,10.725000,1.748000,-3.878000,28.720000
4.697,-0.020000,0.251000,0.964000,9.420000,6.481000,-5.015000,28.670000
4.703,0.013000,0.232000,0.950000,6.275000,15.275000,-2.405000,28.770000
4.716,-0.016000,0.239000,0.939000,4.519000,19.710000,1.656000,28.770000
4.723,-0.053000,0.202000,0.934000,7.366000,21.244000,3.878000,28.720000
4.736,-0.107000,0.206000,0.969000,9.290000,19.000000,7.710000,28.720000
4.747,-0.184000,0.210000,1.009000,6.832000,11.763000,11.649000,28.670000
4.755,-0.240000,0.225000,1.047000,3.580000,4.389000,12.786000,28.670000
4.767,-0.217000,0.252000,1.025000,-5.489000,6.588000,8.267000,28.770000
4.774,-0.192000,0.210000,0.933000,-9.580000,9.267000,2.214000,28.810000
4.787,-0.177000,0.165000,0.891000,-0.695000,11.160000,-7.389000,28.720000
4.794,-0.202000,0.179000,0.918000,5.649000,6.962000,-14.344000,28.770000
4.806,-0.205000,0.223000,0.949000,5.992000,-1.824000,-13.802000,28.670000
4.813,-0.151000,0.233000,0.955000,5.603000,-8.870000,-9.176000,28.720000
4.825,-0.121000,0.248000,0.941000,3.214000,-10.412000,-4.511000,28.720000
4.831,-0.154000,0.241000,0.921000,1.107000,-10.969000,-3.779000,28.720000
4.846,-0.195000,0.224000,0.903000,2.092000,-14.908000,-10.267000,28.670000
4.857,-0.209000,0.188000,0.889000,5.412000,-26.336000,-20.298000,28.670000
4.864,-0.190000,0.220000,0.862000,7.405000,-39.809000,-28.672000,28.720000
4.878,-0.098000,0.197000,0.824000,9.221000,-50.718000,-39.771000,28.720000
4.884,0.006000,0.210000,0.786000,14.519000,-52.725000,-50.282000,28.770000
4.896,0.106000,0.275000,0.774000,15.664000,-44.901000,-57.656000,28.670000
4.908,0.165000,0.312000,0.734000,18.244000,-32.260000,-65.023000,28.770000
4.914,0.217000,0.312000,0.715000,19.748000,-20.733000,-70.076000,28.720000
4.928,0.225000,0.304000,0.710000,21.305000,-14.092000,-64.855000,28.720000
4.934,0.207000,0.249000,0.752000,28.481000,-10.908000,-48.206000,28.860000
4.946,0.161000,0.250000,0.816000,30.229000,-12.046000,-27.565000,28.860000
4.953,0.088000,0.246000,0.901000,23.229000,-16.435000,-7.832000,28.770000
4.965,-0.007000,0.211000,0.968000,15.061000,-19.664000,8.626000,28.810000
4.979,-0.081000,0.235000,1.022000,7.496000,-21.069000,21.580000,28.810000
4.985,-0.127000,0.242000,1.050000,-5.969000,-16.153000,28.809000,28.670000
4.997,-0.202000,0.223000,1.040000,-13.015000,-9.626000,30.107000,28.670000
5.003,-0.278000,0.225000,1.042000,-19.237000,-4.458000,28.260000,28.810000
5.016,-0.362000,0.217000,1.045000,-27.122000,-2.931000,24.710000,28.810000
5.023,-0.434000,0.188000,1.042000,-32.023000,-9.260000,23.229000,28.720000
5.035,-0.477000,0.196000,1.025000,-34.947000,-18.580000,23.229000,28.860000
5.047,-0.525000,0.175000,0.994000,-35.908000,-33.099000,24.954000,28.770000
5.054,-0.570000,0.168000,0.969000,-31.947000,-49.748000,21.176000,28.810000
5.066,-0.567000,0.177000,0.930000,-25.947000,-66.985000,13.748000,28.720000
5.073,-0.569000,0.166000,0.934000,-19.573000,-87.313000,2.763000,28.770000
5.086,-0.560000,0.192000,0.897000,-13.107000,-113.954000,-10.679000,28.770000
5.097,-0.523000,0.228000,0.917000,-5.870000,-140.359000,-18.855000,28.770000
5.104,-0.464000,0.304000,0.936000,-6.649000,-165.550000,-27.313000,28.810000
5.116,-0.377000,0.359000,0.957000,-6.031000,-180.015000,-35.405000,28.620000
5.123,-0.252000,0.429000,0.962000,-13.947000,-184.687000,-38.916000,28.770000
5.135,-0.155000,0.483000,0.960000,-27.176000,-180.817000,-40.168000,28.770000
5.147,-0.062000,0.512000,0.964000,-39.656000,-168.252000,-43.122000,28.770000
5.153,0.010000,0.534000,0.929000,-53.992000,-150.595000,-44.137000,28.720000
5.166,0.058000,0.534000,0.898000,-67.908000,-126.550000,-52.634000,28.810000
5.178,0.084000,0.517000,0.847000,-79.969000,-107.473000,-57.504000,28.770000
5.185,0.114000,0.490000,0.785000,-92.229000,-82.908000,-71.527000,28.670000
5.197,0.129000,0.451000,0.744000,-97.580000,-62.885000,-87.168000,28.720000
5.204,0.154000,0.405000,0.732000,-100.023000,-50.420000,-100.305000,28.720000
5.215,0.215000,0.403000,0.767000,-100.870000,-42.206000,-106.832000,28.810000
5.227,0.256000,0.363000,0.756000,-101.969000,-42.534000,-103.580000,28.770000
5.235,0.293000,0.302000,0.721000,-98.038000,-45.267000,-96.679000,28.770000
5.247,0.314000,0.277000,0.690000,-91.840000,-46.504000,-89.740000,28.720000
5.253,0.337000,0.272000,0.631000,-85.565000,-42.046000,-82.130000,28.720000
5.265,0.349000,0.264000,0.596000,-75.641000,-32.344000,-71.443000,28.770000
5.278,0.303000,0.242000,0.573000,-67.725000,-21.725000,-63.198000,28.860000
5.284,0.213000,0.201000,0.599000,-59.366000,-17.015000,-63.443000,28.770000
5.297,0.117000,0.156000,0.671000,-51.550000,-25.840000,-74.702000,28.810000
5.303,0.095000,0.161000,0.711000,-50.626000,-43.191000,-89.695000,28.810000
5.316,0.180000,0.180000,0.722000,-59.092000,-60.809000,-102.313000,28.670000
5.327,0.360000,0.170000,0.671000,-66.298000,-63.771000,-110.603000,28.770000
5.335,0.562000,0.166000,0.628000,-68.450000,-51.282000,-109.214000,28.770000
5.347,0.694000,0.166000,0.571000,-64.466000,-22.305000,-102.153000,28.720000
5.354,0.685000,0.101000,0.527000,-52.718000,10.122000,-93.504000,28.810000
5.365,0.553000,0.041000,0.531000,-34.931000,31.191000,-89.313000,28.670000
5.378,0.434000,0.027000,0.584000,-17.992000,38.656000,-87.641000,28.770000
5.385,0.331000,0.066000,0.645000,-4.420000,27.992000,-85.908000,28.720000
5.398,0.271000,0.125000,0.717000,-0.611000,5.916000,-88.855000,28.810000
5.404,0.269000,0.190000,0.761000,-5.183000,-18.924000,-88.511000,28.720000
5.416,0.343000,0.271000,0.749000,-17.710000,-40.313000,-85.534000,28.770000
5.423,0.494000,0.250000,0.688000,-30.817000,-46.611000,-81.351000,28.670000
5.437,0.604000,0.171000,0.612000,-32.267000,-39.168000,-77.603000,28.720000
5.448,0.653000,0.101000,0.574000,-22.061000,-21.061000,-76.420000,28.810000
5.454,0.641000,0.074000,0.600000,-5.885000,-5.084000,-73.847000,28.770000
5.467,0.576000,0.083000,0.657000,9.534000,2.061000,-69.679000,28.670000
5.474,0.488000,0.142000,0.729000,13.756000,-0.687000,-69.267000,28.670000
5.488,0.422000,0.150000,0.753000,13.206000,-14.565000,-67.534000,28.720000
5.495,0.422000,0.203000,0.760000,9.863000,-31.481000,-65.344000,28.720000
5.505,0.451000,0.209000,0.771000,7.687000,-52.076000,-55.786000,28.670000
5.518,0.451000,0.207000,0.777000,9.947000,-70.878000,-50.725000,28.670000
5.525,0.530000,0.233000,0.797000,9.725000,-80.687000,-53.427000,28.670000
5.538,0.677000,0.249000,0.845000,6.855000,-74.969000,-60.176000,28.670000
5.545,0.811000,0.277000,0.868000,2.718000,-55.458000,-66.458000,28.620000
5.556,0.868000,0.244000,0.849000,0.275000,-27.397000,-69.084000,28.770000
5.563,0.880000,0.211000,0.822000,0.183000,-1.863000,-62.229000,28.770000
5.578,0.858000,0.227000,0.779000,0.069000,22.618000,-56.718000,28.720000
5.584,0.778000,0.212000,0.739000,1.237000,36.115000,-44.336000,28.720000
5.596,0.689000,0.211000,0.753000,10.603000,39.214000,-33.069000,28.720000
5.608,0.592000,0.215000,0.803000,17.702000,31.412000,-23.878000,28.770000
5.615,0.548000,0.197000,0.822000,23.901000,24.145000,-22.313000,28.670000
5.628,0.589000,0.229000,0.851000,27.015000,23.740000,-23.832000,28.720000
5.635,0.616000,0.220000,0.870000,28.710000,32.893000,-23.916000,28.720000
5.647,0.633000,0.191000,0.852000,30.336000,50.160000,-22.107000,28.670000
5.653,0.603000,0.219000,0.860000,29.718000,69.603000,-21.588000,28.770000
5.676,0.553000,0.255000,0.857000,30.107000,84.382000,-20.679000,28.670000
5.677,0.476000,0.264000,0.854000,33.130000,88.740000,-18.618000,28.720000
