time_sec,ax,ay,az,gx,gy,gz,temp_c
0.011,-0.178000,0.233000,0.936000,-6.527000,4.534000,-10.687000,28.620000
0.011,-0.171000,0.206000,0.899000,-5.443000,0.511000,-12.832000,28.720000
0.024,-0.141000,0.200000,0.870000,-3.336000,-3.718000,-10.611000,28.620000
0.031,-0.141000,0.206000,0.864000,-1.595000,-7.916000,-5.183000,28.670000
0.043,-0.164000,0.206000,0.879000,1.931000,-10.496000,-2.573000,28.670000
0.056,-0.175000,0.238000,0.902000,3.008000,-9.000000,-5.565000,28.620000
0.062,-0.167000,0.259000,0.929000,0.267000,-5.565000,-10.374000,28.720000
0.078,-0.147000,0.240000,0.890000,0.137000,-4.321000,-16.748000,28.580000
0.085,-0.105000,0.262000,0.909000,-0.802000,-2.000000,-19.099000,28.670000
0.095,-0.069000,0.260000,0.898000,-2.046000,-1.153000,-19.023000,28.620000
0.102,-0.021000,0.221000,0.875000,-4.000000,-0.527000,-16.611000,28.720000
0.113,-0.017000,0.220000,0.879000,1.221000,-0.809000,-11.786000,28.620000
0.120,-0.031000,0.237000,0.918000,3.641000,3.893000,-11.267000,28.580000
0.133,-0.077000,0.240000,0.938000,6.466000,8.466000,-9.389000,28.670000
0.145,-0.141000,0.245000,0.967000,9.748000,16.458000,-10.794000,28.670000
0.152,-0.208000,0.237000,0.977000,3.924000,21.366000,-13.840000,28.720000
0.165,-0.279000,0.243000,1.000000,1.626000,22.427000,-19.687000,28.670000
0.173,-0.334000,0.235000,0.995000,0.939000,20.305000,-27.969000,28.580000
0.185,-0.358000,0.247000,0.969000,-1.618000,13.115000,-34.672000,28.670000
0.192,-0.325000,0.223000,0.924000,-3.237000,2.817000,-42.305000,28.620000
0.203,-0.252000,0.192000,0.908000,-1.092000,-5.573000,-47.809000,28.620000
0.215,-0.193000,0.217000,0.916000,0.023000,-11.481000,-47.733000,28.670000
0.224,-0.146000,0.219000,0.943000,1.427000,-13.870000,-44.023000,28.670000
0.235,-0.132000,0.218000,0.957000,0.038000,-16.122000,-35.718000,28.620000
0.242,-0.154000,0.239000,0.986000,-4.115000,-15.924000,-26.901000,28.620000
0.254,-0.189000,0.259000,0.999000,-7.740000,-14.962000,-23.550000,28.620000
0.259,-0.210000,0.281000,0.987000,-12.244000,-9.061000,-28.008000,28.770000
0.273,-0.196000,0.251000,0.951000,-13.580000,-5.649000,-37.168000,28.670000
0.286,-0.184000,0.246000,0.935000,-12.206000,-3.198000,-43.702000,28.720000
0.292,-0.185000,0.238000,0.913000,-8.366000,-4.305000,-47.267000,28.620000
0.304,-0.179000,0.211000,0.890000,-6.290000,-7.519000,-45.450000,28.720000
0.311,-0.168000,0.208000,0.897000,-5.725000,-11.397000,-42.115000,28.670000
0.325,-0.168000,0.216000,0.919000,-5.496000,-13.137000,-38.084000,28.670000
0.336,-0.173000,0.225000,0.928000,-5.351000,-11.656000,-36.550000,28.580000
0.343,-0.170000,0.256000,0.951000,-6.206000,-7.824000,-38.366000,28.720000
0.354,-0.164000,0.267000,0.900000,-10.298000,-3.275000,-45.908000,28.670000
0.361,-0.104000,0.208000,0.824000,-7.641000,-3.565000,-54.756000,28.670000
0.373,-0.057000,0.201000,0.802000,-2.092000,-4.122000,-57.084000,28.620000
0.386,-0.049000,0.197000,0.811000,2.695000,-8.985000,-52.427000,28.620000
0.393,-0.061000,0.198000,0.844000,7.702000,-16.481000,-44.863000,28.620000
0.405,-0.063000,0.217000,0.895000,9.389000,-21.458000,-38.374000,28.670000
0.412,-0.094000,0.223000,0.918000,9.771000,-25.321000,-32.702000,28.770000
0.425,-0.098000,0.221000,0.942000,7.802000,-22.947000,-31.817000,28.620000
0.433,-0.078000,0.236000,0.934000,5.427000,-16.008000,-34.046000,28.720000
0.444,-0.089000,0.227000,0.926000,4.107000,-5.374000,-37.786000,28.720000
0.456,-0.130000,0.256000,0.927000,3.336000,2.183000,-38.931000,28.670000
0.463,-0.219000,0.241000,0.947000,3.435000,2.206000,-40.489000,28.670000
0.475,-0.286000,0.266000,0.973000,1.916000,-2.954000,-43.939000,28.620000
0.484,-0.309000,0.283000,1.006000,-2.321000,-10.519000,-46.374000,28.620000
0.494,-0.296000,0.273000,0.995000,-8.298000,-14.511000,-49.366000,28.580000
0.501,-0.241000,0.270000,0.968000,-14.420000,-13.038000,-54.794000,28.770000
0.513,-0.189000,0.225000,0.906000,-16.649000,-10.588000,-62.260000,28.670000
0.525,-0.135000,0.184000,0.825000,-13.634000,-4.885000,-66.687000,28.620000
0.533,-0.121000,0.171000,0.809000,-10.718000,-3.076000,-64.901000,28.720000
0.544,-0.142000,0.149000,0.822000,-5.328000,-8.649000,-59.076000,28.670000
0.551,-0.183000,0.181000,0.851000,0.061000,-17.130000,-54.695000,28.670000
0.563,-0.185000,0.210000,0.904000,1.450000,-25.473000,-52.443000,28.620000
0.576,-0.167000,0.225000,0.906000,-0.695000,-30.405000,-54.534000,28.620000
0.584,-0.113000,0.207000,0.886000,-1.183000,-31.695000,-58.863000,28.620000
0.595,-0.074000,0.166000,0.862000,1.740000,-31.565000,-60.817000,28.670000
0.602,-0.034000,0.172000,0.874000,4.702000,-30.893000,-58.496000,28.670000
0.614,-0.036000,0.177000,0.897000,5.473000,-31.947000,-49.947000,28.620000
0.623,-0.071000,0.191000,0.917000,7.115000,-34.855000,-42.603000,28.620000
0.633,-0.093000,0.241000,0.949000,6.061000,-38.298000,-38.321000,28.670000
0.645,-0.101000,0.251000,0.972000,3.198000,-40.206000,-35.992000,28.670000
0.652,-0.100000,0.248000,0.969000,1.435000,-38.588000,-34.458000,28.580000
0.664,-0.105000,0.263000,0.971000,0.244000,-35.359000,-34.901000,28.620000
0.671,-0.110000,0.281000,0.995000,-1.550000,-28.695000,-37.985000,28.720000
0.684,-0.130000,0.293000,1.007000,-5.214000,-22.649000,-41.618000,28.770000
0.696,-0.147000,0.274000,1.013000,-7.389000,-18.710000,-47.924000,28.770000
0.702,-0.166000,0.240000,0.989000,-8.137000,-19.412000,-52.473000,28.670000
0.714,-0.162000,0.198000,0.948000,-8.573000,-23.626000,-53.489000,28.720000
0.723,-0.172000,0.187000,0.933000,-6.015000,-32.466000,-52.290000,28.620000
0.734,-0.171000,0.211000,0.932000,-4.725000,-40.771000,-51.786000,28.670000
0.746,-0.149000,0.238000,0.945000,-4.389000,-46.046000,-51.939000,28.670000
0.752,-0.120000,0.281000,0.970000,-5.076000,-46.183000,-57.099000,28.620000
0.765,-0.042000,0.301000,0.998000,-8.710000,-38.305000,-65.542000,28.620000
0.774,0.016000,0.266000,0.975000,-11.916000,-29.710000,-70.779000,28.620000
0.784,0.029000,0.223000,0.945000,-11.359000,-24.603000,-71.183000,28.670000
0.791,0.025000,0.215000,0.940000,-10.954000,-23.130000,-68.962000,28.670000
0.802,0.019000,0.233000,0.934000,-11.252000,-26.962000,-63.718000,28.720000
0.815,0.009000,0.252000,0.941000,-11.847000,-30.374000,-58.374000,28.620000
0.823,0.036000,0.270000,0.937000,-14.412000,-29.145000,-58.412000,28.770000
0.834,0.061000,0.249000,0.929000,-13.916000,-26.557000,-60.511000,28.670000
0.841,0.084000,0.225000,0.916000,-13.313000,-22.160000,-62.626000,28.670000
0.853,0.067000,0.177000,0.898000,-11.641000,-20.939000,-60.786000,28.620000
0.865,0.080000,0.176000,0.889000,-8.809000,-20.389000,-57.420000,28.620000
0.874,0.081000,0.194000,0.915000,-4.832000,-19.382000,-52.824000,28.670000
0.884,0.057000,0.251000,0.954000,-6.183000,-19.221000,-49.206000,28.670000
0.892,0.035000,0.263000,0.992000,-7.527000,-14.954000,-51.679000,28.770000
0.903,0.051000,0.273000,1.012000,-11.504000,-10.237000,-56.817000,28.580000
0.916,0.056000,0.234000,0.987000,-14.702000,-7.351000,-58.244000,28.620000
0.924,0.078000,0.206000,0.962000,-15.832000,-3.336000,-55.740000,28.670000
0.935,0.058000,0.191000,0.946000,-17.466000,-5.374000,-51.351000,28.670000
0.942,-0.007000,0.170000,0.942000,-16.656000,-11.229000,-45.260000,28.670000
0.954,-0.006000,0.200000,0.947000,-14.198000,-16.893000,-45.664000,28.620000
0.959,0.018000,0.231000,0.958000,-16.267000,-20.611000,-47.321000,28.720000
0.974,0.075000,0.232000,0.948000,-18.939000,-19.061000,-48.321000,28.670000
0.985,0.144000,0.207000,0.929000,-21.656000,-11.122000,-49.305000,28.770000
0.992,0.141000,0.154000,0.880000,-21.389000,-4.359000,-46.733000,28.720000
1.004,0.054000,0.113000,0.911000,-14.565000,-4.748000,-41.985000,28.620000
1.010,-0.024000,0.167000,0.929000,-10.939000,-10.947000,-40.183000,28.720000
1.025,-0.052000,0.189000,0.952000,-15.382000,-17.160000,-38.237000,28.670000
1.035,-0.026000,0.237000,0.955000,-18.374000,-23.267000,-38.992000,28.670000
1.042,0.020000,0.242000,0.927000,-22.382000,-22.947000,-43.405000,28.720000
1.054,0.085000,0.211000,0.885000,-23.198000,-19.321000,-47.847000,28.620000
1.060,0.063000,0.160000,0.857000,-22.588000,-20.252000,-49.069000,28.620000
1.074,0.060000,0.125000,0.838000,-20.008000,-18.641000,-46.740000,28.580000
1.085,0.059000,0.135000,0.857000,-15.038000,-18.496000,-44.710000,28.670000
1.092,0.041000,0.160000,0.878000,-11.000000,-19.351000,-45.008000,28.670000
1.104,0.051000,0.181000,0.879000,-10.198000,-19.015000,-49.305000,28.620000
1.111,0.105000,0.177000,0.863000,-12.634000,-19.809000,-53.382000,28.670000
1.126,0.139000,0.150000,0.851000,-13.534000,-22.099000,-50.458000,28.670000
1.135,0.159000,0.145000,0.844000,-12.237000,-20.878000,-46.374000,28.670000
1.142,0.147000,0.161000,0.867000,-12.473000,-21.336000,-41.084000,28.720000
1.154,0.121000,0.130000,0.913000,-11.847000,-21.145000,-39.412000,28.620000
1.161,0.104000,0.146000,0.938000,-12.725000,-21.076000,-40.122000,28.580000
1.174,0.113000,0.150000,0.969000,-13.183000,-21.351000,-41.328000,28.670000
1.185,0.147000,0.177000,0.957000,-15.672000,-19.649000,-42.489000,28.670000
1.193,0.186000,0.161000,0.940000,-19.092000,-14.534000,-42.687000,28.720000
1.204,0.180000,0.140000,0.926000,-21.763000,-9.275000,-41.122000,28.720000
1.211,0.109000,0.108000,0.920000,-22.252000,-10.534000,-36.565000,28.670000
1.224,0.055000,0.117000,0.920000,-19.847000,-16.557000,-34.771000,28.670000
1.236,0.066000,0.130000,0.925000,-20.519000,-20.450000,-32.137000,28.720000
1.243,0.117000,0.138000,0.946000,-21.443000,-20.092000,-33.954000,28.720000
1.255,0.170000,0.137000,0.924000,-23.420000,-10.137000,-39.115000,28.620000
1.261,0.202000,0.157000,0.921000,-23.664000,0.954000,-42.855000,28.580000
1.276,0.165000,0.130000,0.920000,-22.511000,6.496000,-44.069000,28.770000
1.281,0.111000,0.113000,0.906000,-24.076000,6.076000,-43.580000,28.670000
1.294,0.083000,0.123000,0.883000,-24.267000,-2.595000,-41.771000,28.620000
1.305,0.115000,0.131000,0.872000,-24.489000,-10.534000,-39.725000,28.620000
1.312,0.167000,0.125000,0.864000,-23.359000,-14.794000,-35.687000,28.770000
1.325,0.238000,0.110000,0.865000,-21.206000,-8.489000,-29.664000,28.580000
1.333,0.262000,0.093000,0.866000,-19.366000,-0.214000,-25.863000,28.720000
1.344,0.233000,0.074000,0.876000,-17.183000,10.122000,-28.763000,28.720000
1.350,0.178000,0.062000,0.887000,-14.977000,11.557000,-32.061000,28.620000
1.363,0.137000,0.039000,0.887000,-11.099000,5.229000,-33.939000,28.670000
1.375,0.138000,0.045000,0.917000,-6.191000,-3.015000,-34.130000,28.670000
1.384,0.204000,0.066000,0.939000,-2.893000,-5.481000,-35.031000,28.620000
1.395,0.277000,0.078000,0.951000,-2.779000,-1.374000,-32.939000,28.720000
1.401,0.293000,0.068000,0.967000,-1.725000,9.740000,-31.924000,28.670000
1.414,0.235000,0.085000,0.986000,-2.954000,16.618000,-31.176000,28.770000
1.423,0.081000,0.030000,0.993000,-2.962000,8.412000,-31.679000,28.580000
1.434,0.044000,0.068000,1.032000,-4.008000,-7.038000,-33.687000,28.620000
1.446,0.027000,0.069000,1.032000,-9.458000,-23.481000,-34.061000,28.620000
1.452,0.120000,0.061000,1.029000,-12.405000,-24.481000,-37.557000,28.670000
1.465,0.219000,0.076000,1.031000,-13.565000,-15.244000,-41.000000,28.670000
1.474,0.264000,0.081000,0.994000,-15.985000,0.863000,-44.908000,28.670000
1.484,0.239000,0.067000,0.959000,-17.924000,14.015000,-48.237000,28.720000
1.492,0.129000,0.027000,0.911000,-18.565000,12.992000,-48.519000,28.670000
1.503,0.039000,-0.017000,0.910000,-14.626000,-1.145000,-46.443000,28.670000
1.515,0.040000,0.027000,0.930000,-11.397000,-17.115000,-44.725000,28.580000
1.524,0.141000,0.031000,0.939000,-13.351000,-24.710000,-45.473000,28.720000
1.534,0.248000,0.043000,0.935000,-13.313000,-21.489000,-47.809000,28.620000
1.542,0.314000,0.061000,0.931000,-14.031000,-11.351000,-46.405000,28.770000
1.553,0.332000,0.058000,0.902000,-14.519000,-1.458000,-42.237000,28.770000
1.565,0.180000,0.025000,0.880000,-12.397000,-6.397000,-34.794000,28.670000
1.576,0.064000,-0.011000,0.881000,-8.137000,-19.198000,-30.695000,28.530000
1.585,0.056000,0.017000,0.890000,-6.908000,-34.069000,-27.489000,28.720000
1.591,0.111000,0.016000,0.928000,-5.359000,-37.809000,-29.076000,28.670000
1.604,0.181000,0.030000,0.957000,-4.473000,-29.336000,-35.252000,28.670000
1.610,0.220000,0.060000,0.980000,-5.634000,-15.069000,-42.206000,28.720000
1.624,0.271000,0.077000,0.958000,-6.794000,2.550000,-49.565000,28.720000
1.636,0.277000,0.075000,0.917000,-7.053000,16.290000,-49.076000,28.620000
1.642,0.165000,0.011000,0.901000,-5.939000,17.557000,-42.031000,28.670000
1.655,0.037000,-0.034000,0.919000,-3.443000,8.649000,-36.092000,28.670000
1.661,-0.024000,-0.008000,0.956000,-1.840000,-6.939000,-35.695000,28.670000
1.674,0.015000,0.019000,0.985000,-2.603000,-16.351000,-40.985000,28.720000
1.681,0.175000,0.040000,0.990000,-3.244000,-11.756000,-48.496000,28.620000
1.693,0.311000,0.048000,0.965000,-3.992000,3.565000,-53.305000,28.580000
1.705,0.380000,0.062000,0.941000,-4.206000,22.687000,-52.458000,28.670000
1.712,0.311000,0.053000,0.898000,-4.000000,31.214000,-45.023000,28.720000
1.726,0.136000,-0.006000,0.885000,-1.313000,23.679000,-36.511000,28.620000
1.733,0.020000,-0.000000,0.915000,0.206000,1.634000,-29.595000,28.720000
1.744,-0.003000,0.019000,0.928000,-1.107000,-21.145000,-26.664000,28.770000
1.751,0.100000,0.021000,0.938000,-1.519000,-30.252000,-30.061000,28.670000
1.763,0.222000,0.046000,0.925000,-2.206000,-20.405000,-35.580000,28.620000
1.776,0.309000,0.052000,0.885000,0.260000,-2.328000,-41.145000,28.720000
1.783,0.354000,0.083000,0.866000,1.885000,19.740000,-44.160000,28.670000
1.795,0.221000,0.037000,0.852000,1.580000,23.962000,-35.076000,28.670000
1.802,0.063000,0.014000,0.860000,4.702000,14.802000,-29.321000,28.670000
1.815,0.013000,0.045000,0.885000,4.504000,-3.130000,-27.015000,28.720000
1.821,0.042000,0.030000,0.901000,3.565000,-17.282000,-25.985000,28.720000
1.834,0.213000,0.042000,0.900000,3.588000,-9.908000,-30.534000,28.670000
1.842,0.312000,0.068000,0.899000,2.809000,7.328000,-31.550000,28.670000
1.854,0.338000,0.063000,0.875000,3.153000,29.702000,-33.649000,28.580000
1.860,0.238000,0.017000,0.883000,4.817000,40.397000,-32.511000,28.720000
1.874,0.111000,-0.018000,0.882000,8.863000,34.527000,-30.122000,28.720000
1.886,0.006000,0.006000,0.920000,10.817000,15.611000,-28.695000,28.670000
1.894,0.015000,0.047000,0.955000,9.313000,-6.191000,-27.069000,28.770000
1.904,0.116000,0.051000,0.967000,8.160000,-17.817000,-25.725000,28.620000
1.911,0.178000,0.052000,0.946000,6.947000,-15.908000,-26.939000,28.620000
1.924,0.280000,0.048000,0.936000,4.771000,-5.504000,-30.557000,28.670000
1.933,0.208000,0.093000,0.778000,4.969000,2.435000,-32.985000,28.670000
1.944,0.231000,0.007000,0.958000,9.099000,8.710000,-30.656000,28.670000
1.951,0.125000,0.065000,0.997000,10.443000,3.740000,-26.573000,28.720000
1.963,0.099000,0.117000,1.010000,3.603000,-18.603000,-23.679000,28.620000
1.976,0.129000,0.091000,0.998000,-0.817000,-24.947000,-23.588000,28.670000
1.982,0.229000,0.060000,0.966000,-3.351000,-19.466000,-23.489000,28.670000
1.995,0.293000,0.043000,0.920000,-4.405000,-5.267000,-23.901000,28.720000
2.002,0.273000,-0.002000,0.888000,-2.863000,8.725000,-27.664000,28.620000
2.014,0.247000,0.010000,0.872000,0.237000,16.252000,-33.603000,28.620000
2.021,0.192000,0.035000,0.899000,3.298000,12.824000,-31.763000,28.670000
2.034,0.177000,0.037000,0.905000,3.557000,3.458000,-26.191000,28.670000
2.042,0.216000,0.062000,0.889000,1.786000,-5.542000,-22.412000,28.670000
2.053,0.238000,0.000000,0.887000,1.855000,-8.115000,-15.466000,28.720000
2.066,0.222000,0.013000,0.909000,3.382000,-7.420000,-15.137000,28.670000
2.074,0.238000,0.043000,0.935000,4.870000,-5.122000,-19.053000,28.670000
2.085,0.235000,0.059000,0.942000,3.649000,-4.000000,-20.420000,28.670000
2.093,0.222000,0.062000,0.907000,1.282000,-2.206000,-19.069000,28.720000
2.105,0.217000,0.040000,0.890000,1.649000,-2.237000,-18.763000,28.720000
2.111,0.167000,0.002000,0.885000,4.847000,-5.550000,-18.244000,28.770000
2.125,0.132000,0.020000,0.905000,8.031000,-13.298000,-18.603000,28.670000
2.133,0.165000,0.036000,0.941000,9.344000,-21.542000,-18.389000,28.620000
2.144,0.198000,0.041000,0.962000,7.908000,-24.802000,-15.290000,28.720000
2.156,0.352000,0.054000,0.968000,6.832000,-11.046000,-18.031000,28.720000
2.163,0.429000,0.065000,0.960000,5.710000,8.489000,-15.588000,28.670000
2.175,0.375000,0.052000,0.945000,6.168000,26.405000,-14.229000,28.670000
2.184,0.227000,0.039000,0.932000,5.435000,26.389000,-11.740000,28.720000
2.195,0.096000,0.020000,0.913000,6.122000,11.618000,-9.382000,28.620000
2.202,0.034000,0.020000,0.911000,6.321000,-10.389000,-4.893000,28.770000
2.214,0.060000,0.009000,0.926000,7.702000,-25.550000,-2.176000,28.770000
2.224,0.186000,0.045000,0.948000,8.130000,-24.290000,-6.565000,28.670000
2.234,0.258000,0.060000,0.975000,7.473000,-13.221000,-10.664000,28.670000
2.242,0.352000,0.076000,0.957000,8.412000,7.160000,-17.443000,28.720000
2.253,0.310000,0.063000,0.933000,6.748000,18.420000,-16.763000,28.670000
2.259,0.214000,0.054000,0.944000,7.870000,19.588000,-10.931000,28.670000
2.274,0.118000,0.062000,0.951000,8.702000,8.504000,-4.611000,28.720000
2.286,0.065000,0.063000,0.968000,8.092000,-5.733000,0.267000,28.720000
2.293,0.106000,0.062000,0.989000,6.824000,-13.053000,0.527000,28.720000
2.305,0.198000,0.071000,0.989000,7.458000,-6.542000,-4.702000,28.670000
2.312,0.268000,0.112000,0.970000,5.511000,9.725000,-10.344000,28.670000
2.325,0.263000,0.108000,0.917000,4.412000,23.863000,-14.076000,28.720000
2.333,0.208000,0.086000,0.913000,5.115000,27.878000,-14.153000,28.620000
2.345,0.078000,0.039000,0.915000,8.580000,14.137000,-8.748000,28.720000
2.351,0.014000,0.072000,0.955000,9.405000,-5.695000,-2.809000,28.670000
2.364,0.006000,0.085000,1.014000,9.450000,-23.534000,2.702000,28.670000
2.371,0.087000,0.103000,1.040000,8.573000,-24.901000,0.557000,28.720000
2.385,0.166000,0.145000,1.022000,5.176000,-16.580000,-4.130000,28.720000
2.392,0.242000,0.099000,0.988000,3.244000,4.023000,-13.374000,28.670000
2.403,0.267000,0.104000,0.943000,1.924000,21.618000,-16.885000,28.770000
2.415,0.202000,0.051000,0.913000,4.282000,31.985000,-15.099000,28.770000
2.424,0.083000,0.037000,0.934000,5.985000,25.359000,-12.412000,28.720000
2.436,-0.034000,0.047000,0.958000,6.527000,4.237000,-11.802000,28.720000
2.442,0.000000,0.080000,0.966000,6.092000,-17.519000,-14.237000,28.770000
2.454,0.129000,0.094000,0.977000,4.466000,-28.344000,-15.427000,28.670000
2.461,0.250000,0.089000,0.944000,4.656000,-24.489000,-15.718000,28.720000
2.474,0.358000,0.113000,0.921000,4.832000,-3.618000,-18.534000,28.720000
2.482,0.345000,0.118000,0.925000,4.153000,13.076000,-15.756000,28.720000
2.494,0.242000,0.114000,0.914000,3.168000,19.855000,-12.038000,28.670000
2.500,0.154000,0.083000,0.924000,1.511000,12.443000,-6.473000,28.670000
2.513,0.085000,0.069000,0.931000,1.313000,-1.603000,-0.473000,28.720000
2.526,0.123000,0.081000,0.940000,0.580000,-10.458000,1.160000,28.620000
2.534,0.167000,0.095000,0.935000,0.603000,-11.405000,-0.573000,28.670000
2.545,0.249000,0.110000,0.954000,2.840000,0.137000,-5.611000,28.670000
2.552,0.239000,0.130000,0.951000,2.779000,13.153000,-5.817000,28.720000
2.565,0.187000,0.143000,0.920000,1.198000,23.443000,-4.969000,28.720000
2.574,0.122000,0.101000,0.877000,2.710000,22.611000,-5.969000,28.620000
2.585,0.035000,0.030000,0.834000,8.145000,10.893000,-5.107000,28.770000
2.592,0.049000,0.070000,0.856000,12.748000,-2.931000,-6.115000,28.670000
2.604,0.077000,0.087000,0.844000,14.695000,-16.809000,-5.076000,28.770000
2.611,0.125000,0.070000,0.859000,19.489000,-21.832000,-6.137000,28.530000
2.624,0.196000,0.088000,0.887000,24.206000,-19.176000,-7.275000,28.670000
2.636,0.229000,0.118000,0.918000,23.641000,-12.802000,-4.748000,28.670000
2.643,0.243000,0.141000,0.959000,19.595000,-5.130000,-2.374000,28.670000
2.655,0.224000,0.151000,0.985000,15.725000,-0.832000,-2.534000,28.720000
2.662,0.183000,0.141000,1.004000,12.489000,-1.962000,1.122000,28.620000
2.676,0.184000,0.135000,1.017000,7.817000,-6.221000,4.313000,28.670000
2.683,0.215000,0.131000,1.011000,4.817000,-4.336000,6.053000,28.580000
2.695,0.231000,0.135000,0.984000,1.817000,1.267000,4.878000,28.720000
2.702,0.227000,0.097000,0.946000,2.893000,8.298000,0.328000,28.620000
2.715,0.213000,0.091000,0.941000,5.634000,13.733000,-2.557000,28.720000
2.724,0.186000,0.101000,0.943000,7.366000,12.168000,-3.130000,28.670000
2.734,0.175000,0.134000,0.975000,6.779000,3.359000,-0.061000,28.670000
2.742,0.202000,0.160000,0.995000,4.344000,-5.176000,3.832000,28.620000
2.755,0.269000,0.161000,1.008000,2.847000,-6.947000,8.397000,28.620000
2.761,0.311000,0.151000,0.982000,0.969000,-1.366000,13.183000,28.670000
2.775,0.316000,0.146000,0.986000,1.252000,7.618000,13.344000,28.670000
2.782,0.252000,0.137000,0.979000,0.405000,12.611000,13.183000,28.670000
2.794,0.206000,0.109000,0.975000,0.710000,9.450000,11.893000,28.770000
2.801,0.188000,0.096000,0.971000,1.458000,-0.206000,11.466000,28.620000
2.813,0.250000,0.090000,0.967000,3.031000,-9.160000,12.122000,28.670000
2.820,0.351000,0.110000,0.981000,3.679000,-11.115000,13.076000,28.670000
2.834,0.417000,0.137000,0.998000,4.626000,-7.649000,15.725000,28.620000
2.846,0.438000,0.130000,1.008000,4.824000,-1.779000,18.962000,28.720000
2.853,0.435000,0.168000,1.024000,-0.679000,2.168000,24.786000,28.810000
2.865,0.423000,0.175000,1.059000,-2.420000,2.756000,27.977000,28.670000
2.874,0.404000,0.164000,1.029000,-6.695000,2.939000,29.855000,28.670000
2.885,0.394000,0.158000,0.991000,-9.275000,0.885000,29.733000,28.620000
2.892,0.435000,0.153000,0.949000,-9.977000,0.557000,30.458000,28.720000
2.905,0.467000,0.133000,0.921000,-8.206000,1.893000,32.153000,28.580000
2.911,0.497000,0.130000,0.889000,-6.153000,8.443000,36.061000,28.670000
2.924,0.469000,0.124000,0.901000,-4.450000,14.328000,42.282000,28.670000
2.931,0.387000,0.148000,0.930000,-3.481000,16.267000,44.847000,28.720000
2.944,0.284000,0.144000,0.980000,-4.695000,12.420000,45.076000,28.720000
2.951,0.249000,0.164000,0.977000,-7.206000,6.260000,44.435000,28.580000
2.963,0.254000,0.141000,0.934000,-9.229000,-0.412000,42.611000,28.670000
2.976,0.302000,0.131000,0.896000,-8.557000,-3.267000,42.015000,28.580000
2.983,0.376000,0.144000,0.855000,-8.038000,-3.450000,43.183000,28.720000
2.995,0.439000,0.140000,0.826000,-6.397000,-1.947000,46.557000,28.720000
3.003,0.463000,0.147000,0.824000,-3.809000,1.496000,52.924000,28.670000
3.015,0.416000,0.164000,0.852000,-2.305000,2.687000,60.618000,28.580000
3.023,0.363000,0.167000,0.902000,1.046000,4.420000,68.015000,28.720000
3.035,0.305000,0.193000,0.908000,-0.565000,8.725000,70.595000,28.720000
3.042,0.269000,0.179000,0.912000,-2.412000,14.397000,69.076000,28.670000
3.054,0.245000,0.176000,0.911000,-3.802000,23.305000,65.641000,28.770000
3.061,0.184000,0.165000,0.834000,-2.321000,24.015000,60.061000,28.770000
3.075,0.181000,0.120000,0.825000,-0.519000,17.237000,57.931000,28.720000
3.082,0.174000,0.117000,0.829000,2.534000,9.588000,61.069000,28.620000
3.093,0.201000,0.143000,0.869000,6.420000,1.214000,63.649000,28.670000
3.100,0.233000,0.186000,0.913000,6.771000,-1.740000,67.656000,28.670000
3.113,0.259000,0.210000,0.942000,3.878000,1.130000,73.244000,28.670000
3.126,0.254000,0.199000,0.944000,-0.817000,10.023000,74.679000,28.720000
3.133,0.237000,0.188000,0.913000,-3.985000,22.130000,73.137000,28.720000
3.146,0.188000,0.180000,0.852000,-5.168000,29.870000,68.565000,28.670000
3.152,0.163000,0.117000,0.821000,-1.069000,32.145000,65.328000,28.670000
3.165,0.078000,0.099000,0.844000,3.198000,22.687000,70.962000,28.770000
3.174,0.016000,0.139000,0.886000,7.595000,5.038000,76.794000,28.620000
3.185,0.054000,0.199000,0.936000,7.542000,-5.977000,78.427000,28.720000
3.192,0.122000,0.196000,0.945000,4.863000,-7.351000,79.389000,28.670000
3.204,0.168000,0.175000,0.948000,4.008000,-0.924000,80.954000,28.670000
3.211,0.166000,0.172000,0.952000,2.275000,9.031000,77.053000,28.720000
3.225,0.152000,0.183000,0.919000,-1.481000,16.687000,72.130000,28.720000
3.232,0.151000,0.164000,0.872000,-3.145000,22.206000,68.939000,28.620000
3.243,0.156000,0.156000,0.815000,-1.427000,22.687000,70.099000,28.670000
3.256,0.147000,0.121000,0.813000,1.855000,23.351000,74.107000,28.670000
3.263,0.094000,0.133000,0.838000,7.389000,19.344000,79.267000,28.720000
3.275,0.062000,0.155000,0.894000,11.756000,15.863000,79.351000,28.720000
3.284,0.066000,0.208000,0.936000,11.374000,15.504000,79.237000,28.670000
3.295,0.081000,0.203000,0.964000,8.832000,20.344000,78.977000,28.670000
3.302,0.078000,0.195000,0.977000,5.443000,28.366000,73.916000,28.670000
3.315,0.061000,0.177000,0.965000,2.420000,33.687000,67.794000,28.720000
3.324,0.014000,0.148000,0.957000,1.237000,30.756000,64.267000,28.620000
3.335,-0.062000,0.115000,0.935000,4.153000,13.580000,62.954000,28.580000
3.342,-0.054000,0.134000,0.948000,6.023000,-8.405000,67.031000,28.670000
3.354,0.011000,0.150000,0.955000,4.328000,-24.405000,72.809000,28.670000
3.360,0.108000,0.177000,0.970000,5.405000,-26.015000,74.565000,28.620000
3.373,0.197000,0.215000,0.991000,3.321000,-14.779000,70.344000,28.720000
3.386,0.199000,0.201000,0.972000,-2.275000,-0.565000,67.099000,28.670000
3.394,0.174000,0.157000,0.942000,-2.481000,7.115000,63.931000,28.670000
3.405,0.086000,0.111000,0.925000,-0.214000,1.290000,63.359000,28.720000
3.412,0.078000,0.114000,0.923000,2.992000,-8.908000,67.405000,28.720000
3.426,0.135000,0.127000,0.953000,4.725000,-15.870000,72.023000,28.620000
3.433,0.224000,0.169000,0.963000,6.664000,-9.725000,72.397000,28.670000
3.445,0.241000,0.208000,0.985000,6.290000,5.153000,71.809000,28.770000
3.451,0.192000,0.198000,0.969000,3.260000,19.725000,68.359000,28.720000
3.464,0.142000,0.169000,0.958000,1.374000,24.809000,63.962000,28.720000
3.471,0.062000,0.145000,0.976000,1.908000,16.595000,65.588000,28.670000
3.484,0.000000,0.151000,1.001000,1.802000,0.824000,70.420000,28.670000
3.492,0.029000,0.174000,1.028000,-1.740000,-12.649000,73.351000,28.670000
3.503,0.098000,0.164000,1.019000,-3.153000,-16.389000,76.061000,28.720000
3.515,0.158000,0.157000,1.002000,-2.496000,-7.351000,73.427000,28.720000
3.523,0.169000,0.167000,0.989000,-1.939000,6.382000,67.962000,28.770000
3.535,0.102000,0.156000,0.957000,-2.252000,11.740000,64.679000,28.670000
3.543,0.065000,0.154000,0.955000,-1.260000,6.542000,62.802000,28.770000
3.555,0.086000,0.145000,0.952000,0.260000,-1.298000,65.397000,28.720000
3.562,0.112000,0.156000,0.954000,-0.023000,-6.344000,69.947000,28.720000
3.575,0.130000,0.163000,0.965000,-0.153000,-5.031000,70.618000,28.670000
3.582,0.143000,0.179000,0.946000,-1.878000,2.687000,68.595000,28.670000
3.595,0.135000,0.156000,0.909000,-3.351000,12.206000,65.511000,28.620000
3.601,0.118000,0.145000,0.866000,-2.557000,19.382000,62.137000,28.720000
3.613,0.004000,0.101000,0.849000,0.802000,10.893000,63.069000,28.720000
3.620,-0.042000,0.116000,0.883000,4.832000,-4.046000,61.832000,28.770000
3.634,-0.004000,0.157000,0.919000,3.977000,-19.031000,63.313000,28.670000
3.646,0.093000,0.151000,0.954000,3.046000,-22.443000,66.954000,28.720000
3.653,0.149000,0.145000,0.938000,2.702000,-14.557000,65.893000,28.720000
3.665,0.228000,0.133000,0.913000,4.252000,1.695000,59.763000,28.720000
3.674,0.230000,0.126000,0.906000,3.901000,15.443000,58.794000,28.670000
3.685,0.165000,0.087000,0.902000,6.038000,20.954000,59.695000,28.670000
3.692,0.155000,0.130000,0.893000,6.137000,21.763000,58.924000,28.720000
3.704,0.113000,0.105000,0.903000,6.603000,14.000000,64.328000,28.720000
3.711,0.064000,0.086000,0.932000,10.679000,3.275000,67.534000,28.670000
3.726,0.087000,0.143000,0.973000,10.611000,-2.840000,69.695000,28.770000
3.731,0.120000,0.123000,1.015000,9.107000,-1.603000,70.809000,28.770000
3.744,0.127000,0.133000,1.013000,7.565000,7.542000,67.000000,28.770000
3.751,0.155000,0.155000,1.005000,3.191000,22.183000,62.855000,28.720000
3.763,0.153000,0.138000,0.953000,-0.214000,33.496000,60.252000,28.770000
3.770,0.072000,0.091000,0.928000,1.168000,32.313000,58.893000,28.670000
3.784,-0.019000,0.095000,0.916000,2.603000,19.145000,61.496000,28.670000
3.796,-0.057000,0.097000,0.947000,4.695000,-2.977000,68.160000,28.620000
3.803,-0.061000,0.093000,0.971000,6.427000,-20.397000,72.168000,28.620000
3.815,0.059000,0.131000,1.000000,5.092000,-18.115000,70.725000,28.670000
3.826,0.149000,0.164000,1.011000,1.053000,1.160000,66.275000,28.670000
3.836,0.179000,0.167000,0.980000,-1.557000,28.908000,56.397000,28.720000
3.842,0.150000,0.158000,0.935000,-4.084000,51.107000,48.427000,28.720000
3.854,0.002000,0.106000,0.890000,-3.023000,46.992000,49.321000,28.620000
3.861,-0.072000,0.072000,0.871000,1.496000,29.359000,53.046000,28.770000
3.875,-0.064000,0.090000,0.881000,1.969000,6.359000,60.969000,28.670000
3.881,0.027000,0.081000,0.913000,3.321000,-1.053000,64.534000,28.720000
3.893,0.103000,0.130000,0.933000,3.878000,9.473000,61.550000,28.620000
3.899,0.147000,0.151000,0.952000,1.534000,33.405000,53.832000,28.620000
3.913,0.090000,0.151000,0.946000,-0.626000,51.664000,46.824000,28.670000
3.925,-0.019000,0.121000,0.907000,-1.580000,52.168000,43.450000,28.670000
3.934,-0.152000,0.040000,0.870000,2.107000,29.817000,46.626000,28.670000
3.946,-0.197000,0.064000,0.909000,3.939000,0.328000,53.863000,28.720000
3.952,-0.180000,0.083000,0.978000,4.855000,-26.450000,59.809000,28.670000
3.964,-0.092000,0.109000,1.040000,3.649000,-35.565000,58.748000,28.580000
3.971,0.009000,0.123000,1.051000,0.031000,-24.405000,51.382000,28.580000
3.984,0.086000,0.123000,0.996000,-7.168000,0.351000,42.687000,28.720000
3.991,0.061000,0.044000,0.926000,-8.710000,19.099000,37.053000,28.720000
4.003,0.010000,0.003000,0.873000,-6.916000,27.359000,30.855000,28.670000
4.016,-0.031000,-0.014000,0.879000,-2.305000,20.794000,30.466000,28.670000
4.025,-0.068000,0.009000,0.906000,3.359000,4.336000,33.000000,28.770000
4.035,-0.008000,0.077000,0.953000,6.153000,-8.656000,33.740000,28.720000
4.043,0.058000,0.104000,0.995000,6.511000,-14.565000,35.344000,28.720000
4.055,0.144000,0.125000,0.993000,5.389000,-5.023000,33.382000,28.580000
4.062,0.226000,0.152000,0.974000,1.588000,13.939000,30.916000,28.670000
4.075,0.230000,0.140000,0.948000,-0.725000,33.344000,31.092000,28.720000
4.083,0.165000,0.112000,0.889000,-1.679000,43.542000,30.405000,28.720000
4.094,0.081000,0.070000,0.853000,-1.473000,39.588000,33.748000,28.720000
4.101,0.002000,0.027000,0.865000,6.122000,24.603000,39.855000,28.670000
4.113,-0.035000,0.063000,0.904000,8.664000,6.313000,50.412000,28.670000
4.121,0.019000,0.102000,0.955000,7.405000,-0.542000,55.336000,28.670000
4.134,0.102000,0.100000,0.977000,6.321000,8.023000,55.893000,28.720000
4.146,0.156000,0.146000,0.962000,2.626000,33.885000,52.183000,28.620000
4.153,0.097000,0.150000,0.911000,-3.687000,57.702000,49.580000,28.580000
4.165,-0.031000,0.068000,0.858000,-3.237000,67.580000,43.779000,28.670000
4.176,-0.107000,0.052000,0.817000,0.641000,63.397000,36.679000,28.720000
4.185,-0.182000,0.001000,0.816000,5.557000,40.389000,37.931000,28.620000
4.192,-0.205000,-0.001000,0.833000,11.275000,15.191000,43.557000,28.670000
4.204,-0.132000,0.037000,0.884000,15.061000,-0.321000,47.725000,28.770000
4.211,-0.058000,0.085000,0.938000,14.122000,1.183000,49.015000,28.580000
4.224,-0.029000,0.154000,0.991000,11.038000,11.832000,45.198000,28.720000
4.237,-0.048000,0.241000,1.019000,0.435000,26.450000,41.634000,28.530000
4.243,-0.110000,0.198000,1.000000,-8.786000,30.183000,38.687000,28.670000
4.255,-0.171000,0.086000,0.925000,-12.214000,23.336000,36.328000,28.670000
4.262,-0.142000,0.048000,0.861000,-11.824000,13.962000,34.534000,28.770000
4.276,-0.078000,0.001000,0.817000,-6.878000,4.389000,35.290000,28.620000
4.281,-0.001000,0.025000,0.784000,-1.931000,4.183000,37.076000,28.620000
4.294,0.050000,0.066000,0.798000,0.687000,13.260000,37.260000,28.670000
4.301,0.072000,0.094000,0.792000,3.748000,27.496000,34.656000,28.770000
4.313,0.009000,0.109000,0.819000,7.244000,37.855000,30.916000,28.670000
4.321,-0.105000,0.090000,0.841000,9.168000,37.817000,25.443000,28.720000
4.333,-0.203000,0.024000,0.848000,12.893000,25.053000,23.206000,28.620000
4.347,-0.232000,0.018000,0.876000,17.527000,5.176000,24.321000,28.670000
4.352,-0.169000,0.038000,0.917000,21.786000,-6.672000,25.359000,28.670000
4.365,-0.070000,0.076000,0.944000,19.954000,-3.221000,26.824000,28.620000
4.371,-0.048000,0.125000,0.972000,16.504000,7.679000,31.748000,28.720000
4.385,-0.087000,0.159000,0.965000,11.511000,23.954000,33.374000,28.620000
4.392,-0.193000,0.138000,0.937000,6.710000,28.435000,30.435000,28.770000
4.403,-0.257000,0.073000,0.888000,7.374000,24.985000,20.725000,28.670000
4.411,-0.270000,0.017000,0.868000,11.069000,12.321000,15.137000,28.620000
4.427,-0.262000,-0.013000,0.869000,17.328000,-4.779000,12.702000,28.620000
4.436,-0.164000,0.023000,0.899000,21.840000,-12.359000,8.061000,28.670000
4.442,-0.084000,0.080000,0.938000,22.176000,-12.267000,9.626000,28.770000
4.454,-0.039000,0.099000,0.982000,19.695000,-2.321000,12.550000,28.670000
4.462,0.016000,0.185000,1.006000,12.595000,11.351000,18.435000,28.720000
4.476,0.044000,0.247000,1.012000,0.176000,30.916000,26.366000,28.720000
4.482,0.018000,0.213000,0.970000,-11.107000,49.611000,33.656000,28.670000
4.494,-0.030000,0.174000,0.898000,-18.901000,61.847000,43.237000,28.670000
4.506,-0.137000,0.081000,0.845000,-17.260000,62.527000,46.542000,28.670000
4.512,-0.184000,0.067000,0.825000,-13.099000,58.107000,43.130000,28.670000
4.526,-0.229000,0.049000,0.836000,-9.153000,49.733000,41.962000,28.720000
4.532,-0.240000,0.046000,0.834000,-1.427000,40.649000,35.740000,28.670000
4.544,-0.204000,0.042000,0.854000,4.847000,33.053000,29.450000,28.670000
4.551,-0.174000,0.088000,0.855000,12.015000,29.626000,24.863000,28.770000
4.563,-0.190000,0.084000,0.859000,13.847000,23.122000,23.359000,28.620000
4.570,-0.183000,0.085000,0.877000,16.832000,16.382000,22.489000,28.620000
4.584,-0.163000,0.110000,0.886000,17.450000,12.855000,23.282000,28.670000
4.596,-0.150000,0.066000,0.894000,19.038000,10.740000,25.405000,28.670000
4.602,-0.147000,0.077000,0.932000,22.359000,11.168000,25.298000,28.670000
4.615,-0.168000,0.103000,0.945000,22.878000,12.244000,25.191000,28.720000
4.622,-0.156000,0.116000,0.967000,23.260000,14.588000,23.305000,28.620000
4.634,-0.158000,0.117000,0.959000,22.275000,19.489000,21.046000,28.670000
4.643,-0.186000,0.095000,0.947000,23.229000,21.137000,20.214000,28.670000
4.653,-0.228000,0.093000,0.962000,26.099000,18.802000,19.702000,28.720000
4.666,-0.241000,0.132000,0.972000,25.786000,14.374000,16.962000,28.720000
4.675,-0.251000,0.124000,0.962000,24.687000,6.893000,15.969000,28.720000
4.685,-0.224000,0.131000,0.961000,25.786000,2.748000,15.710000,28.670000
4.693,-0.189000,0.146000,0.940000,24.282000,3.351000,16.557000,28.670000
4.705,-0.172000,0.149000,0.938000,24.000000,5.588000,17.473000,28.770000
4.711,-0.182000,0.171000,0.963000,25.015000,8.817000,17.168000,28.720000
4.725,-0.219000,0.192000,1.008000,21.977000,6.214000,20.527000,28.720000
4.733,-0.241000,0.260000,1.083000,17.435000,0.954000,23.466000,28.670000
4.744,-0.201000,0.273000,1.113000,7.763000,1.458000,27.954000,28.670000
4.750,-0.183000,0.245000,1.088000,-3.267000,3.252000,33.099000,28.620000
4.763,-0.142000,0.250000,1.077000,-11.450000,10.076000,39.534000,28.720000
4.775,-0.179000,0.178000,1.035000,-17.954000,16.321000,44.626000,28.580000
4.784,-0.200000,0.165000,1.004000,-18.008000,25.969000,45.214000,28.670000
4.794,-0.270000,0.175000,0.979000,-19.771000,31.267000,44.176000,28.770000
4.801,-0.345000,0.150000,0.967000,-19.206000,32.443000,39.908000,28.720000
4.814,-0.351000,0.170000,0.921000,-20.267000,32.756000,30.733000,28.720000
4.819,-0.326000,0.085000,0.866000,-14.672000,29.496000,18.504000,28.670000
4.835,-0.287000,0.061000,0.851000,-3.137000,26.542000,13.534000,28.670000
4.845,-0.291000,0.103000,0.883000,4.695000,22.061000,17.160000,28.770000
4.852,-0.354000,0.114000,0.908000,8.458000,14.397000,20.847000,28.720000
4.865,-0.365000,0.158000,0.942000,9.809000,7.427000,19.229000,28.720000
4.874,-0.329000,0.212000,0.993000,5.519000,7.878000,14.916000,28.670000
4.884,-0.317000,0.219000,0.998000,0.496000,13.282000,9.863000,28.770000
4.892,-0.333000,0.179000,0.979000,-2.153000,16.527000,3.824000,28.670000
4.904,-0.342000,0.167000,0.927000,-3.527000,15.405000,-1.214000,28.720000
4.911,-0.319000,0.088000,0.865000,-0.031000,7.183000,-3.183000,28.620000
4.925,-0.274000,0.091000,0.861000,7.443000,-0.008000,-2.450000,28.770000
4.929,-0.270000,0.132000,0.884000,10.328000,-6.412000,4.153000,28.670000
4.943,-0.280000,0.140000,0.936000,12.160000,-8.794000,6.664000,28.620000
4.955,-0.281000,0.195000,0.956000,11.901000,-6.122000,2.550000,28.720000
4.962,-0.269000,0.202000,0.933000,8.466000,-1.191000,-3.992000,28.620000
4.976,-0.248000,0.161000,0.895000,8.618000,2.756000,-12.046000,28.670000
4.982,-0.234000,0.148000,0.873000,11.779000,3.260000,-17.466000,28.770000
4.994,-0.246000,0.148000,0.895000,14.679000,0.718000,-15.710000,28.720000
5.001,-0.277000,0.153000,0.920000,14.771000,-4.084000,-10.656000,28.620000
5.013,-0.291000,0.177000,0.937000,11.527000,-6.412000,-6.328000,28.770000
5.019,-0.302000,0.188000,0.949000,8.489000,-8.053000,-2.122000,28.580000
5.034,-0.325000,0.202000,0.939000,4.771000,-3.992000,-4.496000,28.670000
5.046,-0.334000,0.208000,0.885000,0.656000,-0.817000,-12.969000,28.720000
5.052,-0.278000,0.148000,0.820000,2.534000,0.229000,-26.458000,28.620000
5.080,-0.233000,0.106000,0.775000,9.863000,-4.214000,-34.206000,28.670000
5.080,-0.204000,0.127000,0.820000,18.687000,-9.389000,-33.183000,28.670000
