time_sec,ax,ay,az,gx,gy,gz,temp_c
0.020,0.001000,0.223000,0.967000,-3.771000,5.786000,6.298000,22.840000
0.027,-0.014000,0.212000,0.952000,-4.107000,6.374000,5.137000,22.740000
0.040,-0.019000,0.219000,0.927000,-3.603000,8.679000,4.015000,22.840000
0.052,-0.026000,0.210000,0.907000,-2.099000,7.511000,3.153000,22.740000
0.060,-0.022000,0.219000,0.907000,-0.420000,5.779000,2.901000,22.840000
0.072,-0.025000,0.241000,0.910000,0.191000,5.496000,2.397000,22.930000
0.079,-0.012000,0.229000,0.925000,1.267000,4.145000,1.389000,22.790000
0.092,-0.017000,0.228000,0.947000,2.870000,4.282000,0.137000,22.880000
0.099,-0.015000,0.215000,0.964000,3.244000,3.725000,-0.359000,22.790000
0.112,-0.013000,0.228000,0.981000,2.000000,4.695000,1.740000,22.790000
0.119,-0.010000,0.229000,0.970000,0.305000,6.450000,2.695000,22.790000
0.132,0.003000,0.232000,0.955000,-1.076000,9.573000,3.313000,22.880000
0.138,0.010000,0.247000,0.949000,-1.328000,13.824000,3.725000,22.880000
0.151,-0.008000,0.250000,0.944000,-2.382000,15.603000,4.924000,22.790000
0.158,-0.036000,0.244000,0.945000,-3.221000,16.634000,5.687000,22.790000
0.172,-0.044000,0.230000,0.937000,-2.336000,18.687000,4.626000,22.880000
0.178,-0.051000,0.216000,0.925000,-3.313000,20.611000,5.046000,22.790000
0.191,-0.054000,0.182000,0.913000,-2.382000,21.649000,1.565000,22.790000
0.198,-0.024000,0.190000,0.903000,1.710000,21.802000,3.947000,22.880000
0.210,-0.045000,0.248000,0.909000,1.679000,24.382000,4.458000,22.790000
0.223,-0.052000,0.242000,0.917000,1.557000,23.374000,2.466000,22.790000
0.230,-0.059000,0.240000,0.944000,1.718000,23.450000,3.534000,22.790000
0.243,-0.068000,0.211000,0.935000,1.534000,21.756000,5.679000,22.790000
0.249,-0.083000,0.223000,0.958000,1.267000,20.847000,6.863000,22.880000
0.262,-0.080000,0.219000,0.960000,-0.550000,22.153000,6.321000,22.880000
0.268,-0.055000,0.209000,0.924000,-2.145000,24.618000,8.145000,22.790000
0.282,-0.048000,0.193000,0.893000,0.061000,26.786000,9.282000,22.790000
0.289,-0.076000,0.204000,0.866000,2.908000,26.550000,9.824000,22.880000
0.301,-0.109000,0.200000,0.883000,3.206000,20.733000,11.427000,22.980000
0.308,-0.139000,0.209000,0.898000,3.672000,15.763000,13.756000,22.790000
0.320,-0.163000,0.208000,0.926000,3.725000,12.092000,15.305000,22.880000
0.328,-0.175000,0.203000,0.953000,3.336000,8.557000,15.206000,22.790000
0.340,-0.179000,0.211000,0.975000,2.718000,6.794000,12.359000,22.880000
0.353,-0.178000,0.191000,0.961000,4.130000,6.214000,7.893000,22.790000
0.359,-0.176000,0.188000,0.966000,6.115000,5.031000,3.687000,22.930000
0.373,-0.193000,0.199000,0.970000,5.985000,1.756000,1.702000,22.880000
0.380,-0.151000,0.215000,1.005000,4.466000,0.748000,1.985000,22.840000
0.392,-0.147000,0.241000,1.024000,1.076000,3.611000,4.489000,22.840000
0.399,-0.172000,0.213000,1.020000,-0.176000,5.870000,3.473000,22.840000
0.412,-0.189000,0.218000,1.004000,-1.328000,8.336000,-1.359000,22.930000
0.419,-0.133000,0.208000,0.958000,-2.344000,11.298000,-4.664000,22.840000
0.431,-0.106000,0.201000,0.916000,-1.847000,13.771000,-3.786000,22.930000
0.439,-0.101000,0.177000,0.893000,2.145000,12.099000,-0.313000,22.930000
0.451,-0.166000,0.204000,0.900000,4.649000,6.496000,4.786000,22.840000
0.458,-0.220000,0.209000,0.924000,7.580000,-2.191000,8.107000,22.930000
0.472,-0.243000,0.209000,0.970000,10.031000,-9.565000,5.847000,22.930000
0.478,-0.254000,0.197000,1.027000,11.321000,-12.031000,1.786000,22.930000
0.490,-0.244000,0.219000,1.062000,9.740000,-9.679000,-3.046000,22.930000
0.502,-0.235000,0.216000,1.073000,5.626000,-3.595000,-6.084000,22.930000
0.509,-0.251000,0.210000,1.077000,2.130000,2.473000,-8.687000,22.930000
0.522,-0.274000,0.224000,1.067000,-0.939000,4.870000,-11.817000,22.930000
0.530,-0.290000,0.216000,1.043000,-4.122000,2.695000,-14.069000,22.840000
0.541,-0.297000,0.196000,1.021000,-4.580000,-0.718000,-15.824000,22.930000
0.548,-0.298000,0.212000,1.010000,-3.473000,-4.038000,-17.313000,23.020000
0.560,-0.270000,0.189000,0.992000,1.511000,-1.145000,-16.290000,22.930000
0.573,-0.303000,0.184000,0.968000,-3.267000,1.252000,-13.779000,22.840000
0.580,-0.377000,0.172000,0.935000,-5.748000,-1.595000,-13.969000,22.840000
0.592,-0.425000,0.171000,0.952000,-3.221000,-4.206000,-17.634000,22.930000
0.599,-0.469000,0.181000,0.991000,-1.466000,-9.069000,-21.733000,22.930000
0.611,-0.511000,0.192000,1.017000,-1.611000,-15.145000,-28.779000,22.930000
0.618,-0.516000,0.198000,1.057000,-1.756000,-20.366000,-37.450000,22.930000
0.631,-0.477000,0.228000,1.070000,-2.183000,-21.115000,-45.695000,22.930000
0.642,-0.408000,0.252000,1.059000,-5.756000,-20.771000,-53.137000,22.930000
0.649,-0.303000,0.270000,1.035000,-10.252000,-13.237000,-57.534000,22.930000
0.661,-0.241000,0.270000,0.979000,-16.779000,-3.756000,-55.649000,22.930000
0.667,-0.246000,0.239000,0.946000,-19.817000,4.916000,-50.786000,22.930000
0.681,-0.280000,0.247000,0.929000,-21.634000,11.603000,-45.679000,22.930000
0.692,-0.391000,0.212000,0.913000,-22.351000,11.275000,-47.496000,22.930000
0.699,-0.447000,0.196000,0.913000,-17.206000,6.794000,-55.679000,22.930000
0.711,-0.458000,0.190000,0.913000,-12.092000,-2.550000,-64.733000,22.930000
0.718,-0.436000,0.166000,0.911000,-6.046000,-17.855000,-72.229000,22.930000
0.731,-0.360000,0.187000,0.953000,-2.076000,-26.328000,-75.252000,22.930000
0.743,-0.277000,0.240000,0.959000,-4.626000,-27.771000,-72.802000,22.930000
0.749,-0.253000,0.221000,0.939000,-9.153000,-27.099000,-68.305000,23.020000
0.761,-0.215000,0.214000,0.927000,-11.015000,-21.229000,-65.733000,22.840000
0.768,-0.191000,0.196000,0.890000,-10.817000,-12.527000,-63.809000,22.930000
0.781,-0.257000,0.184000,0.866000,-8.504000,-11.092000,-63.481000,22.930000
0.792,-0.285000,0.186000,0.883000,-5.023000,-13.618000,-67.855000,22.930000
0.799,-0.324000,0.200000,0.912000,-2.214000,-22.611000,-71.557000,22.930000
0.812,-0.309000,0.198000,0.942000,0.695000,-33.710000,-76.427000,23.020000
0.818,-0.230000,0.218000,0.950000,1.214000,-39.794000,-79.000000,22.930000
0.832,-0.143000,0.230000,0.943000,0.634000,-37.336000,-77.031000,22.930000
0.838,-0.105000,0.243000,0.938000,-2.626000,-30.191000,-72.969000,22.930000
0.850,-0.112000,0.248000,0.949000,-5.092000,-21.725000,-69.527000,23.020000
0.862,-0.158000,0.249000,0.960000,-9.214000,-18.260000,-66.405000,22.930000
0.868,-0.207000,0.257000,0.978000,-11.740000,-17.611000,-69.298000,23.020000
0.881,-0.198000,0.246000,0.966000,-13.153000,-18.206000,-73.786000,22.930000
0.888,-0.158000,0.216000,0.943000,-13.168000,-15.924000,-77.443000,22.930000
0.899,-0.129000,0.203000,0.920000,-14.053000,-11.870000,-79.649000,22.930000
0.912,-0.105000,0.197000,0.895000,-12.733000,-7.649000,-79.985000,22.930000
0.918,-0.092000,0.194000,0.845000,-11.023000,-4.168000,-77.130000,22.840000
0.931,-0.115000,0.167000,0.809000,-8.710000,-5.321000,-72.863000,23.020000
0.938,-0.154000,0.169000,0.806000,-5.420000,-10.840000,-68.443000,22.930000
0.950,-0.180000,0.172000,0.831000,-1.405000,-20.687000,-65.756000,22.980000
0.962,-0.218000,0.187000,0.863000,4.122000,-32.939000,-66.351000,22.980000
0.969,-0.206000,0.191000,0.893000,8.260000,-42.824000,-69.160000,23.070000
0.983,-0.154000,0.214000,0.922000,8.084000,-47.015000,-68.618000,23.070000
0.988,-0.106000,0.211000,0.938000,7.351000,-43.252000,-69.626000,22.980000
1.000,-0.042000,0.237000,0.962000,4.038000,-30.298000,-72.473000,22.980000
1.012,-0.038000,0.251000,0.981000,0.023000,-15.160000,-72.954000,22.980000
1.019,-0.081000,0.227000,0.987000,0.183000,-7.038000,-75.420000,23.070000
1.032,-0.159000,0.224000,0.997000,-0.817000,-12.458000,-75.389000,22.980000
1.039,-0.261000,0.171000,0.974000,1.160000,-31.550000,-70.985000,22.980000
1.051,-0.273000,0.174000,0.948000,3.443000,-55.092000,-70.656000,23.070000
1.058,-0.241000,0.201000,0.950000,4.221000,-72.649000,-69.076000,22.980000
1.072,-0.204000,0.192000,0.929000,4.901000,-86.519000,-65.634000,22.980000
1.082,-0.162000,0.222000,0.922000,6.924000,-90.328000,-70.198000,22.980000
1.090,-0.093000,0.255000,0.948000,8.779000,-88.496000,-79.496000,22.980000
1.102,-0.025000,0.254000,0.968000,13.733000,-80.656000,-85.962000,22.980000
1.108,0.017000,0.293000,1.011000,12.634000,-71.802000,-87.366000,23.070000
1.123,0.018000,0.332000,1.050000,4.725000,-64.679000,-82.802000,23.070000
1.129,0.004000,0.302000,1.083000,-1.763000,-62.679000,-79.565000,22.980000
1.140,0.024000,0.340000,1.082000,-6.885000,-59.542000,-79.191000,22.980000
1.152,0.057000,0.316000,1.065000,-9.947000,-58.031000,-77.198000,23.070000
1.159,0.078000,0.328000,1.061000,-13.053000,-54.168000,-75.573000,22.980000
1.173,0.087000,0.304000,1.043000,-18.191000,-48.748000,-73.298000,23.070000
1.178,0.062000,0.277000,1.011000,-19.802000,-43.183000,-71.656000,22.980000
1.191,0.083000,0.298000,1.004000,-25.298000,-34.015000,-73.779000,23.070000
1.202,0.083000,0.306000,0.986000,-31.198000,-26.084000,-74.076000,23.070000
1.209,0.078000,0.292000,0.967000,-34.046000,-19.679000,-75.496000,23.070000
1.222,0.075000,0.288000,0.935000,-35.496000,-15.527000,-78.687000,23.070000
1.229,0.077000,0.225000,0.908000,-33.313000,-16.893000,-82.885000,22.980000
1.240,0.105000,0.221000,0.897000,-25.405000,-20.916000,-86.901000,22.980000
1.253,0.139000,0.252000,0.917000,-21.885000,-24.962000,-85.176000,22.980000
1.259,0.147000,0.268000,0.931000,-24.427000,-28.687000,-77.435000,23.020000
1.272,0.178000,0.265000,0.936000,-28.282000,-26.641000,-71.496000,23.020000
1.279,0.167000,0.231000,0.895000,-32.740000,-19.580000,-66.580000,22.930000
1.291,0.226000,0.241000,0.886000,-34.443000,-1.702000,-70.634000,23.020000
1.297,0.200000,0.199000,0.882000,-32.115000,13.084000,-76.687000,23.120000
1.310,0.110000,0.162000,0.885000,-25.359000,16.466000,-81.115000,23.120000
1.323,0.023000,0.161000,0.902000,-19.992000,5.153000,-82.771000,23.020000
1.329,-0.027000,0.185000,0.918000,-20.206000,-15.000000,-77.573000,23.120000
1.341,-0.010000,0.149000,0.919000,-18.603000,-35.351000,-71.458000,23.020000
1.347,-0.001000,0.197000,0.937000,-20.244000,-50.008000,-62.397000,23.020000
1.360,0.017000,0.201000,0.921000,-21.901000,-58.397000,-58.267000,23.120000
1.373,0.100000,0.198000,0.919000,-20.931000,-55.214000,-62.771000,23.120000
1.379,0.180000,0.230000,0.950000,-26.053000,-43.573000,-70.450000,23.020000
1.391,0.266000,0.211000,0.965000,-25.206000,-27.374000,-75.267000,23.120000
1.398,0.314000,0.227000,1.001000,-28.198000,-6.305000,-75.634000,23.020000
1.410,0.263000,0.218000,1.000000,-37.038000,11.023000,-69.947000,23.020000
1.422,0.205000,0.163000,0.975000,-39.565000,21.313000,-70.290000,23.120000
1.429,0.157000,0.168000,0.970000,-41.847000,23.397000,-69.107000,23.120000
1.442,0.120000,0.184000,0.922000,-40.763000,14.359000,-67.153000,22.930000
1.448,0.153000,0.190000,0.914000,-36.885000,12.565000,-67.176000,23.020000
1.461,0.152000,0.188000,0.918000,-38.832000,13.275000,-59.969000,23.020000
1.467,0.200000,0.143000,0.914000,-36.504000,22.595000,-59.260000,23.120000
1.480,0.244000,0.161000,0.924000,-39.000000,47.611000,-63.977000,23.070000
1.492,0.172000,0.046000,0.920000,-33.374000,68.542000,-68.542000,23.070000
1.499,0.046000,0.108000,0.903000,-32.580000,76.405000,-76.344000,23.070000
1.511,-0.028000,0.088000,0.954000,-32.611000,67.802000,-79.985000,23.070000
1.518,-0.085000,0.097000,0.942000,-29.954000,43.725000,-77.160000,23.070000
1.531,-0.018000,0.131000,0.937000,-29.496000,25.221000,-74.740000,23.070000
1.543,0.063000,0.148000,0.932000,-34.954000,18.000000,-65.496000,23.070000
1.549,0.063000,0.082000,0.882000,-37.573000,17.115000,-57.725000,23.070000
1.561,0.037000,0.048000,0.871000,-32.954000,16.557000,-63.008000,23.170000
1.568,-0.014000,0.004000,0.853000,-26.695000,9.168000,-72.382000,23.070000
1.581,-0.043000,-0.020000,0.828000,-17.153000,-9.977000,-78.519000,23.070000
1.587,0.102000,0.053000,0.846000,-5.634000,-20.565000,-87.656000,23.070000
1.600,0.200000,0.115000,0.913000,-5.740000,-20.710000,-83.595000,23.170000
1.612,0.228000,0.148000,0.991000,-12.237000,-14.321000,-74.542000,23.170000
1.619,0.256000,0.134000,1.009000,-20.191000,-1.145000,-71.427000,22.980000
1.632,0.228000,0.039000,0.970000,-26.573000,9.908000,-70.687000,23.070000
1.640,0.183000,0.004000,0.931000,-21.328000,7.878000,-71.550000,23.070000
1.651,0.163000,0.040000,0.918000,-12.168000,0.115000,-75.252000,23.170000
1.656,0.148000,0.097000,0.933000,-13.290000,-10.641000,-69.481000,23.070000
1.670,0.193000,0.094000,0.926000,-16.847000,-17.763000,-61.145000,23.020000
1.683,0.296000,0.116000,0.897000,-20.595000,-5.191000,-55.985000,23.120000
1.689,0.271000,0.047000,0.869000,-22.183000,12.145000,-48.405000,23.120000
1.701,0.158000,0.031000,0.865000,-22.092000,25.069000,-49.458000,23.120000
1.708,0.060000,-0.021000,0.824000,-19.092000,30.924000,-59.191000,23.120000
1.720,0.007000,-0.021000,0.796000,-15.893000,21.802000,-64.275000,23.120000
1.733,-0.016000,-0.041000,0.802000,-5.679000,1.863000,-68.870000,23.120000
1.740,0.050000,0.069000,0.832000,-6.298000,-9.473000,-67.244000,23.120000
1.752,0.105000,0.028000,0.818000,-7.481000,-17.405000,-60.855000,23.120000
1.758,0.281000,0.049000,0.828000,-1.916000,1.130000,-64.527000,23.120000
1.772,0.279000,0.030000,0.827000,-5.542000,22.229000,-61.809000,23.120000
1.778,0.201000,-0.024000,0.825000,-1.328000,33.511000,-64.771000,23.120000
1.791,0.161000,0.015000,0.876000,4.130000,35.855000,-67.313000,23.020000
1.803,0.047000,0.022000,0.935000,5.985000,23.611000,-57.855000,23.120000
1.809,-0.114000,0.012000,0.977000,8.069000,-7.565000,-49.191000,23.120000
1.823,-0.064000,0.046000,1.005000,0.954000,-22.588000,-46.443000,23.120000
1.829,-0.098000,-0.069000,0.978000,-1.603000,-43.160000,-39.168000,23.120000
1.841,0.084000,-0.036000,0.988000,-1.977000,-36.542000,-52.626000,23.120000
1.847,0.194000,-0.002000,1.020000,-7.237000,-20.466000,-62.221000,23.210000
1.860,0.220000,-0.017000,0.993000,-5.229000,-6.382000,-67.168000,23.210000
1.872,0.187000,0.003000,0.943000,-6.763000,-2.756000,-69.130000,23.120000
1.879,0.136000,0.043000,0.883000,-7.557000,-13.084000,-63.473000,23.120000
1.891,0.122000,-0.010000,0.820000,0.473000,-25.405000,-57.214000,23.120000
1.898,0.152000,0.016000,0.850000,-10.191000,-28.137000,-40.534000,23.210000
1.910,0.119000,-0.122000,0.775000,-14.702000,-33.015000,-30.664000,23.070000
1.923,0.154000,-0.125000,0.764000,-10.107000,-27.802000,-41.260000,23.170000
1.930,0.133000,-0.152000,0.760000,0.573000,-30.298000,-53.847000,23.170000
1.941,0.197000,-0.055000,0.759000,9.344000,-37.656000,-67.389000,23.070000
1.948,0.364000,-0.004000,0.750000,12.305000,-36.405000,-71.809000,23.070000
1.960,0.441000,-0.038000,0.748000,14.458000,-34.542000,-58.870000,23.170000
1.966,0.437000,-0.060000,0.765000,16.695000,-28.840000,-49.099000,23.260000
1.979,0.359000,-0.028000,0.805000,13.695000,-24.763000,-41.336000,23.170000
1.992,0.282000,-0.058000,0.826000,16.145000,-31.084000,-37.908000,23.070000
1.998,0.312000,0.003000,0.869000,15.611000,-36.183000,-42.565000,23.070000
2.011,0.412000,-0.028000,0.906000,18.878000,-35.015000,-45.519000,23.170000
2.018,0.469000,0.039000,0.914000,19.756000,-27.023000,-46.870000,23.070000
2.030,0.490000,0.036000,0.938000,18.847000,-16.000000,-44.534000,23.170000
2.042,0.423000,-0.026000,0.961000,13.481000,-11.351000,-34.412000,23.170000
2.049,0.355000,-0.056000,0.957000,11.115000,-14.557000,-28.481000,23.120000
2.061,0.382000,0.022000,0.975000,9.656000,-13.115000,-31.366000,23.120000
2.068,0.396000,-0.008000,0.978000,7.824000,-13.901000,-29.840000,23.120000
2.080,0.447000,-0.009000,0.941000,7.137000,-13.427000,-30.840000,23.120000
2.088,0.506000,0.028000,0.928000,6.244000,-11.191000,-28.702000,23.210000
2.100,0.557000,0.011000,0.874000,5.542000,-4.382000,-23.038000,23.210000
2.112,0.510000,-0.028000,0.867000,10.481000,0.305000,-16.427000,23.210000
2.119,0.371000,-0.044000,0.870000,13.718000,-5.672000,-11.267000,23.210000
2.131,0.305000,-0.031000,0.925000,18.374000,-15.427000,-13.611000,23.120000
2.138,0.371000,0.018000,0.980000,19.962000,-21.794000,-16.550000,23.210000
2.150,0.403000,0.037000,1.032000,19.076000,-20.061000,-15.000000,23.210000
2.156,0.417000,0.079000,1.050000,15.412000,-15.450000,-15.252000,23.120000
2.170,0.469000,0.104000,1.041000,10.053000,-2.527000,-15.015000,23.210000
2.183,0.440000,0.015000,1.007000,8.084000,6.038000,-10.282000,23.310000
2.190,0.360000,0.025000,1.004000,6.435000,10.000000,-8.145000,23.210000
2.202,0.280000,0.007000,1.001000,4.237000,4.809000,-6.321000,23.210000
2.209,0.284000,-0.005000,1.004000,8.443000,-1.664000,-7.893000,23.210000
2.223,0.336000,0.079000,0.993000,7.282000,-2.260000,-6.412000,23.120000
2.230,0.345000,0.056000,0.988000,7.809000,-0.176000,-2.763000,23.210000
2.241,0.332000,0.052000,0.983000,10.611000,5.336000,-3.458000,23.210000
2.248,0.284000,0.042000,0.992000,9.351000,9.527000,-4.053000,23.120000
2.261,0.257000,-0.006000,0.982000,9.122000,7.519000,-2.588000,23.210000
2.268,0.203000,-0.010000,0.996000,7.588000,1.000000,-1.450000,23.210000
2.281,0.232000,0.010000,1.006000,4.931000,-5.359000,-4.198000,23.210000
2.288,0.276000,0.019000,0.986000,5.466000,-9.473000,-6.588000,23.210000
2.300,0.360000,0.043000,0.977000,6.489000,-9.366000,-8.504000,23.170000
2.307,0.448000,0.089000,0.975000,3.122000,-2.779000,-5.855000,23.260000
2.320,0.472000,0.058000,0.970000,1.282000,5.511000,0.305000,23.260000
2.332,0.476000,0.099000,0.959000,-2.450000,15.748000,7.595000,23.260000
2.340,0.426000,0.064000,0.947000,-6.351000,21.962000,15.863000,23.260000
2.352,0.334000,0.024000,0.912000,-5.939000,23.565000,20.626000,23.170000
2.359,0.239000,-0.012000,0.897000,-1.534000,17.977000,19.840000,23.260000
2.372,0.195000,0.006000,0.899000,2.725000,9.000000,15.046000,23.170000
2.380,0.229000,0.018000,0.936000,7.191000,0.092000,9.015000,23.260000
2.392,0.285000,0.052000,0.976000,8.275000,-4.519000,5.840000,23.170000
2.399,0.365000,0.061000,0.976000,6.702000,-2.725000,5.504000,23.170000
2.411,0.416000,0.048000,0.970000,6.214000,1.641000,8.985000,23.170000
2.419,0.428000,0.076000,0.966000,3.557000,5.695000,13.595000,23.260000
2.432,0.414000,0.098000,0.967000,0.122000,8.641000,19.031000,23.170000
2.440,0.407000,0.084000,0.948000,-1.840000,9.756000,22.573000,23.170000
2.451,0.412000,0.081000,0.939000,-1.573000,11.756000,24.290000,23.260000
2.458,0.423000,0.082000,0.939000,-2.290000,17.519000,26.908000,23.210000
2.470,0.386000,0.051000,0.935000,-1.237000,21.458000,30.634000,23.310000
2.477,0.344000,0.057000,0.937000,-1.336000,23.466000,31.473000,23.210000
2.491,0.285000,0.049000,0.940000,-1.321000,19.641000,32.237000,23.210000
2.503,0.252000,0.014000,0.933000,0.962000,11.198000,31.450000,23.210000
2.510,0.299000,0.049000,0.946000,2.504000,4.611000,29.160000,23.210000
2.523,0.353000,0.068000,0.965000,5.000000,2.176000,29.405000,23.310000
2.530,0.402000,0.095000,0.976000,5.626000,6.267000,29.802000,23.210000
2.542,0.389000,0.098000,0.980000,4.473000,11.336000,32.863000,23.310000
2.549,0.336000,0.085000,1.006000,3.435000,12.947000,36.153000,23.210000
2.561,0.289000,0.086000,1.022000,-0.725000,11.374000,36.924000,23.210000
2.569,0.271000,0.054000,1.032000,-4.718000,7.107000,36.565000,23.210000
2.581,0.311000,0.041000,1.007000,-7.809000,4.252000,37.817000,23.310000
2.589,0.342000,0.035000,0.978000,-9.878000,2.756000,40.290000,23.210000
2.601,0.383000,0.021000,0.949000,-7.511000,2.176000,41.786000,23.210000
2.608,0.411000,0.067000,0.930000,-8.947000,4.412000,47.565000,23.310000
2.620,0.495000,0.052000,0.899000,-7.458000,15.458000,53.481000,23.260000
2.628,0.503000,0.063000,0.871000,-7.489000,34.901000,64.107000,23.350000
2.641,0.396000,0.082000,0.858000,-9.580000,53.565000,73.160000,23.350000
2.652,0.225000,0.064000,0.869000,-10.282000,65.519000,73.008000,23.260000
2.659,0.054000,0.053000,0.875000,-10.061000,63.107000,68.809000,23.260000
2.673,-0.064000,-0.009000,0.872000,-8.260000,52.321000,62.947000,23.350000
2.679,-0.069000,-0.039000,0.875000,-2.282000,38.092000,56.580000,23.170000
2.691,-0.057000,-0.053000,0.904000,0.527000,25.779000,50.466000,23.350000
2.697,-0.050000,-0.070000,0.905000,1.282000,13.260000,44.656000,23.350000
2.710,0.015000,-0.016000,0.922000,5.336000,3.985000,35.710000,23.260000
2.718,0.157000,0.017000,0.938000,7.511000,1.557000,31.405000,23.260000
2.730,0.258000,0.062000,0.946000,6.122000,8.412000,36.840000,23.260000
2.737,0.263000,0.109000,0.932000,2.282000,13.664000,48.229000,23.260000
2.750,0.210000,0.075000,0.918000,1.374000,17.527000,56.725000,23.170000
2.762,0.132000,0.043000,0.929000,1.595000,19.580000,60.802000,23.260000
2.769,0.043000,0.013000,0.929000,1.756000,15.672000,61.191000,23.350000
2.782,-0.012000,-0.024000,0.934000,3.366000,9.710000,56.145000,23.400000
2.790,-0.011000,-0.036000,0.930000,3.779000,2.748000,52.107000,23.310000
2.801,0.042000,-0.004000,0.917000,3.939000,-1.389000,46.221000,23.310000
2.808,0.133000,-0.030000,0.905000,8.496000,1.702000,39.794000,23.210000
2.825,0.174000,-0.031000,0.881000,12.328000,4.397000,36.504000,23.310000
2.829,0.199000,-0.001000,0.880000,15.679000,3.733000,34.076000,23.210000
2.840,0.217000,0.009000,0.907000,18.634000,-0.786000,36.954000,23.400000
2.848,0.248000,0.019000,0.927000,19.931000,-7.748000,44.672000,23.400000
2.860,0.259000,0.072000,0.943000,15.405000,-13.053000,52.771000,23.310000
2.872,0.298000,0.106000,0.940000,11.656000,-14.664000,59.740000,23.310000
2.880,0.366000,0.098000,0.939000,14.748000,-3.252000,62.237000,23.310000
2.892,0.311000,0.111000,0.931000,11.336000,7.802000,67.863000,23.400000
2.899,0.236000,0.123000,0.928000,10.008000,13.779000,70.153000,23.210000
2.911,0.173000,0.111000,0.935000,8.992000,15.061000,73.504000,23.400000
2.918,0.083000,0.090000,0.926000,7.229000,11.710000,79.389000,23.350000
2.933,0.044000,0.076000,0.936000,6.160000,6.618000,81.466000,23.260000
2.938,0.018000,0.095000,0.924000,5.542000,4.237000,79.962000,23.350000
2.951,0.056000,0.103000,0.902000,7.389000,8.969000,71.802000,23.350000
2.958,0.075000,0.073000,0.892000,10.206000,19.687000,69.496000,23.260000
2.970,0.004000,0.085000,0.887000,11.061000,21.069000,68.351000,23.350000
2.977,-0.048000,0.086000,0.902000,12.618000,12.748000,62.885000,23.350000
2.991,-0.037000,0.042000,0.933000,16.824000,-0.672000,60.458000,23.350000
3.002,0.048000,0.065000,0.945000,16.359000,-10.397000,61.542000,23.450000
3.009,0.137000,0.110000,0.951000,13.412000,-12.878000,63.206000,23.350000
3.023,0.219000,0.104000,0.938000,13.168000,-5.420000,64.634000,23.350000
3.029,0.216000,0.118000,0.949000,13.275000,1.420000,69.282000,23.350000
3.041,0.219000,0.143000,0.952000,13.084000,12.382000,71.473000,23.350000
3.048,0.171000,0.156000,0.968000,9.435000,17.817000,74.137000,23.310000
3.061,0.129000,0.114000,0.977000,10.954000,20.389000,74.420000,23.310000
3.068,0.087000,0.123000,0.990000,10.046000,18.557000,76.634000,23.400000
3.080,0.036000,0.096000,1.007000,9.664000,13.496000,78.435000,23.210000
3.088,-0.021000,0.100000,1.007000,9.061000,3.710000,77.412000,23.310000
3.100,0.017000,0.093000,0.988000,13.443000,-3.794000,71.626000,23.400000
3.112,0.076000,0.135000,0.981000,16.626000,-6.985000,70.504000,23.310000
3.119,0.147000,0.150000,1.003000,16.298000,0.893000,69.527000,23.400000
3.132,0.156000,0.140000,1.001000,14.901000,8.427000,70.939000,23.400000
3.139,0.131000,0.191000,1.046000,12.817000,15.427000,72.076000,23.310000
3.152,0.107000,0.176000,1.052000,9.573000,17.427000,73.947000,23.310000
3.159,0.073000,0.149000,1.051000,5.618000,15.832000,78.733000,23.400000
3.173,0.018000,0.113000,1.052000,1.214000,7.779000,82.603000,23.400000
3.178,-0.024000,0.077000,1.016000,0.321000,-2.481000,81.328000,23.400000
3.191,0.006000,0.117000,0.966000,1.710000,-12.779000,77.321000,23.310000
3.198,0.117000,0.102000,0.933000,5.481000,-10.282000,76.427000,23.400000
3.210,0.186000,0.155000,0.915000,2.588000,-2.397000,80.221000,23.400000
3.217,0.222000,0.187000,0.890000,1.611000,12.153000,79.634000,23.310000
3.231,0.194000,0.139000,0.855000,2.618000,25.305000,82.176000,23.310000
3.243,0.075000,0.138000,0.848000,2.084000,24.267000,88.611000,23.350000
3.250,-0.029000,0.100000,0.862000,5.122000,9.771000,91.298000,23.260000
3.262,-0.095000,0.109000,0.899000,5.015000,-10.084000,93.153000,23.260000
3.269,-0.061000,0.085000,0.902000,4.763000,-27.626000,94.023000,23.350000
3.282,0.107000,0.122000,0.889000,5.992000,-23.115000,87.382000,23.350000
3.290,0.240000,0.151000,0.867000,7.389000,-3.389000,81.840000,23.350000
3.301,0.239000,0.162000,0.842000,8.565000,21.908000,83.191000,23.350000
3.308,0.188000,0.185000,0.828000,8.878000,40.557000,83.382000,23.260000
3.321,0.076000,0.173000,0.837000,9.901000,44.611000,86.290000,23.350000
3.328,-0.062000,0.170000,0.843000,12.145000,35.863000,91.916000,23.310000
3.341,-0.137000,0.169000,0.844000,13.389000,18.672000,91.489000,23.310000
3.352,-0.139000,0.185000,0.845000,13.947000,2.580000,90.313000,23.400000
3.359,-0.052000,0.133000,0.823000,18.458000,-4.489000,86.298000,23.310000
3.372,0.036000,0.169000,0.847000,23.069000,2.534000,87.015000,23.310000
3.379,0.011000,0.193000,0.888000,22.748000,8.992000,89.733000,23.310000
3.392,-0.038000,0.165000,0.911000,26.473000,9.863000,83.466000,23.310000
3.399,-0.062000,0.194000,0.958000,28.115000,9.443000,82.153000,23.400000
3.411,-0.094000,0.213000,0.977000,23.206000,5.122000,85.565000,23.490000
3.418,-0.063000,0.195000,0.984000,23.237000,5.366000,82.603000,23.400000
3.432,-0.085000,0.182000,1.024000,21.000000,6.855000,79.580000,23.400000
3.438,-0.088000,0.211000,1.046000,15.313000,9.321000,75.252000,23.400000
3.450,-0.049000,0.127000,1.009000,17.153000,8.496000,69.626000,23.400000
3.462,-0.020000,0.157000,0.981000,16.939000,8.328000,70.336000,23.400000
3.470,0.012000,0.172000,0.976000,15.718000,6.718000,71.183000,23.350000
3.482,0.045000,0.179000,0.965000,16.756000,7.626000,71.092000,23.260000
3.490,0.066000,0.221000,0.983000,16.191000,12.588000,70.542000,23.350000
3.502,0.093000,0.231000,0.982000,11.145000,19.137000,70.595000,23.350000
3.509,0.095000,0.203000,0.951000,9.908000,23.053000,71.840000,23.450000
3.522,0.059000,0.207000,0.922000,11.412000,23.618000,72.733000,23.350000
3.529,0.047000,0.166000,0.896000,15.534000,16.298000,77.099000,23.350000
3.541,-0.024000,0.204000,0.923000,18.107000,3.107000,89.260000,23.350000
3.548,-0.134000,0.208000,0.986000,19.504000,-15.931000,94.695000,23.450000
3.560,-0.099000,0.215000,1.039000,20.954000,-25.244000,90.038000,23.350000
3.572,-0.006000,0.236000,1.075000,19.359000,-16.321000,85.237000,23.350000
3.580,0.044000,0.258000,1.096000,13.061000,4.260000,81.481000,23.350000
3.592,0.019000,0.254000,1.093000,6.588000,24.092000,74.061000,23.450000
3.599,-0.067000,0.227000,1.038000,2.832000,30.832000,67.137000,23.350000
3.611,-0.047000,0.150000,0.971000,4.649000,27.511000,59.756000,23.400000
3.618,-0.031000,0.191000,0.926000,5.382000,17.115000,63.702000,23.490000
3.631,-0.005000,0.179000,0.888000,7.618000,4.427000,68.344000,23.400000
3.639,0.056000,0.211000,0.862000,12.221000,1.511000,72.160000,23.490000
3.651,0.078000,0.259000,0.889000,13.389000,3.908000,79.527000,23.400000
3.657,0.090000,0.306000,0.922000,11.962000,13.023000,78.641000,23.400000
3.670,0.078000,0.242000,0.954000,14.511000,25.580000,78.237000,23.400000
3.682,0.010000,0.266000,0.976000,12.763000,36.664000,79.840000,23.490000
3.690,-0.099000,0.210000,0.992000,12.779000,37.359000,78.748000,23.490000
3.702,-0.202000,0.210000,1.009000,14.809000,30.557000,77.382000,23.400000
3.709,-0.273000,0.245000,1.054000,9.443000,17.656000,75.809000,23.400000
3.723,-0.300000,0.177000,1.040000,9.061000,2.015000,69.053000,23.400000
3.729,-0.170000,0.193000,1.041000,9.084000,-1.382000,58.962000,23.490000
3.741,-0.022000,0.253000,1.040000,3.916000,8.382000,56.511000,23.490000
3.748,0.060000,0.222000,0.993000,0.634000,23.290000,56.427000,23.490000
3.761,0.052000,0.244000,0.956000,-1.550000,36.618000,58.489000,23.450000
3.767,-0.044000,0.220000,0.923000,-2.969000,34.634000,63.779000,23.350000
3.780,-0.090000,0.187000,0.898000,0.725000,23.237000,66.382000,23.350000
3.792,-0.131000,0.191000,0.902000,2.076000,12.397000,71.511000,23.450000
3.800,-0.167000,0.185000,0.915000,0.519000,2.405000,74.275000,23.540000
3.812,-0.079000,0.174000,0.926000,3.000000,10.672000,71.275000,23.450000
3.819,-0.042000,0.229000,0.942000,-0.351000,28.282000,66.672000,23.450000
3.833,-0.073000,0.216000,0.951000,-0.336000,43.672000,61.412000,23.350000
3.840,-0.132000,0.227000,0.934000,-1.985000,49.947000,56.115000,23.450000
3.851,-0.158000,0.219000,0.925000,-5.214000,46.466000,53.336000,23.450000
3.857,-0.140000,0.188000,0.887000,-8.130000,41.229000,53.191000,23.450000
3.870,-0.074000,0.167000,0.876000,-7.229000,38.992000,54.756000,23.540000
3.882,-0.070000,0.186000,0.867000,-6.763000,37.145000,58.366000,23.540000
3.890,-0.099000,0.188000,0.856000,-5.282000,37.397000,58.878000,23.540000
3.902,-0.104000,0.193000,0.814000,-4.573000,36.832000,56.756000,23.400000
3.908,-0.086000,0.221000,0.837000,-0.519000,40.267000,56.389000,23.490000
3.923,-0.125000,0.186000,0.800000,2.260000,39.237000,56.779000,23.400000
3.928,-0.166000,0.192000,0.808000,5.756000,37.931000,56.748000,23.400000
3.941,-0.232000,0.208000,0.839000,7.176000,33.595000,58.763000,23.490000
3.947,-0.253000,0.227000,0.875000,6.366000,31.740000,55.321000,23.490000
3.960,-0.252000,0.198000,0.881000,6.817000,30.115000,50.344000,23.490000
3.972,-0.248000,0.134000,0.868000,11.824000,28.893000,45.160000,23.590000
3.980,-0.227000,0.152000,0.885000,14.481000,29.321000,41.641000,23.490000
3.992,-0.230000,0.185000,0.923000,12.992000,30.992000,42.916000,23.590000
3.999,-0.259000,0.163000,0.940000,13.573000,29.573000,41.733000,23.400000
4.011,-0.309000,0.177000,0.973000,16.588000,25.092000,39.611000,23.490000
4.018,-0.320000,0.192000,0.995000,16.855000,23.160000,40.275000,23.490000
4.031,-0.351000,0.210000,0.994000,16.580000,16.351000,44.534000,23.590000
4.038,-0.370000,0.225000,0.947000,13.389000,13.763000,40.107000,23.490000
4.050,-0.428000,0.240000,0.900000,9.405000,6.328000,28.382000,23.490000
4.062,-0.418000,0.136000,0.836000,15.504000,-3.031000,9.473000,23.540000
4.070,-0.314000,0.124000,0.784000,21.641000,-7.008000,-4.824000,23.540000
4.083,-0.221000,0.122000,0.752000,30.939000,-9.885000,-12.756000,23.450000
4.090,-0.140000,0.154000,0.788000,42.977000,-10.473000,-16.779000,23.450000
4.101,-0.121000,0.205000,0.878000,51.595000,-10.809000,-15.328000,23.540000
4.107,-0.148000,0.250000,1.017000,57.282000,-12.298000,-9.962000,23.450000
4.120,-0.191000,0.316000,1.125000,53.160000,-14.611000,-0.450000,23.540000
4.133,-0.188000,0.340000,1.218000,40.115000,-13.954000,9.679000,23.540000
4.140,-0.184000,0.297000,1.204000,20.908000,-9.092000,19.733000,23.450000
4.151,-0.193000,0.237000,1.128000,12.015000,-5.595000,23.641000,23.540000
4.159,-0.165000,0.286000,1.071000,4.130000,4.160000,23.962000,23.450000
4.173,-0.174000,0.240000,0.989000,1.710000,9.527000,22.649000,23.540000
4.178,-0.202000,0.207000,0.949000,7.107000,12.786000,18.198000,23.450000
4.191,-0.242000,0.220000,0.953000,9.931000,9.519000,17.847000,23.450000
4.198,-0.279000,0.226000,0.977000,8.931000,4.344000,20.275000,23.540000
4.210,-0.274000,0.238000,0.986000,7.374000,2.412000,23.252000,23.540000
4.217,-0.254000,0.254000,1.003000,1.878000,5.527000,24.939000,23.450000
4.231,-0.241000,0.205000,1.006000,0.603000,10.779000,22.282000,23.450000
4.243,-0.258000,0.222000,1.011000,0.191000,12.840000,21.137000,23.490000
4.249,-0.322000,0.212000,1.005000,0.542000,6.595000,20.145000,23.490000
4.262,-0.337000,0.206000,1.008000,1.183000,-2.992000,16.611000,23.590000
4.269,-0.288000,0.214000,1.043000,1.557000,-7.901000,14.565000,23.490000
4.283,-0.231000,0.210000,1.033000,0.885000,-5.824000,12.908000,23.590000
4.290,-0.198000,0.223000,1.024000,0.595000,0.290000,10.435000,23.490000
4.301,-0.191000,0.218000,1.010000,1.733000,6.458000,7.366000,23.490000
4.308,-0.222000,0.207000,1.026000,4.481000,7.527000,4.817000,23.490000
4.323,-0.261000,0.221000,1.056000,4.740000,4.458000,2.595000,23.490000
4.328,-0.259000,0.247000,1.067000,0.664000,2.618000,1.046000,23.490000
4.341,-0.228000,0.241000,1.028000,-3.122000,2.359000,-0.176000,23.490000
4.348,-0.191000,0.238000,0.982000,-3.130000,3.115000,-1.794000,23.490000
4.360,-0.187000,0.228000,0.963000,-1.733000,-0.221000,-1.855000,23.490000
4.373,-0.182000,0.226000,0.956000,-1.878000,-1.687000,-0.611000,23.490000
4.380,-0.153000,0.226000,0.929000,-3.321000,-2.000000,0.603000,23.590000
4.392,-0.139000,0.215000,0.937000,-2.763000,-0.626000,0.885000,23.590000
4.399,-0.176000,0.221000,0.973000,-2.290000,-1.168000,1.939000,23.590000
4.411,-0.226000,0.257000,1.017000,-6.977000,-3.382000,4.924000,23.490000
4.418,-0.242000,0.265000,1.021000,-12.481000,-3.649000,4.573000,23.400000
4.431,-0.197000,0.239000,0.981000,-12.595000,-2.756000,-1.496000,23.590000
4.438,-0.182000,0.224000,0.959000,-8.191000,-4.038000,-5.336000,23.590000
4.450,-0.180000,0.228000,0.948000,-8.435000,-5.565000,-7.656000,23.490000
4.462,-0.151000,0.220000,0.905000,-9.237000,-7.427000,-7.756000,23.490000
4.470,-0.081000,0.206000,0.851000,-9.679000,-6.847000,-7.389000,23.540000
4.482,-0.042000,0.174000,0.820000,-4.206000,-4.969000,-5.221000,23.540000
4.491,-0.080000,0.212000,0.837000,-0.939000,-3.939000,-3.443000,23.540000
4.501,-0.138000,0.253000,0.885000,-0.656000,-3.038000,0.725000,23.540000
4.508,-0.181000,0.254000,0.909000,-4.550000,-4.382000,1.374000,23.540000
4.520,-0.162000,0.217000,0.885000,-5.794000,-6.496000,-5.450000,23.540000
4.528,-0.137000,0.185000,0.885000,0.618000,-9.641000,-9.214000,23.540000
4.541,-0.067000,0.221000,0.882000,4.229000,-8.519000,-10.359000,23.540000
4.552,-0.051000,0.193000,0.871000,5.603000,-10.695000,-8.855000,23.640000
4.559,-0.050000,0.207000,0.902000,7.901000,-14.466000,-4.191000,23.540000
4.573,-0.054000,0.238000,0.935000,6.290000,-18.344000,2.710000,23.490000
4.580,-0.054000,0.225000,0.949000,2.420000,-17.603000,8.977000,23.590000
4.591,-0.066000,0.226000,0.943000,1.008000,-10.916000,9.183000,23.590000
4.598,-0.071000,0.254000,0.917000,-1.924000,-0.931000,4.748000,23.400000
4.611,-0.092000,0.239000,0.891000,-1.870000,4.695000,-1.351000,23.680000
4.618,-0.126000,0.216000,0.880000,1.954000,3.847000,-7.092000,23.590000
4.631,-0.106000,0.232000,0.886000,3.382000,-1.176000,-8.282000,23.590000
4.639,-0.065000,0.198000,0.878000,3.924000,-7.076000,-6.237000,23.590000
4.650,-0.062000,0.215000,0.882000,5.099000,-9.389000,-1.863000,23.590000
4.662,-0.083000,0.232000,0.896000,5.336000,-11.015000,1.466000,23.590000
4.670,-0.101000,0.221000,0.911000,6.908000,-13.313000,-0.084000,23.590000
4.682,-0.108000,0.232000,0.929000,8.473000,-16.969000,-1.809000,23.490000
4.689,-0.092000,0.245000,0.960000,9.092000,-19.374000,-2.656000,23.590000
4.701,-0.053000,0.246000,0.978000,6.191000,-17.282000,-3.740000,23.590000
4.708,-0.015000,0.248000,0.971000,2.916000,-11.046000,-3.824000,23.590000
4.722,0.012000,0.270000,0.956000,-2.351000,-1.740000,-2.031000,23.590000
4.728,-0.009000,0.228000,0.913000,-3.481000,2.305000,-1.122000,23.590000
4.740,-0.032000,0.230000,0.897000,-0.748000,1.519000,-2.359000,23.540000
4.752,-0.059000,0.229000,0.904000,2.275000,-4.603000,-1.405000,23.540000
4.759,-0.053000,0.233000,0.909000,4.237000,-9.687000,-0.840000,23.640000
4.773,-0.025000,0.244000,0.920000,2.695000,-10.412000,0.695000,23.540000
4.779,-0.027000,0.215000,0.913000,3.145000,-9.435000,2.260000,23.540000
4.792,-0.036000,0.242000,0.910000,5.634000,-7.244000,2.580000,23.640000
4.798,-0.073000,0.237000,0.896000,5.458000,-6.771000,-0.145000,23.450000
4.811,-0.076000,0.241000,0.923000,5.084000,-8.229000,-4.427000,23.450000
4.818,-0.058000,0.246000,0.947000,5.046000,-10.557000,-5.878000,23.540000
4.830,-0.013000,0.261000,0.928000,3.878000,-9.618000,-6.359000,23.540000
4.837,0.025000,0.243000,0.917000,3.992000,-7.580000,-5.359000,23.540000
4.850,0.054000,0.262000,0.905000,3.008000,-3.092000,-1.481000,23.540000
4.855,0.058000,0.266000,0.892000,0.641000,3.198000,2.405000,23.640000
4.870,0.023000,0.239000,0.881000,1.389000,6.473000,3.985000,23.640000
4.883,-0.041000,0.225000,0.883000,5.237000,3.809000,5.458000,23.680000
4.890,-0.096000,0.239000,0.922000,7.061000,-2.015000,6.069000,23.590000
4.902,-0.104000,0.227000,0.933000,6.939000,-6.237000,4.496000,23.590000
4.909,-0.093000,0.231000,0.952000,7.389000,-8.374000,2.107000,23.590000
4.923,-0.088000,0.234000,0.963000,7.511000,-8.947000,-1.267000,23.590000
4.929,-0.105000,0.245000,0.971000,6.397000,-10.649000,-3.863000,23.680000
4.942,-0.084000,0.264000,0.972000,4.313000,-12.397000,-3.611000,23.590000
4.948,-0.062000,0.258000,0.931000,1.237000,-13.344000,-3.351000,23.590000
4.960,-0.018000,0.203000,0.897000,6.237000,-13.183000,-6.656000,23.590000
4.967,-0.019000,0.215000,0.904000,10.458000,-16.687000,-7.656000,23.680000
4.980,-0.014000,0.239000,0.919000,12.870000,-20.847000,-6.901000,23.590000
4.993,0.023000,0.277000,0.945000,11.740000,-21.405000,-5.168000,23.590000
4.999,0.049000,0.259000,0.948000,10.748000,-18.435000,-1.634000,23.540000
5.011,0.028000,0.271000,0.968000,9.511000,-14.748000,0.061000,23.640000
5.019,0.021000,0.276000,0.974000,8.084000,-11.710000,0.298000,23.540000
5.031,0.053000,0.296000,0.984000,3.382000,-1.840000,1.015000,23.540000
5.039,0.059000,0.265000,0.956000,2.321000,8.344000,0.863000,23.730000
5.051,-0.006000,0.262000,0.947000,2.527000,13.099000,0.527000,23.540000
5.058,-0.083000,0.268000,0.949000,3.351000,8.893000,-0.031000,23.640000
5.071,-0.100000,0.242000,0.941000,5.458000,0.969000,-2.924000,23.540000
5.078,-0.052000,0.247000,0.924000,7.817000,-4.336000,-4.863000,23.540000
5.091,-0.016000,0.252000,0.909000,9.695000,-6.191000,-5.618000,23.640000
5.096,-0.019000,0.278000,0.937000,9.947000,-6.557000,-5.550000,23.640000
5.110,-0.037000,0.283000,0.963000,8.733000,-10.702000,-2.977000,23.640000
5.123,-0.036000,0.278000,0.978000,5.977000,-15.511000,-0.573000,23.680000
5.129,0.006000,0.279000,0.980000,3.298000,-17.595000,1.595000,23.590000
5.142,0.039000,0.286000,0.990000,0.634000,-10.229000,2.153000,23.680000
5.149,0.062000,0.281000,0.969000,-1.122000,1.153000,0.611000,23.680000
5.161,0.019000,0.272000,0.958000,-1.611000,8.122000,0.855000,23.680000
5.181,-0.023000,0.282000,0.944000,-3.305000,9.832000,1.359000,23.590000
5.181,-0.039000,0.249000,0.907000,-3.527000,5.885000,3.153000,23.680000
