time_sec,ax,ay,az,gx,gy,gz,temp_c
0.015,0.169000,0.101000,0.966000,0.542000,17.321000,-4.275000,28.530000
0.019,0.163000,0.117000,0.977000,-3.382000,16.679000,-4.084000,28.530000
0.031,0.165000,0.110000,0.944000,-5.725000,14.954000,-2.702000,28.620000
0.038,0.164000,0.114000,0.914000,-6.321000,12.969000,-1.168000,28.580000
0.050,0.176000,0.123000,0.884000,-5.710000,11.504000,-0.031000,28.580000
0.058,0.161000,0.104000,0.880000,-2.618000,9.115000,-1.595000,28.480000
0.070,0.147000,0.100000,0.863000,0.771000,4.939000,-0.252000,28.440000
0.083,0.145000,0.091000,0.855000,2.290000,0.725000,-2.000000,28.620000
0.092,0.162000,0.080000,0.850000,4.229000,-1.985000,-1.992000,28.580000
0.100,0.171000,0.093000,0.881000,7.214000,-2.366000,1.496000,28.480000
0.112,0.175000,0.104000,0.922000,7.710000,0.679000,1.252000,28.530000
0.118,0.152000,0.129000,0.972000,7.786000,3.962000,-0.481000,28.530000
0.130,0.132000,0.128000,0.998000,5.641000,6.802000,-1.046000,28.620000
0.137,0.114000,0.131000,1.010000,0.626000,7.275000,0.214000,28.480000
0.150,0.125000,0.117000,0.982000,-3.916000,9.389000,-0.008000,28.480000
0.162,0.122000,0.081000,0.931000,-3.809000,10.672000,-0.405000,28.440000
0.169,0.096000,0.063000,0.911000,-1.954000,9.901000,-0.153000,28.440000
0.182,0.060000,0.051000,0.914000,2.122000,4.198000,3.099000,28.440000
0.190,0.044000,0.057000,0.929000,6.290000,-0.336000,3.305000,28.480000
0.202,0.040000,0.073000,0.963000,5.992000,-2.359000,0.252000,28.480000
0.209,0.035000,0.066000,1.006000,5.198000,-3.313000,-3.618000,28.530000
0.222,0.018000,0.085000,1.054000,5.763000,-1.046000,-7.840000,28.530000
0.230,0.008000,0.102000,1.072000,1.176000,-2.901000,-4.672000,28.440000
0.241,-0.004000,0.098000,1.073000,-3.290000,-4.618000,-7.183000,28.480000
0.249,0.001000,0.111000,1.059000,-6.229000,-5.244000,-10.527000,28.480000
0.260,-0.002000,0.112000,1.053000,-9.504000,-8.107000,-12.847000,28.480000
0.267,0.004000,0.100000,1.035000,-10.412000,-12.061000,-15.748000,28.530000
0.280,0.005000,0.091000,1.011000,-10.221000,-18.519000,-17.931000,28.480000
0.292,0.057000,0.094000,0.988000,-9.763000,-18.435000,-21.305000,28.480000
0.299,0.059000,0.094000,0.985000,-11.763000,-20.076000,-23.115000,28.480000
0.311,0.035000,0.086000,1.008000,-10.328000,-21.305000,-22.557000,28.530000
0.317,0.039000,0.096000,1.013000,-11.580000,-21.260000,-23.237000,28.530000
0.331,0.039000,0.101000,1.034000,-12.221000,-21.763000,-21.099000,28.480000
0.341,0.040000,0.116000,1.051000,-11.397000,-17.947000,-19.588000,28.480000
0.349,0.023000,0.148000,1.077000,-9.573000,-13.000000,-16.710000,28.530000
0.361,-0.010000,0.154000,1.093000,-13.832000,-10.885000,-16.992000,28.530000
0.367,-0.040000,0.151000,1.103000,-19.748000,-10.008000,-18.527000,28.620000
0.380,-0.050000,0.158000,1.106000,-24.336000,-7.344000,-21.565000,28.390000
0.392,-0.024000,0.168000,1.074000,-27.580000,-1.443000,-27.160000,28.480000
0.400,-0.008000,0.164000,1.021000,-32.748000,4.809000,-34.290000,28.440000
0.411,0.012000,0.126000,0.957000,-37.229000,10.092000,-39.405000,28.530000
0.418,0.002000,0.104000,0.895000,-36.969000,11.817000,-39.634000,28.480000
0.430,-0.034000,0.095000,0.873000,-35.992000,4.107000,-38.718000,28.480000
0.436,-0.057000,0.099000,0.890000,-29.679000,-8.756000,-44.023000,28.480000
0.449,-0.019000,0.109000,0.917000,-25.344000,-21.748000,-50.405000,28.480000
0.461,0.103000,0.119000,0.938000,-26.137000,-27.298000,-55.046000,28.530000
0.468,0.212000,0.081000,0.922000,-25.015000,-23.191000,-61.275000,28.480000
0.481,0.285000,0.076000,0.911000,-21.275000,-13.168000,-64.573000,28.480000
0.488,0.310000,0.110000,0.909000,-21.580000,-4.290000,-63.031000,28.480000
0.499,0.276000,0.104000,0.911000,-22.656000,-3.191000,-59.397000,28.530000
0.512,0.259000,0.104000,0.918000,-22.344000,-6.351000,-58.366000,28.440000
0.518,0.269000,0.098000,0.911000,-21.573000,-11.672000,-57.412000,28.480000
0.532,0.289000,0.091000,0.918000,-22.198000,-13.511000,-57.176000,28.580000
0.537,0.324000,0.079000,0.934000,-24.870000,-10.214000,-55.397000,28.480000
0.550,0.331000,0.049000,0.887000,-27.840000,-4.015000,-51.481000,28.530000
0.562,0.333000,0.041000,0.851000,-27.580000,4.076000,-44.473000,28.440000
0.569,0.271000,0.040000,0.863000,-21.748000,1.374000,-26.267000,28.480000
0.582,0.178000,0.033000,0.872000,-15.237000,-5.489000,-23.305000,28.580000
0.590,0.132000,0.069000,0.907000,-11.931000,-12.649000,-26.969000,28.530000
0.601,0.157000,0.052000,0.942000,-11.855000,-19.153000,-32.107000,28.530000
0.607,0.230000,0.061000,0.949000,-13.137000,-15.618000,-36.977000,28.440000
0.619,0.293000,0.049000,0.951000,-14.221000,-3.405000,-40.992000,28.580000
0.632,0.292000,0.071000,0.973000,-15.954000,8.206000,-41.947000,28.580000
0.639,0.255000,0.086000,0.969000,-20.153000,15.206000,-38.985000,28.480000
0.651,0.185000,0.070000,0.973000,-20.679000,16.847000,-38.198000,28.530000
0.658,0.137000,0.073000,0.969000,-20.031000,13.038000,-39.664000,28.440000
0.670,0.116000,0.068000,0.959000,-22.099000,9.244000,-43.176000,28.480000
0.679,0.121000,0.042000,0.961000,-22.344000,6.046000,-47.084000,28.580000
0.691,0.137000,0.007000,0.936000,-21.214000,3.198000,-48.954000,28.440000
0.702,0.189000,0.010000,0.943000,-21.252000,5.130000,-53.267000,28.440000
0.709,0.191000,0.018000,0.938000,-18.405000,5.168000,-53.939000,28.530000
0.721,0.183000,0.055000,0.946000,-17.588000,4.870000,-53.359000,28.580000
0.730,0.161000,0.091000,0.987000,-19.954000,3.031000,-50.603000,28.480000
0.740,0.147000,0.082000,0.980000,-23.374000,-0.847000,-51.328000,28.440000
0.748,0.166000,0.101000,0.982000,-26.580000,-2.901000,-47.557000,28.530000
0.760,0.141000,0.054000,0.976000,-29.580000,-8.641000,-47.748000,28.530000
0.772,0.157000,0.042000,0.957000,-28.519000,-13.748000,-51.427000,28.480000
0.779,0.188000,0.042000,0.955000,-28.420000,-19.153000,-50.931000,28.480000
0.791,0.240000,0.030000,0.935000,-28.687000,-16.687000,-51.595000,28.530000
0.798,0.272000,0.046000,0.911000,-29.725000,-9.305000,-52.214000,28.530000
0.810,0.258000,0.027000,0.903000,-29.939000,0.046000,-51.305000,28.480000
0.816,0.183000,0.024000,0.911000,-26.664000,3.160000,-51.511000,28.580000
0.829,0.109000,0.036000,0.941000,-26.435000,-2.168000,-53.992000,28.390000
0.841,0.092000,0.032000,0.969000,-28.595000,-12.374000,-54.695000,28.480000
0.849,0.103000,0.008000,0.939000,-29.542000,-21.824000,-55.550000,28.530000
0.860,0.150000,0.018000,0.912000,-30.084000,-28.076000,-54.015000,28.480000
0.867,0.216000,0.058000,0.915000,-33.786000,-23.450000,-53.618000,28.480000
0.880,0.271000,0.080000,0.926000,-37.740000,-9.641000,-56.153000,28.580000
0.892,0.314000,0.080000,0.932000,-40.366000,11.977000,-59.863000,28.440000
0.899,0.317000,0.077000,0.936000,-42.870000,29.802000,-60.641000,28.440000
0.911,0.282000,-0.004000,0.896000,-44.214000,42.954000,-56.611000,28.480000
0.917,0.210000,-0.010000,0.891000,-39.137000,47.130000,-53.504000,28.580000
0.932,0.094000,-0.021000,0.856000,-40.405000,36.534000,-49.115000,28.480000
0.942,0.024000,-0.044000,0.850000,-39.092000,24.153000,-49.115000,28.440000
0.949,-0.013000,-0.052000,0.854000,-35.840000,9.649000,-55.748000,28.620000
0.961,0.045000,-0.032000,0.857000,-32.053000,1.183000,-62.412000,28.390000
0.968,0.137000,-0.027000,0.839000,-30.847000,0.985000,-68.298000,28.580000
0.981,0.218000,-0.039000,0.827000,-28.130000,10.366000,-70.351000,28.480000
0.987,0.209000,-0.064000,0.807000,-22.489000,18.229000,-68.924000,28.530000
0.999,0.148000,-0.059000,0.830000,-18.466000,17.221000,-65.458000,28.530000
1.012,0.074000,-0.044000,0.884000,-13.511000,4.099000,-60.908000,28.480000
1.018,0.032000,-0.007000,0.921000,-11.794000,-12.122000,-60.282000,28.480000
1.032,0.153000,0.023000,0.923000,-15.832000,-18.160000,-60.221000,28.480000
1.037,0.251000,0.012000,0.917000,-19.901000,-16.221000,-58.695000,28.530000
1.049,0.326000,-0.012000,0.872000,-20.382000,-0.870000,-55.901000,28.440000
1.061,0.291000,-0.023000,0.853000,-23.687000,13.267000,-55.435000,28.580000
1.068,0.240000,-0.051000,0.878000,-21.351000,19.649000,-56.626000,28.390000
1.081,0.142000,-0.057000,0.895000,-15.542000,16.115000,-57.832000,28.440000
1.088,0.097000,-0.044000,0.924000,-14.824000,7.511000,-58.435000,28.530000
1.100,0.251000,-0.049000,1.090000,-13.672000,9.771000,-60.374000,28.480000
1.112,0.226000,-0.028000,0.884000,-17.267000,7.198000,-52.687000,28.480000
1.119,0.279000,0.001000,0.897000,-10.511000,24.298000,-55.473000,28.480000
1.131,0.306000,-0.041000,0.881000,-14.420000,36.115000,-55.458000,28.530000
1.139,0.261000,-0.025000,0.923000,-5.321000,46.977000,-57.366000,28.530000
1.151,0.180000,-0.044000,0.925000,-1.458000,47.405000,-57.588000,28.480000
1.157,0.155000,-0.024000,0.927000,3.069000,39.397000,-57.435000,28.480000
1.169,0.176000,-0.029000,0.933000,-0.168000,32.786000,-55.038000,28.530000
1.182,0.220000,-0.002000,0.935000,-6.008000,34.351000,-52.534000,28.530000
1.190,0.243000,-0.012000,0.912000,-6.626000,43.901000,-51.870000,28.620000
1.201,0.249000,0.006000,0.931000,-12.977000,56.000000,-48.702000,28.480000
1.207,0.160000,-0.039000,0.924000,-13.443000,60.863000,-43.023000,28.580000
1.220,0.044000,-0.088000,0.872000,-9.794000,49.534000,-40.053000,28.480000
1.232,-0.016000,-0.072000,0.885000,-6.588000,30.160000,-37.321000,28.440000
1.239,0.012000,-0.098000,0.887000,-4.374000,11.267000,-38.275000,28.390000
1.251,0.074000,-0.039000,0.904000,3.794000,3.130000,-44.863000,28.480000
1.258,0.153000,-0.010000,0.941000,2.351000,5.786000,-51.519000,28.480000
1.271,0.187000,0.000000,0.943000,0.939000,15.718000,-55.878000,28.440000
1.279,0.156000,0.005000,0.959000,-0.397000,21.275000,-57.481000,28.530000
1.291,0.116000,-0.016000,0.969000,-2.008000,20.656000,-57.267000,28.580000
1.298,0.001000,-0.036000,0.958000,-1.420000,6.649000,-55.489000,28.580000
1.309,-0.037000,-0.065000,0.968000,3.275000,-12.595000,-55.924000,28.480000
1.322,0.027000,-0.016000,1.001000,4.931000,-29.626000,-57.092000,28.440000
1.330,0.127000,0.024000,1.012000,2.550000,-32.382000,-61.221000,28.530000
1.341,0.245000,0.037000,1.001000,0.145000,-19.435000,-65.397000,28.390000
1.349,0.337000,0.071000,0.982000,-4.351000,2.733000,-66.046000,28.480000
1.360,0.352000,0.054000,0.958000,-8.649000,25.008000,-64.595000,28.530000
1.367,0.218000,0.027000,0.928000,-8.824000,32.252000,-59.427000,28.530000
1.381,0.080000,-0.003000,0.929000,-5.954000,24.176000,-55.427000,28.530000
1.392,-0.032000,-0.005000,0.914000,-5.031000,2.069000,-52.832000,28.580000
1.399,0.017000,-0.006000,0.917000,-5.015000,-12.130000,-55.481000,28.580000
1.411,0.139000,0.013000,0.919000,-5.565000,-12.916000,-60.122000,28.480000
1.418,0.265000,0.002000,0.893000,-5.038000,3.237000,-68.313000,28.530000
1.431,0.396000,0.066000,0.873000,-6.687000,31.267000,-70.611000,28.440000
1.438,0.368000,0.058000,0.847000,-6.122000,53.221000,-71.107000,28.480000
1.450,0.245000,0.010000,0.816000,-1.481000,60.580000,-66.382000,28.580000
1.462,0.051000,-0.024000,0.822000,3.061000,45.603000,-59.405000,28.530000
1.469,-0.052000,-0.035000,0.811000,8.313000,22.710000,-58.618000,28.530000
1.481,0.061000,-0.029000,0.850000,8.496000,9.908000,-62.351000,28.480000
1.492,0.185000,-0.055000,0.849000,19.221000,16.435000,-68.443000,28.480000
1.501,0.235000,-0.025000,0.837000,22.260000,31.672000,-77.237000,28.580000
1.507,0.247000,-0.034000,0.845000,24.527000,45.420000,-85.573000,28.530000
1.520,0.160000,-0.073000,0.837000,32.412000,49.183000,-90.847000,28.440000
1.532,0.058000,-0.052000,0.857000,41.855000,36.702000,-93.473000,28.480000
1.539,0.008000,-0.026000,0.936000,44.832000,14.618000,-87.603000,28.480000
1.551,-0.001000,-0.026000,1.003000,44.015000,-6.244000,-80.901000,28.480000
1.558,0.041000,0.022000,1.057000,41.679000,-20.840000,-76.076000,28.530000
1.570,0.098000,0.064000,1.083000,35.137000,-25.015000,-73.534000,28.530000
1.577,0.139000,0.092000,1.094000,25.351000,-23.679000,-73.473000,28.480000
1.590,0.189000,0.104000,1.079000,17.611000,-16.802000,-74.412000,28.480000
1.602,0.190000,0.077000,1.055000,14.168000,-7.382000,-72.489000,28.480000
1.608,0.157000,0.051000,1.042000,13.405000,-4.458000,-70.176000,28.440000
1.621,0.063000,0.050000,1.018000,11.763000,-11.832000,-66.824000,28.530000
1.630,0.078000,0.050000,1.009000,13.634000,-20.603000,-64.878000,28.480000
1.641,0.109000,0.094000,1.011000,7.542000,-27.664000,-61.756000,28.580000
1.648,0.181000,0.107000,0.976000,1.580000,-23.595000,-59.053000,28.440000
1.660,0.287000,0.110000,0.964000,-1.290000,-5.130000,-61.321000,28.440000
1.672,0.267000,0.096000,0.936000,-3.664000,12.985000,-64.336000,28.530000
1.680,0.170000,0.057000,0.910000,-2.267000,18.511000,-67.718000,28.580000
1.692,0.084000,0.028000,0.927000,2.863000,9.885000,-68.733000,28.480000
1.699,0.065000,0.034000,0.934000,8.008000,-9.107000,-65.466000,28.530000
1.711,0.136000,0.062000,0.939000,11.908000,-25.107000,-59.763000,28.530000
1.717,0.234000,0.100000,0.952000,10.794000,-29.099000,-54.916000,28.530000
1.732,0.326000,0.142000,0.971000,7.435000,-22.779000,-47.382000,28.480000
1.736,0.382000,0.140000,0.962000,2.344000,-9.046000,-39.412000,28.480000
1.749,0.342000,0.105000,0.952000,3.366000,-0.099000,-30.260000,28.440000
1.762,0.178000,0.100000,0.963000,3.656000,-6.130000,-26.053000,28.530000
1.769,0.075000,0.071000,0.986000,4.885000,-19.840000,-25.786000,28.480000
1.781,0.040000,0.066000,0.969000,2.962000,-36.725000,-27.687000,28.480000
1.789,0.166000,0.076000,0.950000,1.603000,-34.779000,-38.641000,28.580000
1.801,0.400000,0.096000,1.069000,-3.099000,-9.527000,-46.466000,28.480000
1.808,0.420000,0.121000,0.939000,-9.282000,9.099000,-40.878000,28.440000
1.820,0.378000,0.099000,0.926000,-6.298000,36.748000,-45.328000,28.480000
1.832,0.216000,0.056000,0.876000,-5.069000,36.489000,-40.550000,28.580000
1.841,0.094000,0.031000,0.865000,-0.809000,14.412000,-33.405000,28.480000
1.852,0.044000,0.045000,0.892000,6.061000,-14.748000,-30.191000,28.530000
1.858,0.104000,0.067000,0.914000,8.305000,-32.496000,-27.275000,28.530000
1.871,0.236000,0.112000,0.911000,6.191000,-34.489000,-26.542000,28.480000
1.880,0.376000,0.136000,0.930000,3.374000,-11.748000,-23.885000,28.480000
1.891,0.399000,0.111000,0.879000,-3.489000,20.733000,-27.824000,28.480000
1.898,0.316000,0.085000,0.822000,2.802000,44.267000,-35.405000,28.530000
1.909,0.059000,0.111000,0.597000,2.137000,35.656000,-39.641000,28.530000
1.922,0.104000,0.005000,0.771000,13.267000,21.740000,-42.137000,28.390000
1.930,0.093000,0.026000,0.797000,24.328000,-4.740000,-35.015000,28.580000
1.942,0.183000,-0.001000,0.880000,31.863000,-24.336000,-25.580000,28.480000
1.949,0.253000,0.101000,0.967000,31.557000,-24.290000,-17.496000,28.530000
1.960,0.290000,0.169000,1.016000,18.145000,-17.504000,-13.084000,28.530000
1.967,0.344000,0.175000,0.992000,7.779000,0.420000,-14.397000,28.580000
1.980,0.331000,0.148000,0.958000,6.153000,16.786000,-16.542000,28.480000
1.987,0.241000,0.113000,0.935000,6.901000,19.137000,-14.084000,28.480000
1.999,0.167000,0.089000,0.928000,7.786000,14.168000,-10.710000,28.480000
2.012,0.129000,0.081000,0.933000,7.466000,2.137000,-4.122000,28.440000
2.019,0.139000,0.075000,0.923000,8.183000,-4.947000,-3.023000,28.580000
2.032,0.210000,0.089000,0.924000,8.061000,1.115000,-6.427000,28.580000
2.040,0.242000,0.090000,0.916000,9.275000,10.565000,-10.840000,28.580000
2.052,0.203000,0.087000,0.888000,13.321000,16.649000,-16.328000,28.530000
2.058,0.147000,0.089000,0.919000,15.878000,16.046000,-14.885000,28.530000
2.070,0.076000,0.097000,0.931000,16.908000,6.550000,-11.374000,28.480000
2.080,0.088000,0.111000,0.950000,15.145000,0.580000,-9.366000,28.480000
2.091,0.129000,0.075000,0.944000,12.588000,-1.420000,-5.664000,28.580000
2.098,0.128000,0.051000,0.950000,16.351000,-0.916000,-7.275000,28.530000
2.109,0.129000,0.082000,0.964000,21.000000,-0.969000,-11.779000,28.440000
2.122,0.137000,0.132000,0.985000,22.160000,-5.672000,-12.817000,28.580000
2.130,0.187000,0.145000,0.989000,18.702000,-9.237000,-12.282000,28.480000
2.142,0.220000,0.130000,0.994000,15.061000,-9.756000,-10.176000,28.390000
2.149,0.249000,0.118000,0.973000,12.763000,-4.618000,-9.809000,28.530000
2.161,0.234000,0.113000,0.992000,12.916000,-0.321000,-9.931000,28.620000
2.168,0.201000,0.122000,1.015000,12.420000,1.321000,-11.031000,28.480000
2.182,0.183000,0.144000,1.039000,12.504000,0.382000,-10.412000,28.480000
2.188,0.189000,0.147000,1.015000,11.015000,0.679000,-6.198000,28.480000
2.200,0.176000,0.177000,0.991000,9.908000,1.916000,-5.809000,28.480000
2.207,0.171000,0.127000,0.960000,9.046000,2.321000,-6.466000,28.440000
2.220,0.146000,0.102000,0.948000,12.649000,1.237000,-8.847000,28.530000
2.232,0.132000,0.127000,0.945000,13.603000,-4.840000,-13.656000,28.480000
2.241,0.168000,0.192000,1.021000,11.565000,-12.481000,-18.550000,28.480000
2.252,0.233000,0.205000,1.070000,5.008000,-14.252000,-17.832000,28.530000
2.258,0.274000,0.207000,1.088000,-1.916000,-12.359000,-7.542000,28.530000
2.271,0.300000,0.193000,1.102000,-7.641000,-3.038000,0.855000,28.480000
2.279,0.263000,0.188000,1.042000,-15.748000,6.244000,3.779000,28.480000
2.291,0.216000,0.164000,0.997000,-18.267000,10.382000,1.969000,28.480000
2.299,0.198000,0.158000,0.949000,-18.244000,9.290000,-4.496000,28.620000
2.310,0.211000,0.140000,0.946000,-18.305000,5.344000,-5.626000,28.530000
2.317,0.238000,0.116000,0.935000,-14.511000,2.824000,-0.649000,28.580000
2.331,0.274000,0.135000,0.943000,-12.939000,6.511000,6.840000,28.480000
2.342,0.257000,0.154000,0.931000,-14.397000,16.076000,11.695000,28.390000
2.349,0.246000,0.161000,0.935000,-15.664000,29.550000,11.939000,28.440000
2.361,0.164000,0.107000,0.871000,-14.924000,36.641000,9.550000,28.530000
2.368,0.059000,0.071000,0.869000,-8.344000,33.565000,7.260000,28.480000
2.382,-0.013000,0.080000,0.881000,-2.115000,21.244000,4.473000,28.480000
2.388,-0.034000,0.080000,0.888000,0.366000,2.237000,1.099000,28.580000
2.401,0.037000,0.057000,0.872000,6.672000,-11.748000,-0.313000,28.480000
2.407,0.158000,0.092000,0.887000,10.244000,-16.015000,-0.466000,28.530000
2.420,0.224000,0.131000,0.927000,10.832000,-15.282000,2.420000,28.480000
2.427,0.268000,0.153000,0.958000,6.466000,-8.550000,5.595000,28.390000
2.441,0.279000,0.174000,0.979000,2.290000,-1.641000,10.229000,28.480000
2.453,0.245000,0.151000,0.955000,-2.260000,1.679000,14.992000,28.530000
2.459,0.216000,0.109000,0.929000,-2.420000,2.519000,17.031000,28.440000
2.472,0.180000,0.113000,0.916000,-1.450000,-1.458000,18.389000,28.480000
2.480,0.166000,0.101000,0.893000,-1.611000,-7.275000,17.878000,28.480000
2.491,0.186000,0.104000,0.877000,2.977000,-10.107000,13.397000,28.580000
2.500,0.237000,0.137000,0.923000,7.145000,-10.084000,11.527000,28.620000
2.511,0.274000,0.193000,0.928000,8.924000,-6.885000,14.893000,28.530000
2.518,0.273000,0.179000,0.906000,6.924000,-3.840000,19.863000,28.480000
2.532,0.255000,0.136000,0.872000,10.229000,-3.641000,23.450000,28.480000
2.538,0.238000,0.151000,0.899000,13.290000,-10.794000,29.954000,28.440000
2.550,0.239000,0.182000,0.934000,11.351000,-17.221000,35.198000,28.530000
2.562,0.283000,0.206000,0.971000,5.641000,-17.115000,38.954000,28.440000
2.569,0.318000,0.173000,0.984000,1.595000,-9.198000,37.893000,28.480000
2.582,0.340000,0.156000,0.988000,-1.672000,4.985000,35.214000,28.580000
2.590,0.296000,0.124000,0.978000,-2.672000,14.847000,33.466000,28.580000
2.601,0.205000,0.109000,0.977000,-0.695000,15.771000,29.664000,28.530000
2.608,0.174000,0.137000,0.969000,0.107000,5.702000,23.954000,28.440000
2.621,0.216000,0.146000,0.989000,1.771000,-6.198000,19.916000,28.480000
2.630,0.274000,0.202000,0.965000,0.992000,-16.985000,22.237000,28.390000
2.641,0.386000,0.232000,0.937000,-0.542000,-20.183000,25.725000,28.530000
2.649,0.426000,0.238000,0.914000,-2.802000,-18.305000,35.656000,28.530000
2.660,0.484000,0.198000,0.919000,-2.321000,-9.412000,49.710000,28.530000
2.667,0.409000,0.176000,0.882000,-1.260000,-2.687000,60.573000,28.480000
2.680,0.330000,0.157000,0.911000,-0.420000,2.221000,65.450000,28.480000
2.692,0.255000,0.154000,0.899000,2.389000,3.580000,62.206000,28.440000
2.699,0.211000,0.139000,0.942000,3.191000,1.466000,54.763000,28.440000
2.712,0.199000,0.132000,0.933000,4.656000,-1.221000,50.985000,28.480000
2.719,0.218000,0.143000,0.941000,6.595000,-2.870000,47.649000,28.480000
2.732,0.246000,0.146000,1.004000,7.458000,-2.656000,47.321000,28.480000
2.739,0.221000,0.167000,0.953000,1.626000,-7.634000,48.519000,28.530000
2.751,0.219000,0.138000,0.962000,3.824000,-7.626000,48.313000,28.440000
2.758,0.188000,0.169000,0.971000,4.000000,-14.122000,48.504000,28.480000
2.770,0.246000,0.174000,0.996000,-0.504000,-17.252000,45.977000,28.480000
2.777,0.315000,0.175000,0.971000,-2.740000,-11.992000,46.748000,28.580000
2.791,0.381000,0.182000,0.946000,-5.023000,-1.351000,46.153000,28.580000
2.799,0.378000,0.167000,0.908000,-4.840000,8.992000,52.366000,28.530000
2.809,0.309000,0.157000,0.873000,-3.702000,14.031000,55.221000,28.580000
2.822,0.262000,0.147000,0.860000,-0.817000,11.023000,54.466000,28.480000
2.830,0.226000,0.154000,0.851000,3.168000,3.687000,54.328000,28.480000
2.842,0.241000,0.189000,0.850000,3.511000,-1.267000,56.145000,28.530000
2.849,0.279000,0.177000,0.858000,3.748000,-1.824000,58.015000,28.440000
2.862,0.283000,0.165000,0.847000,5.626000,0.176000,63.473000,28.480000
2.869,0.250000,0.167000,0.846000,6.435000,2.084000,63.565000,28.480000
2.882,0.244000,0.165000,0.843000,6.527000,3.771000,61.397000,28.580000
2.891,0.227000,0.174000,0.849000,7.809000,0.198000,63.038000,28.530000
2.901,0.235000,0.163000,0.867000,10.267000,-3.000000,63.374000,28.440000
2.908,0.277000,0.159000,0.925000,10.992000,-4.313000,67.748000,28.580000
2.921,0.271000,0.192000,0.926000,10.603000,-1.466000,71.168000,28.480000
2.929,0.269000,0.197000,0.921000,10.260000,3.351000,75.611000,28.480000
2.941,0.262000,0.190000,0.896000,7.962000,15.588000,73.947000,28.440000
2.948,0.223000,0.202000,0.887000,6.168000,23.389000,74.580000,28.530000
2.960,0.145000,0.177000,0.893000,5.893000,24.802000,71.450000,28.480000
2.967,0.097000,0.156000,0.875000,6.702000,19.290000,63.534000,28.480000
2.980,0.096000,0.147000,0.855000,9.992000,7.122000,58.420000,28.580000
2.993,0.136000,0.135000,0.855000,13.511000,-6.733000,59.481000,28.580000
3.000,0.163000,0.176000,0.902000,12.855000,-16.954000,64.947000,28.530000
3.011,0.197000,0.193000,0.959000,11.412000,-18.542000,68.534000,28.480000
3.018,0.249000,0.202000,0.977000,7.855000,-10.924000,72.817000,28.480000
3.031,0.297000,0.220000,0.961000,-0.504000,6.817000,72.321000,28.480000
3.040,0.297000,0.159000,0.895000,-6.023000,23.443000,72.969000,28.530000
3.050,0.252000,0.113000,0.822000,-3.962000,33.626000,71.374000,28.440000
3.057,0.195000,0.083000,0.806000,4.649000,31.221000,69.969000,28.480000
3.070,0.115000,0.104000,0.833000,13.779000,14.511000,73.802000,28.580000
3.081,0.100000,0.133000,0.882000,19.412000,-5.405000,79.389000,28.390000
3.090,0.150000,0.183000,0.947000,21.634000,-18.183000,85.962000,28.530000
3.102,0.244000,0.242000,1.020000,18.122000,-12.710000,88.115000,28.530000
3.109,0.286000,0.258000,1.065000,10.573000,6.527000,91.710000,28.580000
3.121,0.232000,0.260000,1.025000,-0.435000,28.397000,88.725000,28.480000
3.130,0.154000,0.193000,0.960000,-5.107000,40.885000,83.214000,28.580000
3.141,0.084000,0.124000,0.902000,-4.405000,40.099000,77.847000,28.530000
3.149,0.036000,0.122000,0.885000,0.099000,26.130000,75.756000,28.530000
3.161,0.048000,0.141000,0.891000,3.374000,12.664000,73.282000,28.480000
3.168,0.135000,0.169000,0.864000,3.771000,5.679000,70.534000,28.480000
3.182,0.238000,0.167000,0.837000,6.618000,9.305000,71.779000,28.480000
3.188,0.229000,0.134000,0.813000,14.557000,13.847000,75.702000,28.480000
3.200,0.137000,0.158000,0.872000,20.328000,11.809000,83.649000,28.530000
3.207,0.030000,0.179000,0.955000,23.389000,0.641000,85.947000,28.390000
3.219,-0.002000,0.198000,1.008000,23.244000,-10.611000,82.992000,28.480000
3.232,0.060000,0.216000,1.040000,16.641000,-12.901000,79.443000,28.480000
3.242,0.112000,0.235000,1.043000,9.443000,-5.328000,74.916000,28.530000
3.251,0.117000,0.223000,1.000000,4.122000,6.427000,66.115000,28.530000
3.258,0.092000,0.183000,0.958000,1.832000,14.267000,55.115000,28.580000
3.271,0.087000,0.133000,0.924000,3.405000,12.702000,44.435000,28.480000
3.281,0.097000,0.102000,0.901000,8.053000,1.183000,40.740000,28.390000
3.291,0.150000,0.122000,0.921000,13.153000,-12.695000,46.702000,28.530000
3.299,0.251000,0.187000,0.973000,15.931000,-17.328000,60.229000,28.530000
3.310,0.321000,0.261000,0.995000,13.160000,-11.893000,73.931000,28.580000
3.317,0.341000,0.275000,0.996000,7.511000,3.626000,78.244000,28.480000
3.330,0.305000,0.262000,0.958000,2.504000,20.344000,76.748000,28.530000
3.342,0.253000,0.218000,0.910000,1.168000,28.473000,74.275000,28.530000
3.349,0.177000,0.159000,0.869000,5.786000,21.969000,79.641000,28.340000
3.362,0.091000,0.120000,0.842000,13.389000,4.084000,80.206000,28.480000
3.369,0.074000,0.166000,0.888000,19.740000,-17.481000,85.710000,28.480000
3.382,0.122000,0.195000,0.947000,20.481000,-27.748000,86.351000,28.480000
3.389,0.220000,0.223000,0.972000,20.443000,-20.710000,82.710000,28.530000
3.401,0.278000,0.269000,0.986000,14.672000,-2.840000,81.382000,28.530000
3.408,0.254000,0.263000,0.977000,6.519000,17.198000,78.038000,28.580000
3.420,0.193000,0.194000,0.906000,4.366000,28.084000,77.710000,28.480000
3.430,0.139000,0.176000,0.886000,5.053000,28.542000,80.305000,28.620000
3.441,0.072000,0.175000,0.857000,8.206000,19.573000,80.733000,28.530000
3.448,0.063000,0.182000,0.851000,10.290000,10.847000,82.427000,28.440000
3.460,0.070000,0.194000,0.839000,9.718000,6.336000,82.832000,28.580000
3.472,0.090000,0.189000,0.842000,13.466000,11.779000,77.366000,28.580000
3.482,0.121000,0.200000,0.868000,13.679000,23.817000,73.336000,28.530000
3.492,0.120000,0.217000,0.889000,12.412000,37.557000,69.168000,28.530000
3.499,0.077000,0.178000,0.872000,12.962000,43.580000,64.244000,28.440000
3.511,0.080000,0.156000,0.836000,12.908000,44.595000,62.397000,28.480000
3.518,0.050000,0.126000,0.835000,16.885000,35.198000,65.252000,28.580000
3.532,0.019000,0.121000,0.862000,22.504000,24.901000,68.634000,28.530000
3.538,-0.011000,0.201000,0.930000,20.702000,13.588000,74.313000,28.440000
3.550,-0.009000,0.214000,0.966000,17.977000,8.282000,75.573000,28.530000
3.557,0.037000,0.222000,1.004000,13.809000,16.443000,68.351000,28.580000
3.569,0.082000,0.243000,0.993000,6.000000,31.756000,63.893000,28.390000
3.582,0.103000,0.231000,0.928000,-2.580000,50.740000,59.756000,28.580000
3.590,0.092000,0.154000,0.832000,-2.679000,63.573000,54.580000,28.530000
3.602,0.018000,0.128000,0.804000,0.153000,63.397000,53.878000,28.440000
3.608,-0.122000,0.053000,0.798000,11.260000,41.977000,57.519000,28.480000
3.621,-0.172000,0.094000,0.848000,21.198000,13.565000,62.626000,28.480000
3.630,-0.171000,0.118000,0.913000,25.458000,-13.176000,69.130000,28.620000
3.641,-0.020000,0.136000,0.948000,24.115000,-15.496000,70.183000,28.530000
3.648,0.083000,0.206000,0.991000,20.374000,0.115000,68.015000,28.530000
3.659,0.090000,0.251000,1.030000,12.336000,25.267000,65.802000,28.480000
3.672,0.010000,0.247000,1.014000,1.626000,45.214000,60.305000,28.580000
3.681,-0.052000,0.194000,0.945000,-3.443000,54.824000,52.435000,28.440000
3.692,-0.092000,0.129000,0.882000,-1.473000,48.565000,48.221000,28.530000
3.699,-0.126000,0.091000,0.874000,5.427000,33.008000,47.649000,28.530000
3.711,-0.131000,0.108000,0.905000,11.863000,14.061000,52.397000,28.480000
3.718,-0.089000,0.126000,0.959000,15.275000,4.008000,55.282000,28.480000
3.732,-0.008000,0.179000,1.010000,16.198000,7.626000,55.725000,28.530000
3.739,0.037000,0.244000,1.014000,10.160000,21.122000,49.137000,28.530000
3.751,0.038000,0.241000,0.991000,3.450000,36.664000,43.069000,28.530000
3.757,-0.020000,0.129000,0.951000,2.664000,41.427000,34.954000,28.480000
3.769,-0.084000,0.098000,0.929000,9.489000,32.328000,31.023000,28.580000
3.782,-0.122000,0.125000,0.972000,11.443000,9.809000,33.985000,28.580000
3.790,-0.117000,0.132000,1.004000,11.870000,-12.298000,39.656000,28.530000
3.802,0.005000,0.149000,1.040000,10.641000,-21.321000,52.015000,28.530000
3.808,0.070000,0.193000,1.033000,5.832000,-14.763000,57.389000,28.480000
3.821,0.104000,0.220000,0.999000,0.817000,4.534000,53.366000,28.480000
3.831,0.107000,0.214000,0.961000,-0.969000,25.435000,48.145000,28.440000
3.840,0.045000,0.192000,0.926000,0.198000,37.397000,44.137000,28.620000
3.848,-0.019000,0.157000,0.909000,1.397000,39.702000,40.252000,28.530000
3.860,-0.030000,0.151000,0.906000,3.260000,33.435000,45.527000,28.480000
3.865,-0.042000,0.156000,0.890000,1.908000,30.107000,49.824000,28.580000
3.882,-0.023000,0.156000,0.860000,1.634000,29.443000,51.389000,28.530000
3.892,-0.031000,0.167000,0.840000,2.450000,32.573000,50.580000,28.440000
3.899,-0.086000,0.175000,0.837000,2.817000,33.412000,49.023000,28.620000
3.911,-0.144000,0.174000,0.849000,2.389000,30.756000,44.992000,28.580000
3.918,-0.152000,0.189000,0.882000,0.252000,26.702000,38.359000,28.580000
3.932,-0.138000,0.161000,0.892000,-0.542000,21.122000,38.901000,28.440000
3.938,-0.122000,0.160000,0.882000,-0.679000,19.252000,44.168000,28.620000
3.950,-0.098000,0.172000,0.840000,-3.198000,19.214000,42.779000,28.530000
3.957,-0.051000,0.119000,0.767000,-0.710000,22.473000,36.313000,28.480000
3.969,-0.031000,0.075000,0.726000,5.885000,22.344000,30.458000,28.480000
3.982,-0.047000,0.049000,0.738000,14.557000,14.901000,33.328000,28.480000
3.990,-0.069000,0.072000,0.803000,23.282000,2.809000,40.519000,28.530000
4.002,-0.080000,0.106000,0.905000,27.878000,-7.924000,46.840000,28.530000
4.009,-0.064000,0.140000,0.994000,26.511000,-10.496000,51.779000,28.480000
4.020,-0.053000,0.200000,1.056000,20.618000,-1.137000,53.176000,28.480000
4.032,-0.085000,0.199000,1.054000,13.290000,9.832000,49.099000,28.530000
4.041,-0.144000,0.162000,1.047000,11.885000,18.374000,40.137000,28.530000
4.053,-0.229000,0.134000,1.040000,10.641000,15.595000,32.557000,28.530000
4.059,-0.252000,0.090000,1.036000,11.863000,6.344000,28.878000,28.580000
4.071,-0.213000,0.113000,1.054000,14.969000,-1.656000,29.824000,28.480000
4.082,-0.195000,0.110000,1.067000,17.122000,-7.176000,31.107000,28.530000
4.091,-0.186000,0.110000,1.078000,21.313000,-9.557000,31.450000,28.440000
4.098,-0.172000,0.148000,1.101000,20.718000,-8.359000,26.611000,28.530000
4.110,-0.144000,0.156000,1.120000,15.580000,-3.115000,24.000000,28.580000
4.117,-0.148000,0.176000,1.104000,10.809000,5.695000,21.534000,28.390000
4.132,-0.170000,0.178000,1.091000,4.603000,13.824000,17.885000,28.530000
4.143,-0.231000,0.161000,1.041000,1.527000,16.107000,12.885000,28.440000
4.150,-0.271000,0.124000,1.000000,6.153000,10.328000,9.573000,28.440000
4.162,-0.266000,0.124000,0.968000,10.802000,3.290000,3.718000,28.480000
4.169,-0.217000,0.119000,0.943000,16.115000,-4.863000,0.962000,28.390000
4.181,-0.169000,0.135000,0.938000,20.084000,-8.618000,-3.794000,28.480000
4.189,-0.131000,0.172000,0.935000,20.023000,-12.565000,-7.489000,28.580000
4.201,-0.083000,0.215000,0.962000,13.550000,-15.542000,-8.916000,28.530000
4.207,-0.024000,0.230000,1.012000,12.656000,-8.137000,-9.763000,28.580000
4.220,0.005000,0.213000,1.037000,13.046000,-0.481000,-8.840000,28.480000
4.231,-0.028000,0.222000,1.041000,5.282000,2.504000,-3.321000,28.480000
4.240,-0.032000,0.180000,1.052000,1.573000,3.565000,7.260000,28.530000
4.252,-0.074000,0.172000,1.045000,-2.817000,3.397000,18.756000,28.440000
4.259,-0.165000,0.160000,1.014000,-7.679000,-4.038000,32.611000,28.580000
4.271,-0.292000,0.144000,0.965000,-12.977000,-14.046000,38.130000,28.480000
4.280,-0.387000,0.090000,0.892000,-11.344000,-32.939000,32.840000,28.390000
4.291,-0.353000,0.087000,0.849000,-6.802000,-44.275000,15.427000,28.440000
4.298,-0.275000,0.094000,0.838000,0.069000,-51.053000,2.489000,28.530000
4.310,-0.186000,0.097000,0.829000,5.908000,-47.962000,-11.840000,28.580000
4.322,-0.123000,0.136000,0.851000,10.527000,-41.336000,-22.038000,28.480000
4.330,-0.086000,0.163000,0.865000,8.626000,-34.061000,-28.763000,28.480000
4.341,-0.029000,0.180000,0.896000,9.733000,-25.710000,-36.641000,28.530000
4.349,0.002000,0.217000,0.924000,9.198000,-18.985000,-40.786000,28.530000
4.360,0.016000,0.215000,0.914000,4.748000,-16.237000,-41.718000,28.480000
4.367,0.034000,0.186000,0.895000,6.359000,-18.916000,-40.061000,28.480000
4.380,0.060000,0.176000,0.884000,10.038000,-22.893000,-36.084000,28.480000
4.393,0.073000,0.169000,0.896000,12.878000,-30.328000,-28.878000,28.390000
4.399,0.097000,0.179000,0.916000,16.206000,-33.962000,-23.794000,28.440000
4.411,0.136000,0.214000,0.971000,15.786000,-28.985000,-18.824000,28.480000
4.418,0.151000,0.243000,0.972000,9.832000,-18.084000,-15.069000,28.480000
4.432,0.160000,0.236000,0.950000,6.832000,-6.275000,-16.359000,28.480000
4.438,0.142000,0.236000,0.957000,6.954000,1.733000,-14.573000,28.530000
4.450,0.076000,0.225000,0.969000,3.931000,3.557000,-12.924000,28.440000
4.457,0.029000,0.214000,0.963000,2.725000,-2.336000,-10.099000,28.480000
4.469,0.024000,0.205000,0.956000,1.420000,-9.221000,-9.206000,28.480000
4.482,0.051000,0.202000,0.946000,-0.038000,-13.779000,-7.191000,28.480000
4.489,0.074000,0.190000,0.964000,-1.779000,-12.977000,-7.534000,28.440000
4.501,0.098000,0.199000,0.976000,-3.557000,-6.649000,-9.725000,28.440000
4.508,0.090000,0.209000,0.972000,-4.771000,0.313000,-7.863000,28.480000
4.521,0.074000,0.220000,0.936000,-7.443000,5.969000,-11.069000,28.480000
4.531,0.055000,0.201000,0.905000,-6.382000,6.061000,-13.908000,28.480000
4.541,0.064000,0.199000,0.886000,-3.748000,3.450000,-16.595000,28.440000
4.548,0.068000,0.211000,0.886000,-3.641000,-0.603000,-16.611000,28.530000
4.560,0.072000,0.202000,0.889000,-2.824000,-4.580000,-16.053000,28.480000
4.572,0.082000,0.212000,0.904000,-1.588000,-8.008000,-17.397000,28.480000
4.582,0.096000,0.215000,0.922000,-0.328000,-10.863000,-15.771000,28.480000
4.591,0.110000,0.221000,0.922000,-1.756000,-9.321000,-16.595000,28.480000
4.599,0.146000,0.214000,0.892000,-2.466000,-7.511000,-15.084000,28.440000
4.611,0.177000,0.203000,0.881000,0.145000,-3.939000,-16.344000,28.390000
4.618,0.172000,0.214000,0.883000,3.244000,-2.893000,-16.733000,28.580000
4.632,0.153000,0.214000,0.894000,5.496000,-4.588000,-14.046000,28.580000
4.641,0.154000,0.235000,0.914000,4.305000,-7.420000,-9.252000,28.530000
4.650,0.152000,0.222000,0.926000,1.771000,-11.382000,-4.282000,28.530000
4.662,0.132000,0.227000,0.907000,-0.740000,-14.092000,-0.115000,28.480000
4.669,0.134000,0.216000,0.953000,1.740000,-7.305000,-1.748000,28.390000
4.682,0.114000,0.215000,0.922000,2.313000,-6.847000,-4.527000,28.530000
4.690,0.096000,0.208000,0.919000,2.687000,-7.115000,-7.626000,28.530000
4.703,0.132000,0.212000,0.932000,1.053000,-4.626000,-5.962000,28.530000
4.708,0.133000,0.226000,0.937000,0.046000,-0.214000,-3.794000,28.480000
4.721,0.099000,0.218000,0.940000,0.313000,3.099000,-2.809000,28.480000
4.730,0.062000,0.218000,0.922000,0.076000,3.908000,-3.412000,28.530000
4.741,0.041000,0.201000,0.904000,1.466000,1.229000,-6.947000,28.530000
4.749,0.057000,0.193000,0.903000,3.344000,-3.160000,-8.298000,28.530000
4.761,0.077000,0.186000,0.897000,4.710000,-7.191000,-7.885000,28.580000
4.768,0.083000,0.194000,0.900000,5.702000,-10.870000,-7.771000,28.480000
4.781,0.108000,0.197000,0.934000,6.489000,-10.412000,-7.885000,28.480000
4.789,0.118000,0.231000,0.949000,4.489000,-7.038000,-8.573000,28.530000
4.801,0.126000,0.231000,0.925000,3.183000,-2.412000,-10.557000,28.440000
4.807,0.129000,0.232000,0.931000,3.168000,1.252000,-9.061000,28.480000
4.819,0.093000,0.229000,0.933000,2.015000,2.511000,-7.092000,28.480000
4.825,0.070000,0.213000,0.924000,2.092000,0.397000,-8.298000,28.530000
4.840,0.072000,0.219000,0.924000,2.679000,-4.786000,-6.779000,28.440000
4.852,0.101000,0.217000,0.912000,2.229000,-7.901000,-1.771000,28.530000
4.859,0.125000,0.210000,0.870000,3.107000,-10.550000,0.328000,28.580000
4.872,0.126000,0.208000,0.870000,6.679000,-11.298000,-0.252000,28.480000
4.879,0.119000,0.211000,0.884000,8.908000,-13.550000,-1.015000,28.530000
4.895,0.110000,0.225000,0.894000,9.198000,-16.641000,-1.595000,28.530000
4.901,0.156000,0.246000,0.906000,5.794000,-13.580000,-2.496000,28.480000
4.910,0.167000,0.232000,0.909000,3.206000,-8.893000,-1.481000,28.480000
4.918,0.152000,0.222000,0.919000,2.466000,-1.985000,0.489000,28.580000
4.932,0.110000,0.218000,0.921000,1.092000,0.992000,1.992000,28.440000
4.940,0.067000,0.224000,0.937000,2.626000,2.069000,-1.168000,28.440000
4.950,0.048000,0.213000,0.930000,1.084000,-0.908000,-1.740000,28.480000
4.957,0.045000,0.213000,0.905000,-2.794000,-3.634000,-4.374000,28.480000
4.970,0.089000,0.193000,0.903000,0.962000,-2.603000,-7.298000,28.580000
4.981,0.091000,0.206000,0.894000,2.359000,-2.947000,-5.061000,28.480000
4.990,0.076000,0.211000,0.867000,2.534000,-2.511000,-8.328000,28.530000
5.002,0.086000,0.212000,0.882000,6.198000,-2.656000,-10.817000,28.480000
5.009,0.114000,0.230000,0.891000,7.275000,-4.183000,-9.863000,28.480000
5.022,0.127000,0.226000,0.889000,6.672000,-5.321000,-10.710000,28.580000
5.032,0.148000,0.217000,0.912000,8.847000,-4.695000,-10.885000,28.530000
5.041,0.146000,0.226000,0.919000,10.504000,-7.107000,-5.015000,28.530000
5.049,0.132000,0.230000,0.918000,10.015000,-9.305000,-1.519000,28.530000
5.061,0.119000,0.216000,0.924000,11.321000,-10.328000,0.466000,28.480000
5.067,0.109000,0.231000,0.946000,12.420000,-11.550000,1.664000,28.480000
5.081,0.088000,0.240000,0.957000,11.565000,-12.137000,0.595000,28.620000
5.088,0.075000,0.242000,0.969000,9.863000,-12.176000,-1.832000,28.530000
5.100,0.075000,0.248000,0.966000,6.786000,-12.092000,-5.382000,28.530000
5.112,0.093000,0.251000,0.949000,4.092000,-10.267000,-9.107000,28.480000
5.119,0.112000,0.248000,0.929000,2.290000,-6.527000,-11.328000,28.480000
5.131,0.129000,0.251000,0.910000,1.573000,-2.107000,-12.458000,28.530000
5.141,0.120000,0.242000,0.901000,2.206000,0.740000,-13.786000,28.530000
5.152,0.112000,0.237000,0.898000,3.863000,-0.588000,-13.237000,28.440000
5.158,0.101000,0.240000,0.879000,4.038000,-4.344000,-13.008000,28.480000
5.170,0.115000,0.246000,0.882000,2.985000,-6.649000,-11.985000,28.480000
5.180,0.131000,0.243000,0.878000,2.130000,-6.947000,-9.374000,28.580000
5.190,0.131000,0.237000,0.886000,2.252000,-6.519000,-8.153000,28.440000
5.198,0.115000,0.231000,0.897000,3.901000,-6.229000,-9.427000,28.530000
5.210,0.097000,0.241000,0.904000,5.725000,-7.206000,-9.061000,28.480000
5.217,0.079000,0.237000,0.926000,5.611000,-9.443000,-8.130000,28.580000
5.231,0.074000,0.238000,0.940000,4.214000,-10.786000,-9.015000,28.530000
5.243,0.080000,0.240000,0.944000,1.473000,-10.733000,-10.344000,28.530000
5.249,0.084000,0.243000,0.947000,-1.137000,-9.160000,-10.687000,28.440000
5.261,0.073000,0.245000,0.929000,-4.351000,-6.099000,-11.344000,28.480000
5.268,0.047000,0.236000,0.927000,-6.725000,-5.687000,-11.290000,28.480000
5.281,0.020000,0.220000,0.909000,-6.656000,-5.275000,-16.031000,28.620000
5.287,0.013000,0.214000,0.906000,-5.611000,-6.802000,-22.542000,28.530000
5.300,0.013000,0.189000,0.891000,-4.237000,-9.939000,-28.710000,28.530000
5.312,0.026000,0.193000,0.896000,0.489000,-16.802000,-26.557000,28.480000
5.319,0.032000,0.208000,0.905000,2.481000,-24.664000,-22.038000,28.480000
5.332,0.060000,0.211000,0.911000,1.901000,-30.244000,-18.519000,28.530000
5.340,0.051000,0.211000,0.874000,0.588000,-39.366000,-12.130000,28.530000
5.352,0.066000,0.187000,0.877000,8.405000,-39.183000,-6.130000,28.530000
5.358,0.042000,0.181000,0.871000,16.336000,-43.107000,2.275000,28.480000
5.370,0.020000,0.205000,0.886000,18.527000,-42.786000,5.870000,28.480000
5.377,-0.020000,0.242000,0.887000,15.985000,-46.176000,2.870000,28.480000
5.390,-0.040000,0.312000,0.937000,7.061000,-44.527000,-12.214000,28.480000
5.402,-0.031000,0.323000,0.968000,-3.756000,-39.679000,-25.901000,28.440000
5.408,-0.017000,0.317000,0.950000,-10.496000,-33.557000,-36.679000,28.480000
5.420,0.001000,0.306000,0.930000,-13.534000,-28.321000,-45.130000,28.480000
5.432,0.004000,0.299000,0.920000,-15.504000,-24.771000,-51.718000,28.480000
5.441,0.005000,0.302000,0.909000,-16.672000,-24.595000,-54.328000,28.620000
5.453,0.009000,0.304000,0.924000,-18.672000,-27.176000,-52.458000,28.440000
5.459,0.024000,0.291000,0.922000,-22.305000,-31.000000,-52.031000,28.530000
5.471,0.060000,0.274000,0.906000,-22.573000,-33.443000,-50.092000,28.480000
5.480,0.076000,0.270000,0.887000,-21.863000,-34.458000,-51.183000,28.580000
5.490,0.116000,0.265000,0.876000,-23.298000,-31.931000,-53.313000,28.530000
5.502,0.139000,0.284000,0.856000,-24.000000,-30.336000,-52.397000,28.440000
5.509,0.163000,0.312000,0.850000,-26.992000,-25.237000,-48.641000,28.440000
5.521,0.115000,0.305000,0.840000,-26.771000,-24.092000,-42.939000,28.580000
5.532,0.121000,0.296000,0.844000,-24.824000,-21.153000,-46.794000,28.480000
5.540,0.121000,0.308000,0.854000,-24.122000,-16.603000,-54.962000,28.530000
5.552,0.130000,0.303000,0.892000,-28.137000,-18.145000,-65.282000,28.440000
5.559,0.194000,0.263000,0.924000,-30.336000,-18.061000,-71.611000,28.530000
5.571,0.269000,0.301000,0.973000,-30.794000,-21.061000,-70.275000,28.480000
5.579,0.344000,0.291000,0.974000,-36.618000,-23.168000,-68.237000,28.580000
5.590,0.412000,0.272000,0.967000,-38.084000,-23.084000,-64.878000,28.480000
5.598,0.450000,0.271000,0.950000,-34.794000,-23.695000,-57.573000,28.530000
5.609,0.472000,0.253000,0.954000,-31.565000,-23.221000,-52.359000,28.440000
5.621,0.470000,0.255000,0.952000,-28.298000,-21.145000,-47.237000,28.580000
5.630,0.463000,0.261000,0.943000,-25.855000,-18.748000,-42.351000,28.580000
5.643,0.447000,0.262000,0.943000,-26.198000,-14.260000,-38.450000,28.480000
5.648,0.432000,0.261000,0.926000,-25.527000,-8.115000,-32.473000,28.440000
5.660,0.412000,0.269000,0.904000,-25.641000,-0.565000,-28.718000,28.530000
5.672,0.377000,0.274000,0.893000,-24.733000,6.344000,-27.687000,28.480000
5.681,0.334000,0.285000,0.891000,-24.137000,11.939000,-28.893000,28.480000
5.691,0.308000,0.292000,0.883000,-24.580000,13.695000,-30.053000,28.580000
5.698,0.292000,0.297000,0.878000,-25.458000,12.198000,-29.763000,28.440000
5.710,0.289000,0.289000,0.842000,-26.290000,10.557000,-28.527000,28.530000
5.717,0.280000,0.289000,0.821000,-26.282000,8.763000,-24.992000,28.580000
5.730,0.271000,0.263000,0.806000,-25.153000,7.779000,-20.366000,28.580000
5.742,0.243000,0.227000,0.792000,-23.298000,4.786000,-18.267000,28.580000
5.749,0.208000,0.217000,0.792000,-20.817000,-0.168000,-19.573000,28.530000
5.761,0.188000,0.196000,0.790000,-15.374000,-6.664000,-19.160000,28.530000
5.768,0.193000,0.180000,0.811000,-12.191000,-12.015000,-21.771000,28.480000
5.782,0.216000,0.172000,0.805000,-11.611000,-11.878000,-28.260000,28.480000
5.794,0.252000,0.171000,0.804000,-10.374000,-10.237000,-32.458000,28.580000
5.800,0.275000,0.154000,0.796000,-8.969000,-4.931000,-37.672000,28.580000
5.828,0.287000,0.137000,0.809000,-6.053000,-2.534000,-38.763000,28.530000
5.828,0.282000,0.136000,0.834000,-2.481000,-3.832000,-38.611000,28.580000
