time_sec,ax,ay,az,gx,gy,gz,temp_c
0.016,-0.184000,0.283000,0.992000,-15.947000,-0.618000,-11.679000,28.580000
0.018,-0.220000,0.273000,0.982000,-13.038000,-6.695000,-15.786000,28.670000
0.031,-0.218000,0.264000,0.970000,-9.924000,-20.206000,-14.107000,28.580000
0.043,-0.195000,0.260000,0.970000,-6.695000,-37.809000,-7.427000,28.620000
0.051,-0.165000,0.243000,0.958000,-7.855000,-50.145000,1.580000,28.620000
0.062,-0.040000,0.261000,0.952000,-9.809000,-45.382000,2.313000,28.670000
0.069,0.038000,0.298000,0.975000,-10.137000,-33.389000,-1.061000,28.580000
0.084,0.045000,0.303000,0.976000,-8.924000,-15.145000,-7.786000,28.620000
0.091,0.002000,0.323000,0.974000,-9.954000,-1.962000,-12.847000,28.720000
0.101,-0.058000,0.302000,0.974000,-12.405000,1.885000,-14.344000,28.620000
0.114,-0.096000,0.281000,0.948000,-12.756000,-2.450000,-12.267000,28.670000
0.120,-0.114000,0.278000,0.923000,-14.603000,-12.756000,-8.198000,28.580000
0.132,-0.129000,0.229000,0.894000,-14.893000,-26.931000,-4.580000,28.620000
0.139,-0.099000,0.186000,0.891000,-11.290000,-35.466000,-5.603000,28.620000
0.151,-0.022000,0.197000,0.882000,-5.672000,-34.679000,-10.855000,28.620000
0.163,0.065000,0.213000,0.922000,-2.412000,-28.542000,-15.359000,28.580000
0.170,0.110000,0.256000,0.980000,-1.023000,-18.206000,-15.977000,28.580000
0.183,0.115000,0.293000,1.012000,-6.863000,-5.588000,-14.313000,28.620000
0.190,0.102000,0.302000,1.018000,-16.893000,2.145000,-7.489000,28.530000
0.203,0.078000,0.291000,1.001000,-27.145000,5.588000,1.977000,28.530000
0.209,0.077000,0.272000,0.959000,-33.885000,3.153000,10.679000,28.670000
0.222,0.089000,0.223000,0.922000,-37.794000,3.000000,19.374000,28.670000
0.229,0.084000,0.182000,0.879000,-34.023000,1.160000,25.725000,28.580000
0.241,0.055000,0.195000,0.868000,-30.809000,0.527000,27.084000,28.620000
0.253,0.036000,0.181000,0.862000,-27.229000,4.214000,29.008000,28.580000
0.260,-0.010000,0.185000,0.854000,-24.847000,7.656000,28.962000,28.670000
0.273,-0.041000,0.209000,0.847000,-25.046000,11.557000,21.580000,28.580000
0.281,-0.067000,0.170000,0.811000,-22.176000,12.481000,11.229000,28.620000
0.292,-0.068000,0.159000,0.810000,-15.000000,12.443000,2.275000,28.530000
0.300,-0.069000,0.148000,0.804000,-8.336000,7.573000,-1.603000,28.580000
0.312,-0.073000,0.159000,0.821000,-1.382000,1.092000,-4.443000,28.580000
0.318,-0.042000,0.181000,0.856000,1.748000,-4.840000,-6.321000,28.580000
0.331,-0.012000,0.188000,0.874000,2.504000,-6.641000,-7.542000,28.530000
0.344,0.044000,0.213000,0.897000,2.328000,-3.740000,-9.687000,28.720000
0.351,0.071000,0.223000,0.915000,2.038000,1.534000,-12.282000,28.480000
0.363,0.081000,0.220000,0.893000,0.771000,7.267000,-13.420000,28.580000
0.370,0.069000,0.204000,0.885000,1.221000,7.855000,-11.183000,28.530000
0.383,0.050000,0.200000,0.890000,2.183000,5.847000,-7.244000,28.620000
0.391,0.025000,0.193000,0.908000,3.344000,0.840000,-1.298000,28.530000
0.403,-0.012000,0.195000,0.919000,3.908000,-4.244000,3.282000,28.670000
0.410,-0.031000,0.212000,0.917000,2.954000,-7.115000,3.763000,28.580000
0.422,-0.060000,0.191000,0.883000,2.473000,-12.603000,2.389000,28.670000
0.431,-0.070000,0.148000,0.856000,9.008000,-20.397000,-0.771000,28.530000
0.443,-0.048000,0.166000,0.909000,14.557000,-30.145000,2.863000,28.580000
0.449,-0.009000,0.166000,0.996000,12.885000,-34.763000,11.878000,28.670000
0.461,0.014000,0.190000,1.100000,8.626000,-31.466000,23.176000,28.580000
0.473,0.042000,0.248000,1.177000,0.679000,-15.145000,31.863000,28.620000
0.481,0.029000,0.295000,1.198000,-11.305000,6.382000,31.878000,28.530000
0.493,-0.049000,0.285000,1.151000,-20.771000,23.733000,21.687000,28.580000
0.501,-0.127000,0.272000,1.063000,-22.435000,30.534000,3.053000,28.670000
0.512,-0.172000,0.251000,0.975000,-22.786000,20.908000,-11.191000,28.620000
0.519,-0.176000,0.175000,0.928000,-17.115000,2.618000,-16.427000,28.620000
0.532,-0.140000,0.145000,0.891000,-10.466000,-18.748000,-11.863000,28.530000
0.543,-0.106000,0.109000,0.893000,-2.969000,-38.740000,-3.504000,28.670000
0.551,-0.071000,0.169000,0.921000,1.191000,-53.282000,4.534000,28.580000
0.563,-0.013000,0.237000,0.942000,-1.962000,-52.786000,3.962000,28.620000
0.569,0.076000,0.216000,0.944000,-3.809000,-42.511000,-3.725000,28.620000
0.582,0.167000,0.227000,0.969000,-4.496000,-22.107000,-11.832000,28.670000
0.589,0.195000,0.245000,0.978000,-8.489000,-2.634000,-14.802000,28.670000
0.602,0.162000,0.196000,0.973000,-7.756000,9.626000,-11.924000,28.580000
0.614,0.086000,0.198000,0.980000,-9.466000,15.618000,-6.412000,28.670000
0.620,-0.006000,0.183000,0.978000,-12.420000,14.023000,-2.702000,28.620000
0.633,-0.046000,0.204000,0.940000,-16.130000,12.725000,-3.481000,28.480000
0.641,-0.070000,0.155000,0.901000,-15.069000,9.504000,-8.931000,28.580000
0.652,-0.092000,0.104000,0.871000,-9.947000,4.794000,-15.557000,28.530000
0.659,-0.098000,0.143000,0.891000,-6.954000,-0.389000,-20.450000,28.620000
0.671,-0.102000,0.146000,0.891000,-5.695000,-7.611000,-21.817000,28.620000
0.684,-0.086000,0.158000,0.895000,-5.275000,-14.595000,-22.405000,28.580000
0.691,-0.042000,0.179000,0.901000,-4.618000,-19.260000,-20.298000,28.580000
0.703,0.014000,0.178000,0.892000,-6.092000,-15.908000,-21.336000,28.620000
0.709,0.051000,0.166000,0.884000,-7.092000,-8.565000,-21.893000,28.620000
0.722,0.059000,0.177000,0.887000,-8.664000,0.771000,-19.183000,28.580000
0.731,0.000000,0.185000,0.885000,-11.412000,5.473000,-15.802000,28.580000
0.742,-0.068000,0.163000,0.876000,-10.160000,3.550000,-15.748000,28.580000
0.754,-0.105000,0.173000,0.869000,-7.863000,-2.550000,-17.565000,28.530000
0.760,-0.070000,0.160000,0.836000,-8.130000,-6.328000,-19.641000,28.620000
0.772,-0.031000,0.100000,0.814000,-5.145000,-6.260000,-16.924000,28.480000
0.781,-0.067000,0.072000,0.823000,-0.221000,-3.092000,-12.809000,28.670000
0.792,-0.139000,0.083000,0.851000,3.473000,-2.489000,-11.702000,28.580000
0.800,-0.199000,0.134000,0.927000,3.344000,-2.992000,-13.763000,28.620000
0.811,-0.238000,0.197000,0.975000,-1.733000,-2.511000,-17.466000,28.530000
0.823,-0.249000,0.176000,0.980000,-3.924000,-5.260000,-23.237000,28.580000
0.832,-0.214000,0.207000,0.975000,-6.137000,-5.344000,-29.908000,28.670000
0.843,-0.153000,0.181000,0.931000,-7.023000,-8.115000,-32.962000,28.620000
0.850,-0.118000,0.128000,0.894000,-4.679000,-9.214000,-32.954000,28.530000
0.861,-0.115000,0.145000,0.877000,-2.130000,-11.580000,-30.473000,28.580000
0.868,-0.166000,0.125000,0.890000,0.672000,-20.015000,-28.198000,28.580000
0.882,-0.184000,0.139000,0.913000,4.725000,-28.321000,-29.733000,28.580000
0.893,-0.148000,0.206000,0.916000,2.847000,-31.290000,-33.000000,28.530000
0.901,-0.087000,0.169000,0.891000,2.321000,-30.611000,-38.244000,28.620000
0.912,-0.039000,0.168000,0.880000,4.664000,-23.992000,-43.450000,28.670000
0.919,0.005000,0.167000,0.903000,5.321000,-18.557000,-43.947000,28.580000
0.932,-0.005000,0.182000,0.929000,4.870000,-14.710000,-42.031000,28.580000
0.939,-0.021000,0.208000,0.970000,0.725000,-11.031000,-38.771000,28.620000
0.951,-0.033000,0.206000,0.971000,-4.733000,-5.809000,-37.015000,28.530000
0.963,-0.045000,0.210000,0.935000,-10.534000,-1.885000,-36.893000,28.670000
0.970,-0.048000,0.171000,0.872000,-9.168000,0.763000,-40.939000,28.670000
0.982,-0.063000,0.162000,0.823000,-7.244000,0.122000,-43.969000,28.580000
0.990,-0.088000,0.124000,0.800000,-3.008000,-6.122000,-46.756000,28.620000
1.001,-0.054000,0.128000,0.792000,3.679000,-14.992000,-49.176000,28.530000
1.014,-0.051000,0.160000,0.846000,7.855000,-23.504000,-47.427000,28.670000
1.020,-0.053000,0.182000,0.883000,10.282000,-32.099000,-44.412000,28.580000
1.033,-0.045000,0.230000,0.932000,10.939000,-39.725000,-45.229000,28.620000
1.040,0.015000,0.260000,0.957000,10.237000,-43.893000,-49.786000,28.620000
1.052,0.091000,0.247000,0.967000,8.656000,-43.382000,-53.412000,28.620000
1.059,0.179000,0.239000,0.981000,6.794000,-36.504000,-55.420000,28.580000
1.071,0.243000,0.236000,1.030000,5.664000,-26.992000,-52.840000,28.670000
1.084,0.254000,0.253000,1.080000,0.244000,-12.725000,-48.237000,28.620000
1.091,0.222000,0.269000,1.089000,-7.275000,0.527000,-41.336000,28.620000
1.103,0.150000,0.280000,1.067000,-14.740000,11.832000,-37.702000,28.620000
1.110,0.056000,0.231000,1.003000,-17.160000,11.252000,-36.748000,28.580000
1.122,-0.014000,0.199000,0.938000,-13.145000,3.954000,-39.176000,28.580000
1.129,-0.069000,0.188000,0.942000,-8.748000,-11.450000,-39.458000,28.620000
1.142,-0.057000,0.192000,0.941000,-5.489000,-24.824000,-41.924000,28.620000
1.153,-0.003000,0.198000,0.964000,-3.962000,-33.046000,-44.275000,28.480000
1.160,0.049000,0.190000,0.973000,-2.214000,-35.427000,-45.275000,28.580000
1.172,0.098000,0.205000,1.025000,-1.122000,-32.153000,-46.489000,28.670000
1.181,0.105000,0.238000,1.080000,-2.511000,-26.893000,-46.588000,28.580000
1.192,0.059000,0.250000,1.131000,-6.244000,-23.870000,-42.290000,28.620000
1.199,0.012000,0.273000,1.157000,-9.496000,-22.489000,-38.939000,28.580000
1.210,-0.011000,0.287000,1.176000,-14.748000,-21.130000,-37.557000,28.670000
1.223,-0.058000,0.299000,1.157000,-20.969000,-21.076000,-39.481000,28.580000
1.231,-0.077000,0.287000,1.106000,-26.603000,-21.145000,-45.878000,28.620000
1.241,-0.066000,0.283000,1.014000,-32.038000,-23.763000,-52.183000,28.530000
1.254,-0.024000,0.202000,0.918000,-28.618000,-27.672000,-58.229000,28.670000
1.260,0.038000,0.182000,0.882000,-24.351000,-31.183000,-61.053000,28.580000
1.272,0.148000,0.210000,0.906000,-21.366000,-25.885000,-62.221000,28.530000
1.282,0.183000,0.223000,0.939000,-21.641000,-18.588000,-57.206000,28.620000
1.292,0.152000,0.229000,0.955000,-20.092000,-12.626000,-55.221000,28.620000
1.297,0.125000,0.253000,0.972000,-22.359000,-8.443000,-54.893000,28.670000
1.311,0.090000,0.225000,0.963000,-24.847000,-8.168000,-54.298000,28.580000
1.323,0.090000,0.231000,0.935000,-26.015000,-8.305000,-55.122000,28.530000
1.331,0.086000,0.215000,0.890000,-27.466000,-11.069000,-54.603000,28.620000
1.342,0.072000,0.184000,0.865000,-25.985000,-18.153000,-51.962000,28.580000
1.350,0.077000,0.159000,0.821000,-20.847000,-24.290000,-53.405000,28.580000
1.361,0.122000,0.155000,0.847000,-15.885000,-28.580000,-52.519000,28.580000
1.373,0.150000,0.177000,0.870000,-12.939000,-32.382000,-49.550000,28.580000
1.381,0.167000,0.191000,0.936000,-16.382000,-30.084000,-46.992000,28.720000
1.392,0.167000,0.185000,0.982000,-17.443000,-25.718000,-45.718000,28.580000
1.399,0.178000,0.213000,1.015000,-21.160000,-20.855000,-44.931000,28.670000
1.411,0.164000,0.217000,0.994000,-27.359000,-15.084000,-43.901000,28.620000
1.423,0.184000,0.206000,0.968000,-33.015000,-7.183000,-44.802000,28.620000
1.430,0.158000,0.178000,0.939000,-34.084000,-2.305000,-45.511000,28.620000
1.443,0.085000,0.146000,0.894000,-31.939000,-4.771000,-46.344000,28.580000
1.450,0.091000,0.127000,0.898000,-28.382000,-5.656000,-48.763000,28.580000
1.461,0.044000,0.130000,0.874000,-27.618000,-16.557000,-48.588000,28.530000
1.467,0.058000,0.129000,0.888000,-25.969000,-21.603000,-51.160000,28.720000
1.481,0.099000,0.154000,0.901000,-24.542000,-24.557000,-53.962000,28.620000
1.493,0.140000,0.171000,0.903000,-26.198000,-22.260000,-56.427000,28.670000
1.501,0.156000,0.162000,0.871000,-26.817000,-19.634000,-58.137000,28.670000
1.512,0.196000,0.161000,0.854000,-26.992000,-13.718000,-62.275000,28.530000
1.518,0.213000,0.156000,0.863000,-26.634000,-10.420000,-63.618000,28.620000
1.531,0.205000,0.134000,0.847000,-26.321000,-9.832000,-62.794000,28.580000
1.544,0.225000,0.154000,0.864000,-27.328000,-13.191000,-60.550000,28.670000
1.551,0.245000,0.215000,0.910000,-32.153000,-23.344000,-51.595000,28.670000
1.562,0.304000,0.219000,0.948000,-40.634000,-24.328000,-44.092000,28.530000
1.569,0.385000,0.195000,0.951000,-45.412000,-17.221000,-39.527000,28.620000
1.582,0.421000,0.140000,0.928000,-47.481000,0.046000,-36.328000,28.670000
1.594,0.403000,0.109000,0.877000,-47.618000,20.267000,-34.107000,28.580000
1.601,0.322000,0.039000,0.869000,-36.122000,30.504000,-31.664000,28.620000
1.613,0.153000,0.015000,0.855000,-32.198000,28.687000,-31.046000,28.620000
1.619,0.035000,0.017000,0.886000,-26.908000,12.634000,-29.794000,28.530000
1.632,-0.009000,0.055000,0.927000,-23.809000,-7.664000,-30.618000,28.580000
1.639,0.048000,0.061000,0.936000,-23.626000,-19.252000,-34.992000,28.580000
1.651,0.151000,0.052000,0.939000,-22.679000,-20.863000,-39.145000,28.530000
1.663,0.191000,0.041000,0.920000,-22.977000,-14.916000,-43.718000,28.620000
1.669,0.160000,0.017000,0.919000,-18.977000,-10.366000,-49.076000,28.580000
1.682,0.085000,0.065000,0.946000,-15.282000,-15.015000,-53.878000,28.580000
1.689,0.079000,0.094000,0.967000,-18.084000,-20.206000,-57.756000,28.580000
1.701,0.135000,0.090000,0.936000,-21.481000,-22.824000,-59.947000,28.620000
1.713,0.201000,0.058000,0.911000,-20.420000,-19.985000,-62.557000,28.620000
1.720,0.229000,0.045000,0.892000,-16.336000,-16.008000,-63.771000,28.580000
1.732,0.199000,0.029000,0.874000,-11.840000,-16.176000,-65.611000,28.580000
1.740,0.175000,0.058000,0.879000,-8.565000,-19.779000,-69.229000,28.580000
1.751,0.166000,0.090000,0.899000,-8.366000,-25.557000,-70.893000,28.530000
1.763,0.178000,0.103000,0.896000,-8.618000,-32.603000,-69.489000,28.530000
1.770,0.220000,0.119000,0.907000,-10.176000,-35.122000,-66.962000,28.580000
1.783,0.260000,0.137000,0.925000,-12.511000,-35.664000,-64.305000,28.580000
1.790,0.286000,0.106000,0.943000,-14.076000,-30.527000,-62.427000,28.620000
1.801,0.314000,0.106000,0.943000,-15.267000,-22.275000,-62.885000,28.620000
1.814,0.265000,0.095000,0.939000,-16.489000,-20.794000,-59.489000,28.620000
1.820,0.212000,0.092000,0.922000,-16.000000,-22.000000,-56.443000,28.580000
1.833,0.188000,0.117000,0.906000,-18.740000,-25.962000,-51.718000,28.580000
1.840,0.171000,0.108000,0.884000,-21.519000,-30.359000,-47.397000,28.720000
1.852,0.206000,0.134000,0.884000,-22.695000,-28.382000,-47.580000,28.720000
1.857,0.207000,0.115000,0.866000,-24.321000,-28.160000,-46.855000,28.620000
1.870,0.200000,0.059000,0.836000,-22.771000,-26.252000,-49.405000,28.580000
1.883,0.178000,0.068000,0.825000,-20.977000,-29.809000,-50.710000,28.580000
1.890,0.129000,0.034000,0.832000,-18.977000,-40.290000,-48.084000,28.530000
1.902,0.109000,0.038000,0.848000,-19.053000,-50.534000,-46.611000,28.620000
1.909,0.155000,0.060000,0.867000,-18.145000,-56.550000,-52.710000,28.580000
1.921,0.230000,0.077000,0.898000,-18.939000,-53.183000,-60.153000,28.580000
1.933,0.309000,0.093000,0.897000,-20.840000,-43.420000,-67.504000,28.670000
1.940,0.346000,0.115000,0.889000,-20.397000,-35.817000,-71.176000,28.620000
1.952,0.321000,0.091000,0.883000,-18.450000,-33.336000,-68.511000,28.620000
1.959,0.246000,0.089000,0.880000,-17.336000,-42.992000,-60.519000,28.580000
1.971,0.240000,0.073000,0.902000,-19.786000,-54.244000,-55.840000,28.580000
1.983,0.332000,0.100000,0.908000,-26.313000,-55.038000,-54.870000,28.620000
1.991,0.445000,0.086000,0.889000,-27.634000,-44.718000,-58.885000,28.620000
2.002,0.504000,0.074000,0.849000,-23.908000,-32.481000,-63.107000,28.530000
2.009,0.531000,0.073000,0.805000,-22.351000,-21.656000,-63.534000,28.670000
2.021,0.498000,0.072000,0.784000,-19.473000,-21.382000,-57.397000,28.580000
2.033,0.456000,0.046000,0.802000,-13.870000,-23.802000,-51.382000,28.620000
2.041,0.415000,0.056000,0.837000,-16.137000,-29.985000,-42.885000,28.620000
2.053,0.441000,0.059000,0.891000,-18.015000,-28.634000,-42.076000,28.580000
2.059,0.503000,0.081000,0.935000,-18.885000,-16.672000,-47.634000,28.670000
2.072,0.529000,0.114000,0.915000,-23.496000,-1.260000,-53.107000,28.580000
2.084,0.552000,0.095000,0.866000,-24.107000,11.977000,-54.702000,28.530000
2.091,0.480000,0.049000,0.802000,-20.053000,14.450000,-49.847000,28.620000
2.103,0.351000,0.096000,0.786000,-17.153000,4.252000,-38.985000,28.670000
2.109,0.249000,0.086000,0.800000,-16.992000,-10.397000,-32.824000,28.670000
2.122,0.239000,0.080000,0.848000,-23.069000,-20.328000,-24.794000,28.580000
2.130,0.270000,0.049000,0.868000,-20.893000,-23.435000,-30.359000,28.720000
2.141,0.338000,0.098000,0.876000,-18.756000,-18.954000,-42.206000,28.620000
2.153,0.398000,0.114000,0.848000,-22.779000,-12.115000,-48.000000,28.670000
2.160,0.551000,0.086000,0.787000,-24.695000,6.771000,-52.305000,28.580000
2.172,0.604000,0.056000,0.754000,-21.084000,27.229000,-50.313000,28.620000
2.182,0.446000,-0.023000,0.774000,-13.962000,32.069000,-43.282000,28.720000
2.192,0.285000,0.025000,0.827000,-10.130000,26.527000,-43.359000,28.530000
2.203,0.237000,0.088000,0.899000,-13.977000,12.573000,-46.771000,28.670000
2.210,0.256000,0.112000,0.934000,-19.015000,-3.412000,-49.374000,28.670000
2.223,0.358000,0.103000,0.914000,-21.695000,-12.336000,-52.328000,28.620000
2.232,0.469000,0.082000,0.873000,-23.282000,-12.397000,-49.725000,28.620000
2.242,0.559000,0.064000,0.843000,-24.603000,-4.275000,-44.740000,28.670000
2.249,0.573000,0.027000,0.825000,-24.786000,7.534000,-42.954000,28.670000
2.261,0.456000,-0.018000,0.828000,-21.489000,7.458000,-43.649000,28.670000
2.273,0.391000,-0.024000,0.825000,-16.725000,1.183000,-52.015000,28.620000
2.281,0.564000,0.021000,0.853000,-16.160000,2.870000,-58.573000,28.720000
2.293,0.720000,0.037000,0.877000,-15.000000,15.511000,-53.832000,28.580000
2.300,0.759000,0.051000,0.859000,-13.832000,35.420000,-45.382000,28.580000
2.312,0.724000,0.071000,0.828000,-15.344000,54.779000,-40.748000,28.580000
2.318,0.647000,0.032000,0.791000,-13.076000,72.870000,-35.977000,28.620000
2.331,0.495000,0.001000,0.777000,-15.771000,59.427000,-28.229000,28.580000
2.343,0.382000,-0.054000,0.800000,-7.298000,55.359000,-29.756000,28.580000
2.351,0.252000,-0.042000,0.822000,-2.298000,26.908000,-26.779000,28.580000
2.362,0.242000,-0.025000,0.876000,3.092000,-2.084000,-28.267000,28.720000
2.369,0.332000,0.027000,0.908000,0.840000,-13.328000,-31.672000,28.720000
2.382,0.521000,0.055000,0.919000,-2.557000,-9.473000,-29.366000,28.580000
2.390,0.649000,0.064000,0.895000,-5.000000,10.855000,-29.733000,28.670000
2.401,0.730000,0.070000,0.839000,-6.061000,42.588000,-31.840000,28.620000
2.413,0.668000,0.012000,0.790000,-5.405000,67.840000,-28.733000,28.620000
2.420,0.496000,0.014000,0.766000,-1.763000,73.084000,-23.504000,28.530000
2.433,0.321000,0.039000,0.798000,3.008000,60.336000,-19.511000,28.480000
2.440,0.195000,0.059000,0.820000,3.458000,32.840000,-11.473000,28.580000
2.452,0.198000,0.042000,0.831000,4.519000,10.466000,-3.328000,28.620000
2.460,0.313000,0.071000,0.852000,3.939000,9.382000,4.901000,28.720000
2.472,0.370000,0.027000,0.835000,4.634000,19.931000,1.031000,28.530000
2.480,0.322000,-0.007000,0.823000,7.733000,37.099000,-13.847000,28.580000
2.492,0.135000,-0.053000,0.849000,14.382000,31.069000,-24.176000,28.670000
2.499,0.023000,-0.001000,0.915000,16.672000,4.389000,-31.107000,28.580000
2.511,0.294000,-0.050000,1.131000,16.321000,-12.809000,-34.573000,28.620000
2.523,0.299000,0.069000,0.955000,7.542000,-37.840000,-32.962000,28.580000
2.531,0.515000,0.068000,0.952000,8.695000,-35.290000,-27.473000,28.580000
2.543,0.659000,0.089000,0.936000,2.718000,-15.046000,-21.588000,28.670000
2.550,0.671000,0.083000,0.883000,-0.595000,6.595000,-16.458000,28.720000
2.562,0.562000,0.053000,0.848000,-1.290000,17.580000,-10.435000,28.620000
2.569,0.432000,0.006000,0.839000,4.626000,15.809000,-6.031000,28.670000
2.582,0.342000,0.001000,0.840000,6.176000,3.893000,-0.336000,28.670000
2.590,0.349000,0.015000,0.843000,7.916000,-3.328000,-0.168000,28.580000
2.601,0.402000,-0.008000,0.851000,7.359000,-3.870000,-2.313000,28.620000
2.614,0.503000,0.018000,0.853000,9.786000,12.885000,-8.786000,28.620000
2.621,0.470000,0.015000,0.885000,9.504000,25.183000,-9.687000,28.580000
2.633,0.341000,0.069000,0.790000,13.779000,36.008000,-13.122000,28.580000
2.640,0.274000,0.035000,0.934000,14.893000,24.061000,-11.053000,28.720000
2.652,0.219000,0.021000,0.996000,16.305000,5.939000,-7.389000,28.620000
2.660,0.245000,0.085000,1.055000,15.588000,-5.107000,-5.969000,28.620000
2.672,0.311000,0.095000,1.012000,9.725000,-7.176000,-4.725000,28.670000
2.682,0.371000,0.083000,0.960000,8.649000,2.099000,-9.015000,28.580000
2.692,0.387000,0.091000,0.923000,5.214000,15.550000,-12.725000,28.670000
2.699,0.312000,0.036000,0.886000,5.924000,22.962000,-15.649000,28.620000
2.711,0.228000,0.026000,0.882000,9.779000,22.122000,-16.237000,28.530000
2.718,0.079000,0.008000,0.915000,13.557000,3.221000,-9.641000,28.670000
2.731,-0.034000,-0.030000,0.982000,18.450000,-24.336000,-2.824000,28.670000
2.743,-0.001000,0.028000,1.087000,24.931000,-43.718000,4.267000,28.620000
2.750,0.039000,0.095000,1.094000,22.382000,-59.710000,4.237000,28.530000
2.762,0.195000,0.161000,1.070000,19.160000,-56.023000,-11.336000,28.720000
2.769,0.421000,0.223000,0.990000,8.229000,-41.351000,-34.618000,28.580000
2.782,0.627000,0.224000,0.917000,-4.168000,-19.718000,-53.985000,28.580000
2.789,0.691000,0.092000,0.838000,-10.466000,-10.756000,-53.099000,28.620000
2.801,0.654000,-0.075000,0.794000,-2.695000,-15.664000,-35.725000,28.720000
2.813,0.671000,-0.048000,0.826000,8.634000,-26.634000,-9.786000,28.720000
2.820,0.689000,0.043000,0.878000,8.107000,-26.275000,13.962000,28.580000
2.834,0.710000,0.068000,0.921000,9.550000,-9.092000,25.481000,28.670000
2.840,0.612000,0.122000,0.951000,10.290000,18.000000,26.924000,28.620000
2.852,0.400000,0.119000,0.946000,6.344000,32.122000,18.435000,28.530000
2.859,0.209000,0.068000,0.940000,6.771000,27.366000,6.695000,28.580000
2.872,0.123000,0.067000,0.951000,5.656000,3.939000,1.069000,28.580000
2.879,0.164000,0.071000,0.939000,4.931000,-24.641000,-2.359000,28.670000
2.892,0.347000,0.096000,0.917000,4.298000,-40.672000,-3.748000,28.670000
2.899,0.539000,0.090000,0.896000,3.450000,-40.954000,2.275000,28.720000
2.911,0.635000,0.109000,0.906000,4.496000,-23.733000,8.435000,28.480000
2.924,0.631000,0.130000,0.895000,2.672000,-4.863000,10.725000,28.580000
2.934,0.529000,0.077000,0.880000,2.954000,6.405000,10.252000,28.530000
2.944,0.435000,0.066000,0.914000,5.328000,6.313000,11.061000,28.620000
2.951,0.393000,0.106000,0.948000,4.221000,-4.473000,13.000000,28.620000
2.963,0.401000,0.132000,0.965000,-0.046000,-15.107000,12.405000,28.670000
2.970,0.467000,0.127000,0.945000,-5.649000,-21.771000,11.527000,28.580000
2.984,0.573000,0.125000,0.883000,-8.000000,-18.992000,12.588000,28.620000
2.991,0.648000,0.070000,0.801000,-8.519000,-7.573000,13.794000,28.620000
3.002,0.701000,0.006000,0.752000,-2.725000,10.985000,15.344000,28.620000
3.009,0.639000,0.011000,0.789000,6.992000,21.176000,19.183000,28.580000
3.022,0.491000,0.057000,0.892000,9.328000,20.290000,25.435000,28.580000
3.030,0.413000,0.119000,0.952000,5.214000,7.656000,29.397000,28.530000
3.042,0.397000,0.152000,0.949000,-2.038000,-6.214000,31.748000,28.530000
3.054,0.442000,0.088000,0.886000,-8.031000,-16.298000,29.595000,28.670000
3.060,0.578000,0.041000,0.810000,-5.198000,-14.893000,28.542000,28.480000
3.073,0.660000,0.035000,0.779000,0.679000,-8.023000,34.649000,28.580000
3.081,0.621000,0.052000,0.802000,6.168000,-2.641000,42.443000,28.580000
3.093,0.495000,0.096000,0.868000,7.641000,-6.084000,48.580000,28.620000
3.101,0.411000,0.075000,0.897000,7.374000,-14.053000,51.000000,28.580000
3.112,0.423000,0.097000,0.908000,8.733000,-16.221000,50.298000,28.670000
3.119,0.398000,0.115000,0.884000,5.565000,-18.557000,47.580000,28.580000
3.132,0.393000,0.087000,0.886000,5.908000,-19.611000,41.260000,28.620000
3.140,0.409000,0.109000,0.889000,6.649000,-21.427000,38.290000,28.620000
3.152,0.482000,0.137000,0.893000,5.748000,-20.542000,36.321000,28.580000
3.164,0.524000,0.143000,0.888000,3.511000,-19.336000,37.160000,28.670000
3.171,0.533000,0.124000,0.882000,3.282000,-16.145000,39.275000,28.670000
3.184,0.538000,0.117000,0.874000,1.557000,-12.649000,43.092000,28.620000
3.190,0.531000,0.111000,0.852000,0.954000,-8.794000,44.595000,28.530000
3.202,0.530000,0.085000,0.827000,-0.298000,-3.191000,43.534000,28.670000
3.210,0.523000,0.058000,0.804000,-0.389000,-0.145000,43.908000,28.670000
3.222,0.534000,0.045000,0.797000,3.580000,1.626000,45.237000,28.620000
3.231,0.536000,0.078000,0.820000,4.252000,3.679000,48.137000,28.620000
3.242,0.518000,0.089000,0.826000,2.397000,3.183000,51.122000,28.620000
3.251,0.492000,0.062000,0.827000,2.351000,1.656000,53.008000,28.670000
3.262,0.468000,0.063000,0.815000,5.618000,-1.176000,54.473000,28.580000
3.269,0.483000,0.035000,0.788000,6.237000,-1.557000,53.924000,28.670000
3.282,0.527000,0.035000,0.800000,10.137000,2.794000,54.748000,28.530000
3.291,0.533000,0.065000,0.834000,13.863000,10.046000,56.649000,28.580000
3.302,0.473000,0.086000,0.859000,13.443000,15.282000,58.565000,28.580000
3.314,0.420000,0.117000,0.872000,9.489000,16.305000,57.206000,28.670000
3.321,0.370000,0.084000,0.875000,7.344000,11.176000,55.000000,28.620000
3.333,0.355000,0.063000,0.868000,8.130000,2.176000,53.901000,28.530000
3.341,0.423000,0.083000,0.860000,10.603000,-3.672000,54.969000,28.670000
3.353,0.490000,0.090000,0.867000,10.344000,1.122000,56.260000,28.580000
3.360,0.530000,0.117000,0.877000,12.168000,11.061000,55.542000,28.620000
3.373,0.511000,0.104000,0.883000,9.527000,20.687000,53.519000,28.620000
3.381,0.465000,0.080000,0.870000,8.511000,26.450000,53.832000,28.620000
3.393,0.422000,0.073000,0.869000,9.412000,24.962000,55.870000,28.580000
3.400,0.345000,0.050000,0.883000,9.985000,15.595000,60.733000,28.580000
3.412,0.334000,0.046000,0.883000,12.031000,3.878000,64.153000,28.530000
3.419,0.343000,0.075000,0.905000,11.901000,-5.916000,67.260000,28.530000
3.431,0.357000,0.095000,0.874000,9.977000,-7.664000,66.786000,28.580000
3.439,0.433000,0.081000,0.840000,7.687000,-0.206000,63.252000,28.580000
3.451,0.457000,0.057000,0.790000,9.634000,9.069000,62.496000,28.670000
3.464,0.479000,0.013000,0.755000,18.076000,22.000000,59.939000,28.580000
3.470,0.492000,0.058000,0.810000,23.969000,36.580000,61.069000,28.620000
3.483,0.391000,0.113000,0.883000,24.145000,41.153000,64.656000,28.670000
3.491,0.288000,0.138000,0.911000,21.328000,36.588000,65.565000,28.580000
3.502,0.292000,0.155000,0.909000,14.412000,32.916000,66.427000,28.530000
3.509,0.337000,0.108000,0.831000,10.237000,33.718000,66.237000,28.530000
3.522,0.359000,0.080000,0.768000,10.649000,40.924000,66.565000,28.530000
3.531,0.364000,0.055000,0.717000,13.504000,50.344000,65.611000,28.580000
3.542,0.267000,0.042000,0.697000,18.122000,52.519000,69.435000,28.670000
3.549,0.160000,0.034000,0.751000,28.855000,44.771000,73.550000,28.620000
3.561,0.042000,0.090000,0.862000,32.817000,27.496000,76.962000,28.620000
3.574,-0.017000,0.129000,0.949000,33.046000,7.061000,73.924000,28.670000
3.581,0.074000,0.190000,0.995000,27.229000,-1.931000,63.954000,28.670000
3.594,0.197000,0.187000,0.994000,19.229000,-1.901000,56.000000,28.580000
3.601,0.283000,0.139000,0.968000,14.962000,4.901000,53.611000,28.620000
3.612,0.290000,0.126000,0.931000,13.588000,10.153000,56.038000,28.620000
3.620,0.260000,0.114000,0.910000,11.359000,9.885000,59.550000,28.580000
3.634,0.224000,0.082000,0.897000,11.786000,5.870000,61.924000,28.580000
3.640,0.182000,0.090000,0.906000,13.084000,-1.305000,63.992000,28.670000
3.652,0.164000,0.077000,0.910000,14.718000,-7.954000,62.710000,28.620000
3.659,0.205000,0.110000,0.902000,13.084000,-9.786000,60.092000,28.620000
3.671,0.252000,0.073000,0.907000,14.069000,-9.969000,55.901000,28.670000
3.684,0.307000,0.073000,0.907000,16.191000,-5.687000,53.565000,28.580000
3.692,0.330000,0.077000,0.913000,15.679000,-2.595000,54.496000,28.530000
3.703,0.320000,0.068000,0.895000,16.298000,-2.130000,54.809000,28.530000
3.710,0.331000,0.055000,0.912000,18.252000,-4.046000,55.359000,28.530000
3.723,0.356000,0.078000,0.927000,18.107000,-5.458000,59.153000,28.580000
3.731,0.390000,0.081000,0.938000,16.924000,-2.473000,61.916000,28.580000
3.742,0.405000,0.102000,0.925000,13.893000,4.122000,63.282000,28.620000
3.750,0.384000,0.068000,0.904000,12.351000,9.618000,63.168000,28.620000
3.762,0.363000,0.075000,0.881000,13.924000,13.611000,62.382000,28.580000
3.769,0.319000,0.070000,0.872000,15.290000,11.534000,64.412000,28.580000
3.782,0.283000,0.051000,0.868000,17.885000,8.672000,67.008000,28.580000
3.789,0.296000,0.074000,0.892000,21.122000,9.290000,66.672000,28.620000
3.801,0.369000,0.133000,0.906000,20.870000,19.176000,65.061000,28.620000
3.813,0.422000,0.133000,0.884000,18.634000,39.534000,63.252000,28.670000
3.820,0.426000,0.115000,0.870000,18.527000,60.809000,59.221000,28.580000
3.833,0.301000,0.089000,0.847000,20.786000,66.084000,59.542000,28.580000
3.841,0.111000,0.034000,0.884000,25.168000,51.985000,63.191000,28.670000
3.852,0.030000,0.093000,0.947000,25.893000,24.244000,68.924000,28.530000
3.860,0.070000,0.103000,1.011000,24.511000,2.214000,71.504000,28.670000
3.872,0.155000,0.168000,1.037000,19.107000,-6.023000,70.870000,28.480000
3.880,0.268000,0.144000,0.999000,13.450000,3.084000,62.603000,28.580000
3.892,0.369000,0.102000,0.932000,10.473000,22.802000,54.000000,28.620000
3.899,0.376000,0.045000,0.871000,12.809000,38.115000,49.542000,28.620000
3.911,0.279000,0.021000,0.856000,18.771000,37.344000,51.038000,28.670000
3.923,0.224000,0.087000,0.907000,22.695000,25.595000,55.733000,28.580000
3.931,0.225000,0.151000,0.943000,18.427000,11.794000,64.817000,28.620000
3.944,0.264000,0.131000,0.958000,15.641000,6.588000,71.740000,28.720000
3.950,0.310000,0.154000,0.931000,13.427000,13.496000,72.947000,28.530000
3.962,0.337000,0.155000,0.881000,12.313000,28.450000,70.305000,28.580000
3.969,0.303000,0.114000,0.835000,12.908000,42.504000,65.145000,28.580000
3.983,0.208000,0.078000,0.812000,16.870000,44.878000,64.282000,28.620000
3.989,0.085000,0.055000,0.833000,21.763000,31.794000,68.435000,28.620000
4.002,0.041000,0.065000,0.878000,25.809000,13.252000,74.176000,28.620000
4.009,0.057000,0.126000,0.939000,27.565000,0.160000,79.504000,28.670000
4.021,0.069000,0.155000,0.975000,25.443000,-4.107000,80.389000,28.580000
4.034,0.064000,0.165000,0.991000,22.656000,0.198000,76.244000,28.670000
4.042,0.067000,0.159000,0.977000,16.878000,7.504000,69.893000,28.530000
4.053,0.065000,0.125000,0.951000,13.710000,13.435000,64.252000,28.620000
4.060,0.108000,0.093000,0.900000,14.847000,20.954000,57.733000,28.580000
4.073,0.129000,0.076000,0.886000,16.580000,28.519000,53.580000,28.580000
4.081,0.105000,0.080000,0.913000,19.481000,32.893000,51.771000,28.620000
4.092,0.094000,0.121000,0.953000,19.443000,34.183000,51.420000,28.620000
4.100,0.068000,0.149000,0.987000,16.244000,33.916000,52.763000,28.620000
4.112,0.040000,0.155000,0.989000,10.244000,34.046000,52.962000,28.670000
4.119,0.051000,0.165000,0.950000,3.687000,39.107000,48.122000,28.580000
4.133,0.015000,0.117000,0.886000,1.931000,37.786000,42.168000,28.620000
4.140,-0.026000,0.028000,0.848000,4.550000,30.275000,37.618000,28.530000
4.151,-0.028000,0.034000,0.848000,10.084000,14.855000,37.008000,28.580000
4.163,0.016000,0.030000,0.877000,14.855000,-2.168000,41.099000,28.580000
4.170,0.094000,0.060000,0.925000,18.588000,-11.183000,46.153000,28.670000
4.184,0.171000,0.118000,0.975000,18.290000,-9.023000,52.427000,28.530000
4.190,0.212000,0.158000,0.997000,14.099000,6.870000,55.252000,28.620000
4.202,0.230000,0.149000,0.973000,8.603000,30.695000,51.191000,28.670000
4.209,0.153000,0.084000,0.955000,8.107000,47.809000,45.008000,28.580000
4.222,0.037000,0.065000,0.934000,10.435000,52.901000,42.786000,28.580000
4.230,-0.051000,0.100000,0.932000,10.313000,42.221000,44.191000,28.580000
4.243,-0.108000,0.100000,0.944000,9.985000,25.718000,47.160000,28.620000
4.248,-0.104000,0.090000,0.949000,9.267000,13.595000,47.336000,28.580000
4.261,-0.038000,0.096000,0.934000,10.847000,11.267000,43.679000,28.580000
4.273,-0.003000,0.086000,0.930000,11.008000,19.573000,35.756000,28.620000
4.281,0.022000,0.095000,0.923000,10.435000,31.412000,27.435000,28.620000
4.293,-0.046000,0.082000,0.888000,7.725000,30.878000,21.893000,28.720000
4.300,-0.120000,0.013000,0.878000,11.679000,14.710000,20.099000,28.670000
4.312,-0.100000,0.063000,0.932000,17.985000,-5.947000,26.931000,28.670000
4.319,-0.033000,0.140000,0.975000,17.763000,-27.481000,39.214000,28.620000
4.332,-0.017000,0.126000,1.003000,14.221000,-40.053000,49.634000,28.620000
4.343,0.069000,0.136000,1.002000,12.397000,-32.137000,49.260000,28.620000
4.353,0.183000,0.174000,0.991000,6.756000,-7.725000,40.802000,28.670000
4.363,0.218000,0.106000,0.943000,6.000000,21.985000,29.176000,28.580000
4.370,0.199000,0.092000,0.915000,9.695000,48.740000,20.870000,28.620000
4.383,0.107000,0.116000,0.906000,8.298000,56.832000,20.641000,28.620000
4.390,0.013000,0.062000,0.900000,10.557000,51.893000,23.924000,28.620000
4.402,-0.017000,0.094000,0.906000,12.000000,41.740000,31.603000,28.670000
4.409,-0.024000,0.081000,0.924000,14.290000,31.305000,38.260000,28.670000
4.422,-0.018000,0.109000,0.940000,15.771000,30.771000,38.550000,28.580000
4.431,-0.010000,0.108000,0.952000,16.908000,34.763000,31.145000,28.720000
4.442,-0.006000,0.145000,0.958000,14.710000,40.901000,23.282000,28.670000
4.453,-0.031000,0.098000,0.934000,10.145000,40.710000,21.885000,28.580000
4.460,-0.065000,0.052000,0.924000,12.366000,32.947000,23.595000,28.580000
4.472,-0.053000,0.104000,0.945000,13.313000,23.962000,25.939000,28.620000
4.481,-0.020000,0.104000,0.988000,11.611000,18.206000,28.702000,28.530000
4.493,0.011000,0.119000,1.006000,10.992000,19.115000,29.542000,28.670000
4.499,0.013000,0.158000,1.009000,7.267000,25.489000,28.863000,28.670000
4.512,-0.003000,0.170000,0.971000,1.359000,31.168000,28.496000,28.670000
4.519,-0.060000,0.104000,0.894000,-0.595000,31.863000,28.260000,28.620000
4.531,-0.087000,0.064000,0.837000,2.672000,26.603000,27.366000,28.530000
4.543,-0.088000,0.055000,0.838000,9.702000,20.275000,25.305000,28.580000
4.551,-0.080000,0.088000,0.853000,13.710000,15.809000,25.573000,28.580000
4.563,-0.061000,0.105000,0.866000,15.649000,15.198000,24.115000,28.580000
4.569,-0.032000,0.119000,0.873000,13.626000,22.748000,21.412000,28.720000
4.583,-0.050000,0.119000,0.867000,16.107000,32.282000,18.298000,28.620000
4.590,-0.074000,0.120000,0.862000,19.847000,41.885000,12.252000,28.670000
4.602,-0.123000,0.113000,0.857000,21.130000,43.847000,5.443000,28.670000
4.607,-0.140000,0.111000,0.834000,18.885000,40.710000,-0.870000,28.580000
4.621,-0.152000,0.092000,0.845000,22.947000,34.076000,-2.290000,28.620000
4.634,-0.138000,0.120000,0.850000,27.122000,28.878000,-0.290000,28.530000
4.641,-0.147000,0.125000,0.849000,30.756000,24.397000,1.687000,28.670000
4.653,-0.171000,0.145000,0.865000,33.000000,23.099000,-0.557000,28.580000
4.659,-0.173000,0.192000,0.864000,29.366000,26.298000,-7.427000,28.620000
4.672,-0.150000,0.182000,0.855000,25.481000,29.191000,-18.099000,28.620000
4.682,-0.115000,0.158000,0.853000,28.481000,32.649000,-28.489000,28.530000
4.692,-0.092000,0.146000,0.852000,31.183000,36.374000,-31.351000,28.580000
4.704,-0.115000,0.136000,0.874000,31.969000,34.443000,-28.122000,28.670000
4.710,-0.137000,0.141000,0.898000,34.115000,27.183000,-22.580000,28.620000
4.722,-0.149000,0.190000,0.919000,33.931000,19.519000,-15.260000,28.530000
4.731,-0.167000,0.183000,0.920000,28.374000,8.977000,-6.145000,28.530000
4.743,-0.143000,0.175000,0.920000,28.328000,2.160000,-2.489000,28.580000
4.749,-0.101000,0.207000,0.926000,27.809000,0.496000,-0.130000,28.670000
4.761,-0.097000,0.204000,0.934000,25.557000,0.924000,1.260000,28.620000
4.768,-0.073000,0.221000,0.950000,24.679000,3.573000,3.809000,28.530000
4.782,-0.079000,0.221000,0.951000,19.489000,8.802000,5.565000,28.530000
4.794,-0.062000,0.219000,0.934000,15.053000,16.687000,4.000000,28.580000
4.801,-0.071000,0.192000,0.918000,13.802000,21.252000,2.863000,28.670000
4.813,-0.076000,0.207000,0.927000,17.328000,25.641000,1.206000,28.580000
4.820,-0.117000,0.208000,0.951000,20.221000,22.954000,3.115000,28.620000
4.834,-0.142000,0.217000,0.976000,20.313000,18.359000,4.763000,28.580000
4.840,-0.146000,0.220000,0.974000,17.954000,11.565000,7.397000,28.770000
4.852,-0.123000,0.201000,0.970000,16.489000,6.542000,10.466000,28.580000
4.859,-0.080000,0.188000,0.950000,16.473000,6.092000,12.229000,28.620000
4.871,-0.088000,0.212000,0.976000,17.412000,7.939000,14.321000,28.530000
4.880,-0.111000,0.234000,1.003000,15.252000,10.802000,15.924000,28.670000
4.891,-0.111000,0.257000,1.017000,15.511000,15.038000,16.321000,28.580000
4.903,-0.088000,0.289000,0.990000,15.099000,25.702000,10.718000,28.670000
4.910,-0.061000,0.272000,0.977000,13.290000,35.939000,4.176000,28.620000
4.922,-0.057000,0.260000,0.969000,12.565000,45.099000,-0.603000,28.620000
4.932,-0.098000,0.254000,0.965000,11.573000,48.847000,2.282000,28.670000
4.944,-0.201000,0.236000,0.973000,11.809000,42.885000,8.527000,28.580000
4.950,-0.322000,0.239000,0.962000,10.954000,26.962000,13.802000,28.530000
4.962,-0.444000,0.215000,0.945000,13.107000,4.840000,14.519000,28.620000
4.968,-0.519000,0.226000,0.898000,17.267000,-17.122000,8.053000,28.720000
4.981,-0.522000,0.230000,0.860000,24.580000,-37.618000,-7.473000,28.670000
4.993,-0.415000,0.242000,0.822000,24.687000,-44.176000,-23.634000,28.580000
5.000,-0.253000,0.220000,0.812000,30.107000,-42.695000,-35.191000,28.670000
5.012,-0.124000,0.272000,0.861000,30.573000,-33.985000,-42.527000,28.620000
5.019,-0.033000,0.311000,0.907000,25.672000,-23.221000,-44.107000,28.620000
5.032,0.012000,0.313000,0.946000,25.206000,-22.191000,-38.008000,28.580000
5.044,0.052000,0.319000,0.988000,25.038000,-20.267000,-24.725000,28.580000
5.051,0.046000,0.289000,0.982000,19.267000,-18.481000,-3.420000,28.620000
5.063,0.000000,0.320000,0.968000,9.847000,-12.053000,16.786000,28.620000
5.070,-0.065000,0.304000,0.923000,6.153000,-8.824000,23.221000,28.620000
5.082,-0.115000,0.333000,0.927000,8.847000,-1.588000,15.076000,28.580000
5.091,-0.177000,0.318000,0.939000,5.618000,5.779000,5.786000,28.670000
5.103,-0.231000,0.248000,0.930000,4.817000,12.756000,-1.931000,28.530000
5.109,-0.272000,0.210000,0.935000,5.847000,13.344000,-5.840000,28.620000
5.121,-0.326000,0.204000,0.915000,6.137000,7.802000,-6.496000,28.620000
5.131,-0.356000,0.203000,0.915000,9.603000,-4.908000,-5.084000,28.580000
5.141,-0.346000,0.238000,0.883000,12.153000,-17.244000,-3.771000,28.480000
5.153,-0.272000,0.251000,0.851000,16.779000,-29.718000,-4.870000,28.620000
5.176,-0.150000,0.274000,0.841000,20.107000,-28.786000,-11.008000,28.530000
5.176,-0.088000,0.288000,0.852000,22.992000,-20.275000,-14.137000,28.580000
