time_sec,ax,ay,az,gx,gy,gz,temp_c
0.015,0.391000,0.693000,0.503000,-3.618000,-23.656000,-7.718000,29.000000
0.019,0.369000,0.702000,0.521000,-3.763000,-28.435000,-9.336000,29.140000
0.026,0.369000,0.706000,0.534000,-3.145000,-34.176000,-12.573000,29.050000
0.038,0.380000,0.704000,0.534000,-3.740000,-39.580000,-17.244000,29.090000
0.050,0.414000,0.694000,0.536000,-3.313000,-44.863000,-20.183000,29.000000
0.057,0.413000,0.680000,0.542000,-6.298000,-50.122000,-20.817000,29.140000
0.069,0.472000,0.670000,0.537000,-10.618000,-50.847000,-18.817000,29.050000
0.078,0.521000,0.664000,0.530000,-11.153000,-46.542000,-15.458000,29.000000
0.089,0.504000,0.680000,0.523000,-10.580000,-41.618000,-7.847000,29.090000
0.101,0.503000,0.685000,0.527000,-8.832000,-35.397000,-5.183000,29.190000
0.110,0.511000,0.707000,0.517000,-5.595000,-26.412000,-2.092000,29.140000
0.120,0.511000,0.719000,0.511000,-3.702000,-15.435000,0.267000,29.140000
0.127,0.498000,0.729000,0.527000,-0.786000,-7.763000,3.191000,29.050000
0.140,0.494000,0.727000,0.522000,-1.282000,-0.122000,5.992000,29.090000
0.147,0.486000,0.721000,0.510000,-0.221000,5.504000,9.137000,29.190000
0.160,0.457000,0.728000,0.530000,2.321000,7.412000,11.160000,29.140000
0.167,0.426000,0.729000,0.547000,0.924000,5.176000,11.198000,29.050000
0.180,0.434000,0.724000,0.519000,-0.611000,5.053000,12.992000,29.000000
0.187,0.433000,0.717000,0.509000,-4.237000,6.885000,12.626000,29.090000
0.199,0.443000,0.709000,0.508000,-8.031000,7.641000,12.359000,29.140000
0.206,0.424000,0.711000,0.490000,-7.000000,6.588000,10.931000,29.050000
0.219,0.429000,0.695000,0.489000,0.450000,4.458000,12.466000,29.050000
0.227,0.401000,0.689000,0.492000,8.481000,1.588000,12.336000,29.090000
0.239,0.382000,0.703000,0.496000,6.229000,-1.840000,9.947000,29.090000
0.246,0.393000,0.717000,0.520000,5.557000,-1.901000,7.542000,29.050000
0.259,0.419000,0.702000,0.512000,5.756000,-0.710000,4.122000,29.050000
0.266,0.425000,0.692000,0.507000,2.969000,-1.809000,0.977000,29.190000
0.280,0.441000,0.697000,0.529000,1.008000,-4.679000,-0.954000,29.090000
0.291,0.453000,0.699000,0.510000,-1.656000,-9.260000,0.237000,29.140000
0.298,0.485000,0.690000,0.514000,3.176000,-12.802000,0.076000,29.050000
0.311,0.512000,0.711000,0.516000,3.252000,-12.672000,3.695000,29.140000
0.317,0.497000,0.710000,0.543000,3.130000,-11.595000,5.214000,29.140000
0.330,0.492000,0.706000,0.548000,5.374000,-10.298000,3.885000,29.090000
0.338,0.491000,0.733000,0.578000,3.397000,-9.008000,3.519000,29.050000
0.350,0.490000,0.739000,0.578000,1.542000,-8.328000,2.626000,29.050000
0.357,0.518000,0.729000,0.581000,0.954000,-11.275000,5.656000,29.090000
0.371,0.538000,0.741000,0.585000,-1.519000,-9.389000,8.695000,29.090000
0.378,0.567000,0.732000,0.563000,-4.122000,-5.275000,10.046000,29.090000
0.389,0.578000,0.726000,0.539000,-3.664000,-2.092000,11.374000,29.240000
0.396,0.601000,0.720000,0.536000,-2.237000,0.588000,12.863000,29.140000
0.409,0.633000,0.711000,0.537000,-3.137000,4.748000,15.237000,29.090000
0.416,0.653000,0.722000,0.539000,-4.626000,9.466000,18.969000,29.190000
0.429,0.663000,0.736000,0.563000,-7.710000,13.672000,24.580000,29.050000
0.441,0.706000,0.729000,0.567000,-5.954000,19.450000,33.473000,29.140000
0.448,0.716000,0.738000,0.568000,-5.687000,17.794000,47.244000,29.050000
0.460,0.696000,0.740000,0.570000,-7.908000,22.725000,53.756000,29.090000
0.467,0.669000,0.708000,0.527000,-9.573000,23.588000,55.328000,29.090000
0.481,0.709000,0.714000,0.505000,-14.290000,27.229000,57.840000,29.140000
0.487,0.758000,0.702000,0.502000,-12.977000,35.733000,58.000000,29.050000
0.499,0.776000,0.681000,0.458000,-12.237000,46.198000,61.817000,29.050000
0.506,0.790000,0.619000,0.418000,-7.901000,58.473000,65.015000,29.190000
0.518,0.758000,0.632000,0.428000,-0.985000,63.145000,72.298000,29.090000
0.526,0.764000,0.656000,0.426000,5.008000,65.481000,81.947000,29.140000
0.539,0.706000,0.674000,0.447000,9.183000,61.885000,85.534000,29.050000
0.551,0.651000,0.715000,0.505000,8.771000,53.412000,90.099000,29.090000
0.558,0.640000,0.696000,0.513000,11.153000,49.237000,85.786000,29.090000
0.571,0.652000,0.685000,0.527000,13.061000,48.107000,81.145000,29.050000
0.578,0.681000,0.681000,0.566000,13.000000,46.275000,79.641000,29.050000
0.590,0.718000,0.659000,0.547000,9.870000,48.840000,79.328000,29.090000
0.597,0.717000,0.658000,0.563000,10.557000,46.870000,81.542000,29.090000
0.609,0.739000,0.673000,0.572000,7.313000,44.977000,83.740000,29.190000
0.616,0.726000,0.645000,0.548000,8.748000,44.473000,85.031000,29.050000
0.630,0.707000,0.656000,0.560000,9.359000,39.504000,86.374000,29.050000
0.636,0.684000,0.683000,0.599000,9.740000,32.237000,87.573000,29.090000
0.648,0.693000,0.644000,0.588000,12.885000,29.092000,88.168000,29.190000
0.656,0.694000,0.629000,0.586000,14.496000,23.687000,85.634000,29.050000
0.668,0.731000,0.629000,0.610000,15.649000,26.038000,85.847000,29.140000
0.681,0.769000,0.574000,0.592000,20.191000,33.649000,87.359000,29.050000
0.688,0.749000,0.582000,0.611000,20.695000,36.977000,88.450000,29.090000
0.700,0.715000,0.602000,0.665000,20.198000,36.252000,89.687000,29.090000
0.707,0.682000,0.639000,0.696000,18.420000,36.809000,89.496000,29.140000
0.722,0.649000,0.666000,0.711000,14.519000,34.176000,89.916000,29.050000
0.726,0.639000,0.627000,0.708000,11.817000,33.115000,89.473000,29.000000
0.739,0.603000,0.604000,0.699000,11.427000,25.840000,91.389000,29.090000
0.746,0.583000,0.568000,0.690000,9.214000,16.847000,87.298000,29.190000
0.759,0.591000,0.562000,0.688000,5.511000,8.710000,83.038000,29.140000
0.766,0.617000,0.576000,0.722000,1.840000,5.397000,83.740000,29.140000
0.779,0.661000,0.559000,0.737000,-4.718000,6.878000,80.863000,29.090000
0.784,0.695000,0.545000,0.733000,-7.153000,10.832000,79.122000,29.000000
0.798,0.688000,0.581000,0.759000,-11.916000,8.679000,81.939000,29.050000
0.811,0.655000,0.570000,0.764000,-14.229000,5.435000,79.328000,29.050000
0.817,0.635000,0.570000,0.754000,-16.206000,-1.290000,75.481000,29.190000
0.831,0.648000,0.563000,0.751000,-21.328000,-6.328000,72.473000,29.090000
0.837,0.698000,0.532000,0.737000,-22.611000,-6.748000,73.565000,29.050000
0.849,0.738000,0.506000,0.716000,-23.779000,-3.008000,76.122000,29.050000
0.856,0.725000,0.484000,0.682000,-22.405000,-2.137000,77.702000,29.050000
0.869,0.704000,0.482000,0.665000,-21.511000,-3.282000,77.817000,29.140000
0.881,0.683000,0.472000,0.667000,-19.511000,-2.924000,76.366000,29.190000
0.889,0.650000,0.488000,0.681000,-18.366000,-2.122000,73.435000,29.050000
0.900,0.604000,0.495000,0.699000,-19.031000,-4.053000,66.969000,29.050000
0.907,0.611000,0.487000,0.729000,-18.435000,-7.137000,64.160000,29.000000
0.922,0.620000,0.447000,0.742000,-21.588000,-6.260000,57.550000,29.000000
0.928,0.659000,0.427000,0.748000,-23.511000,-3.290000,50.214000,29.000000
0.940,0.730000,0.438000,0.772000,-29.122000,5.626000,44.725000,29.050000
0.946,0.744000,0.411000,0.748000,-31.191000,13.313000,39.656000,29.140000
0.958,0.758000,0.397000,0.736000,-30.550000,17.863000,36.649000,29.090000
0.971,0.737000,0.402000,0.747000,-28.244000,12.565000,41.702000,29.000000
0.978,0.726000,0.399000,0.745000,-28.115000,2.351000,43.405000,29.050000
0.990,0.742000,0.398000,0.762000,-30.031000,-3.710000,41.771000,29.140000
0.997,0.776000,0.396000,0.742000,-30.863000,-6.969000,41.756000,29.000000
1.009,0.778000,0.386000,0.748000,-28.053000,-5.977000,42.763000,29.090000
1.016,0.829000,0.375000,0.733000,-24.733000,0.580000,45.557000,29.090000
1.029,0.824000,0.378000,0.728000,-18.366000,10.275000,51.840000,29.050000
1.036,0.738000,0.377000,0.727000,-14.420000,10.435000,58.588000,29.050000
1.048,0.623000,0.371000,0.727000,-14.496000,-1.115000,58.130000,29.050000
1.060,0.574000,0.377000,0.758000,-21.107000,-14.947000,53.450000,29.090000
1.067,0.593000,0.350000,0.745000,-24.656000,-22.863000,44.595000,29.050000
1.080,0.655000,0.340000,0.761000,-28.382000,-21.618000,38.130000,29.140000
1.086,0.741000,0.347000,0.774000,-34.977000,-13.267000,36.298000,29.050000
1.099,0.789000,0.362000,0.767000,-35.237000,-5.420000,43.374000,29.090000
1.106,0.733000,0.335000,0.745000,-33.878000,-1.458000,47.008000,29.190000
1.118,0.727000,0.322000,0.725000,-32.786000,-1.550000,43.000000,29.050000
1.131,0.689000,0.297000,0.714000,-26.580000,-2.519000,40.275000,29.140000
1.138,0.619000,0.283000,0.711000,-23.244000,-7.038000,35.588000,29.090000
1.150,0.566000,0.292000,0.706000,-26.198000,-18.595000,28.344000,29.000000
1.156,0.542000,0.281000,0.672000,-21.939000,-28.069000,22.290000,29.090000
1.169,0.562000,0.284000,0.685000,-19.176000,-38.420000,12.328000,29.050000
1.176,0.628000,0.321000,0.701000,-16.855000,-39.252000,8.053000,29.140000
1.189,0.659000,0.319000,0.739000,-11.145000,-38.130000,4.481000,29.090000
1.201,0.693000,0.323000,0.745000,-12.756000,-34.992000,6.802000,29.000000
1.207,0.718000,0.271000,0.722000,-17.573000,-30.466000,10.389000,29.050000
1.221,0.719000,0.249000,0.704000,-20.466000,-29.908000,14.137000,28.950000
1.227,0.701000,0.267000,0.700000,-25.595000,-30.336000,16.481000,29.050000
1.239,0.668000,0.242000,0.674000,-24.244000,-31.397000,13.908000,29.050000
1.246,0.661000,0.269000,0.687000,-16.031000,-35.786000,16.985000,29.000000
1.258,0.652000,0.271000,0.699000,-15.084000,-37.214000,14.565000,29.050000
1.271,0.661000,0.264000,0.698000,-15.099000,-34.794000,14.519000,29.050000
1.278,0.655000,0.245000,0.677000,-14.969000,-34.718000,15.725000,29.090000
1.289,0.685000,0.257000,0.686000,-18.931000,-30.038000,19.015000,29.000000
1.296,0.674000,0.228000,0.670000,-18.962000,-24.450000,19.038000,28.910000
1.309,0.692000,0.238000,0.664000,-21.740000,-21.779000,19.687000,29.050000
1.321,0.682000,0.244000,0.660000,-23.634000,-17.947000,19.740000,29.050000
1.328,0.682000,0.239000,0.630000,-27.252000,-14.557000,20.443000,29.000000
1.340,0.677000,0.227000,0.626000,-28.550000,-11.160000,24.733000,28.910000
1.347,0.668000,0.207000,0.587000,-34.214000,-6.015000,29.015000,28.950000
1.359,0.676000,0.168000,0.513000,-34.389000,-8.321000,33.542000,29.050000
1.366,0.680000,0.158000,0.505000,-31.519000,-5.771000,33.443000,29.050000
1.379,0.683000,0.154000,0.492000,-30.405000,-1.565000,30.817000,29.000000
1.385,0.661000,0.131000,0.463000,-22.237000,-0.893000,22.573000,28.910000
1.398,0.657000,0.153000,0.466000,-17.763000,-3.237000,16.214000,29.050000
1.410,0.673000,0.166000,0.471000,-12.176000,-4.992000,11.702000,29.050000
1.417,0.683000,0.158000,0.474000,-3.206000,-8.427000,13.366000,28.950000
1.431,0.706000,0.118000,0.494000,1.939000,-7.061000,16.931000,29.000000
1.437,0.697000,0.128000,0.522000,3.817000,-4.939000,20.557000,29.000000
1.450,0.695000,0.141000,0.536000,0.374000,1.244000,22.328000,29.050000
1.457,0.699000,0.117000,0.518000,-4.534000,12.130000,26.779000,28.950000
1.469,0.675000,0.111000,0.502000,-8.511000,16.687000,38.519000,28.910000
1.477,0.587000,0.076000,0.482000,-12.305000,14.031000,38.550000,29.000000
1.489,0.578000,0.073000,0.502000,-19.962000,6.977000,33.168000,29.090000
1.494,0.568000,0.090000,0.507000,-19.656000,3.237000,30.443000,28.950000
1.508,0.573000,0.079000,0.511000,-20.260000,2.366000,27.603000,29.050000
1.521,0.615000,0.039000,0.491000,-21.634000,6.412000,24.557000,29.000000
1.528,0.626000,0.016000,0.447000,-21.229000,4.244000,29.160000,29.000000
1.540,0.619000,0.055000,0.420000,-20.374000,1.916000,28.763000,28.860000
1.547,0.672000,0.034000,0.413000,-25.824000,4.969000,27.550000,29.050000
1.560,0.681000,0.020000,0.366000,-25.061000,8.985000,27.664000,29.000000
1.567,0.645000,-0.003000,0.366000,-22.229000,8.687000,26.794000,29.090000
1.580,0.641000,-0.031000,0.386000,-14.634000,7.634000,29.008000,29.000000
1.586,0.584000,-0.013000,0.412000,-7.267000,2.267000,37.160000,29.050000
1.598,0.535000,-0.059000,0.440000,-11.733000,1.695000,41.145000,29.140000
1.611,0.497000,-0.078000,0.413000,-22.382000,-0.481000,38.168000,29.050000
1.617,0.485000,-0.082000,0.358000,-32.298000,3.740000,27.466000,29.000000
1.630,0.492000,-0.087000,0.333000,-35.504000,12.611000,17.466000,28.950000
1.637,0.494000,-0.107000,0.365000,-33.893000,18.328000,6.702000,28.860000
1.649,0.506000,-0.111000,0.357000,-36.389000,27.794000,0.122000,28.950000
1.656,0.524000,-0.158000,0.362000,-31.649000,33.603000,1.580000,29.000000
1.668,0.497000,-0.157000,0.378000,-34.649000,36.137000,5.702000,28.910000
1.682,0.454000,-0.197000,0.298000,-42.870000,28.664000,5.931000,28.950000
1.689,0.458000,-0.231000,0.233000,-44.756000,19.313000,1.603000,29.050000
1.700,0.489000,-0.224000,0.232000,-43.130000,14.588000,-4.191000,28.910000
1.707,0.518000,-0.222000,0.213000,-34.931000,13.122000,-11.374000,29.000000
1.719,0.571000,-0.200000,0.226000,-28.191000,15.649000,-14.763000,29.000000
1.726,0.612000,-0.165000,0.211000,-22.076000,23.275000,-15.053000,28.860000
1.738,0.579000,-0.179000,0.227000,-15.931000,19.061000,-11.573000,29.050000
1.750,0.517000,-0.194000,0.250000,-9.870000,1.756000,-8.053000,29.000000
1.757,0.509000,-0.223000,0.275000,-4.947000,-10.702000,-11.275000,28.910000
1.771,0.562000,-0.240000,0.304000,2.420000,-18.160000,-14.687000,29.000000
1.776,0.616000,-0.231000,0.347000,8.031000,-12.916000,-20.137000,28.950000
1.789,0.674000,-0.214000,0.348000,14.832000,-6.725000,-22.137000,28.950000
1.801,0.673000,-0.180000,0.389000,18.870000,-7.504000,-20.443000,28.950000
1.808,0.660000,-0.108000,0.439000,18.893000,-12.641000,-18.611000,29.000000
1.822,0.661000,-0.091000,0.483000,16.252000,-15.183000,-15.595000,28.950000
1.828,0.651000,-0.137000,0.525000,11.191000,-10.267000,-13.221000,28.950000
1.839,0.610000,-0.155000,0.539000,0.389000,-2.924000,-13.634000,28.950000
1.846,0.596000,-0.153000,0.539000,-8.496000,4.061000,-17.809000,29.000000
1.858,0.678000,-0.139000,0.491000,-19.023000,15.527000,-18.840000,29.000000
1.871,0.698000,-0.112000,0.479000,-23.122000,23.985000,-17.947000,28.950000
1.877,0.659000,-0.093000,0.448000,-22.427000,20.130000,-15.168000,28.950000
1.890,0.637000,-0.071000,0.441000,-23.893000,13.786000,-17.260000,28.860000
1.896,0.646000,-0.098000,0.438000,-18.282000,7.573000,-17.916000,28.910000
1.909,0.615000,-0.121000,0.448000,-11.832000,3.786000,-16.069000,28.910000
1.921,0.584000,-0.177000,0.448000,-6.229000,0.382000,-18.641000,28.950000
1.928,0.551000,-0.183000,0.464000,-2.939000,-1.931000,-24.122000,28.950000
1.940,0.618000,-0.149000,0.438000,-5.061000,-0.321000,-27.626000,29.000000
1.947,0.668000,-0.117000,0.385000,-11.443000,7.557000,-29.351000,29.000000
1.959,0.675000,-0.095000,0.337000,-8.550000,11.725000,-30.229000,29.000000
1.966,0.645000,-0.042000,0.348000,-1.542000,9.214000,-29.000000,28.950000
1.979,0.627000,-0.028000,0.368000,1.427000,6.855000,-29.153000,28.950000
1.985,0.638000,-0.079000,0.375000,4.977000,11.511000,-31.718000,28.950000
1.998,0.652000,-0.134000,0.357000,8.824000,17.855000,-32.389000,29.000000
2.010,0.642000,-0.083000,0.315000,9.191000,19.489000,-35.656000,29.000000
2.017,0.666000,-0.043000,0.313000,14.763000,15.695000,-41.267000,28.950000
2.030,0.688000,-0.022000,0.334000,27.969000,11.176000,-42.786000,28.950000
2.037,0.721000,-0.033000,0.387000,41.382000,9.802000,-38.832000,28.910000
2.049,0.652000,-0.030000,0.490000,48.061000,8.641000,-27.550000,28.910000
2.056,0.498000,-0.079000,0.528000,45.206000,3.053000,-18.870000,28.950000
2.068,0.367000,-0.035000,0.546000,36.954000,-9.275000,-16.679000,28.950000
2.081,0.342000,-0.014000,0.486000,25.847000,-18.992000,-30.878000,29.050000
2.088,0.459000,-0.002000,0.485000,27.687000,-15.519000,-43.786000,29.000000
2.099,0.554000,0.066000,0.487000,29.840000,-5.145000,-50.191000,29.090000
2.106,0.674000,0.056000,0.489000,33.771000,11.580000,-52.153000,28.950000
2.119,0.699000,0.024000,0.547000,34.237000,26.557000,-41.947000,28.950000
2.127,0.524000,0.087000,0.548000,18.817000,23.580000,-28.290000,28.950000
2.139,0.411000,0.075000,0.462000,9.496000,4.328000,-36.832000,28.910000
2.151,0.456000,0.113000,0.458000,16.191000,-5.168000,-45.649000,29.000000
2.157,0.507000,0.149000,0.476000,23.069000,-5.588000,-56.466000,28.950000
2.171,0.631000,0.213000,0.474000,29.328000,2.504000,-59.718000,29.050000
2.177,0.708000,0.217000,0.517000,32.954000,13.427000,-59.107000,28.950000
2.189,0.733000,0.207000,0.536000,28.809000,23.962000,-47.931000,28.910000
2.196,0.646000,0.210000,0.448000,16.183000,20.725000,-43.244000,29.000000
2.209,0.638000,0.195000,0.356000,14.328000,12.137000,-46.183000,28.950000
2.214,0.671000,0.190000,0.355000,23.405000,10.504000,-44.359000,28.950000
2.228,0.638000,0.214000,0.386000,33.336000,10.145000,-47.595000,28.910000
2.241,0.637000,0.264000,0.471000,44.023000,9.534000,-49.679000,29.000000
2.247,0.640000,0.254000,0.538000,53.252000,7.679000,-52.550000,29.000000
2.260,0.593000,0.332000,0.603000,57.244000,1.603000,-48.405000,29.050000
2.267,0.569000,0.329000,0.667000,50.756000,-9.198000,-47.603000,29.050000
2.279,0.617000,0.347000,0.625000,38.366000,-5.603000,-43.214000,29.000000
2.287,0.695000,0.308000,0.582000,29.344000,8.076000,-46.588000,28.910000
2.298,0.739000,0.337000,0.554000,23.733000,19.145000,-49.947000,29.050000
2.304,0.738000,0.382000,0.533000,26.313000,30.000000,-46.000000,28.950000
2.318,0.707000,0.384000,0.546000,35.359000,40.687000,-47.496000,28.950000
2.331,0.680000,0.342000,0.588000,45.328000,46.847000,-41.832000,29.000000
2.338,0.518000,0.359000,0.701000,50.992000,37.153000,-26.489000,29.000000
2.350,0.367000,0.471000,0.736000,32.450000,18.328000,-20.542000,29.050000
2.357,0.388000,0.387000,0.620000,27.809000,9.473000,-42.992000,28.950000
2.371,0.580000,0.380000,0.632000,25.107000,19.542000,-52.885000,28.860000
2.376,0.633000,0.424000,0.648000,22.298000,28.634000,-56.527000,28.910000
2.388,0.627000,0.468000,0.628000,26.336000,31.641000,-59.656000,28.910000
2.401,0.624000,0.458000,0.662000,34.504000,26.374000,-57.763000,29.050000
2.408,0.637000,0.439000,0.677000,40.450000,26.809000,-48.832000,28.950000
2.421,0.571000,0.479000,0.635000,36.893000,17.817000,-45.863000,29.000000
2.428,0.562000,0.490000,0.589000,38.580000,7.939000,-51.351000,29.000000
2.440,0.593000,0.507000,0.556000,41.580000,7.473000,-57.870000,29.000000
2.446,0.603000,0.537000,0.552000,48.160000,2.115000,-67.389000,29.050000
2.459,0.612000,0.573000,0.563000,57.366000,-8.725000,-79.191000,29.050000
2.466,0.642000,0.612000,0.626000,67.405000,-25.336000,-87.420000,29.000000
2.479,0.678000,0.593000,0.668000,81.626000,-38.809000,-87.863000,29.000000
2.490,0.718000,0.605000,0.749000,79.504000,-47.336000,-79.832000,28.950000
2.497,0.749000,0.610000,0.711000,68.603000,-50.260000,-67.672000,28.950000
2.510,0.793000,0.614000,0.663000,58.786000,-43.046000,-59.550000,28.950000
2.516,0.829000,0.634000,0.667000,49.374000,-29.153000,-48.008000,28.910000
2.529,0.786000,0.656000,0.656000,41.183000,-17.931000,-43.168000,29.000000
2.536,0.747000,0.688000,0.647000,39.344000,-9.359000,-43.153000,28.950000
2.548,0.719000,0.682000,0.661000,45.740000,-4.397000,-40.466000,29.050000
2.561,0.697000,0.656000,0.681000,50.878000,1.008000,-39.580000,29.050000
2.567,0.677000,0.601000,0.716000,56.634000,7.763000,-31.519000,28.910000
2.580,0.579000,0.642000,0.757000,46.244000,11.565000,-22.565000,28.910000
2.588,0.496000,0.658000,0.705000,32.382000,12.580000,-24.244000,28.950000
2.599,0.478000,0.636000,0.651000,22.893000,13.733000,-33.954000,28.950000
2.606,0.507000,0.659000,0.647000,18.076000,13.763000,-43.809000,28.910000
2.618,0.534000,0.656000,0.658000,19.733000,12.748000,-50.015000,28.910000
2.632,0.559000,0.656000,0.641000,26.695000,11.809000,-55.198000,29.000000
2.639,0.528000,0.664000,0.717000,37.221000,7.229000,-54.084000,28.950000
2.650,0.467000,0.711000,0.729000,31.924000,-5.359000,-53.061000,28.950000
2.657,0.433000,0.708000,0.718000,27.901000,-16.893000,-55.878000,29.000000
2.672,0.473000,0.690000,0.702000,16.992000,-20.443000,-60.603000,29.090000
2.677,0.566000,0.665000,0.630000,12.305000,-17.870000,-63.817000,28.950000
2.690,0.625000,0.686000,0.622000,8.649000,-13.053000,-63.809000,29.050000
2.696,0.641000,0.758000,0.624000,4.183000,-7.458000,-61.313000,28.950000
2.708,0.640000,0.767000,0.586000,5.206000,-3.908000,-59.290000,29.000000
2.721,0.630000,0.767000,0.587000,10.305000,-3.420000,-56.267000,29.000000
2.728,0.600000,0.789000,0.590000,11.053000,-5.015000,-49.924000,29.050000
2.741,0.542000,0.761000,0.561000,14.565000,-6.214000,-46.092000,29.050000
2.747,0.561000,0.803000,0.574000,5.412000,-0.427000,-45.809000,28.950000
2.759,0.616000,0.773000,0.522000,0.863000,14.527000,-40.802000,29.000000
2.766,0.625000,0.765000,0.502000,-1.931000,27.382000,-35.420000,29.000000
2.779,0.601000,0.735000,0.511000,-1.847000,37.702000,-28.710000,28.950000
2.786,0.509000,0.718000,0.474000,4.817000,36.725000,-29.389000,28.950000
2.798,0.445000,0.722000,0.504000,12.244000,28.786000,-32.924000,29.000000
2.811,0.335000,0.821000,0.587000,13.229000,17.389000,-36.511000,29.000000
2.817,0.295000,0.792000,0.549000,16.061000,2.573000,-46.656000,29.000000
2.830,0.320000,0.806000,0.613000,18.511000,-11.725000,-53.924000,28.950000
2.838,0.372000,0.812000,0.600000,10.977000,-21.794000,-63.023000,29.050000
2.849,0.479000,0.793000,0.600000,11.786000,-24.031000,-68.160000,29.000000
2.856,0.539000,0.798000,0.612000,9.107000,-20.611000,-66.443000,28.910000
2.868,0.556000,0.802000,0.603000,5.580000,-17.908000,-62.420000,28.950000
2.882,0.541000,0.794000,0.580000,6.626000,-15.038000,-56.664000,29.050000
2.889,0.470000,0.837000,0.601000,4.313000,-18.794000,-48.878000,29.050000
2.900,0.396000,0.823000,0.571000,2.008000,-25.496000,-47.183000,29.000000
2.907,0.347000,0.837000,0.595000,-1.511000,-34.511000,-51.015000,29.000000
2.920,0.373000,0.844000,0.594000,-8.000000,-37.611000,-57.305000,29.050000
2.926,0.444000,0.814000,0.533000,-11.748000,-31.443000,-59.359000,29.050000
2.939,0.581000,0.786000,0.474000,-12.916000,-12.702000,-54.870000,29.050000
2.951,0.620000,0.806000,0.462000,-14.794000,6.260000,-42.000000,29.000000
2.957,0.589000,0.806000,0.392000,-15.183000,19.649000,-31.939000,29.090000
2.971,0.516000,0.840000,0.438000,-13.092000,22.565000,-23.588000,28.950000
2.978,0.437000,0.861000,0.449000,-15.221000,20.145000,-21.313000,29.050000
2.989,0.382000,0.806000,0.417000,-5.565000,15.969000,-23.046000,28.910000
2.996,0.354000,0.759000,0.424000,4.420000,10.153000,-28.931000,29.000000
3.009,0.346000,0.777000,0.494000,5.527000,3.779000,-33.725000,28.860000
3.021,0.310000,0.790000,0.552000,8.252000,-3.679000,-41.588000,28.950000
3.029,0.386000,0.833000,0.565000,1.588000,-3.435000,-47.260000,29.050000
3.040,0.453000,0.832000,0.563000,-5.061000,0.328000,-49.763000,29.000000
3.047,0.499000,0.813000,0.527000,-8.053000,7.214000,-48.298000,29.000000
3.060,0.513000,0.829000,0.534000,-8.931000,11.588000,-46.137000,29.050000
3.067,0.521000,0.816000,0.517000,-7.458000,15.534000,-43.420000,29.050000
3.080,0.506000,0.795000,0.502000,1.481000,16.939000,-37.565000,29.000000
3.087,0.466000,0.802000,0.554000,5.595000,11.137000,-31.962000,29.000000
3.099,0.429000,0.796000,0.553000,10.893000,7.580000,-29.840000,28.910000
3.106,0.391000,0.807000,0.574000,15.733000,2.527000,-31.374000,28.950000
3.118,0.395000,0.845000,0.644000,11.527000,0.802000,-36.969000,29.050000
3.131,0.418000,0.845000,0.646000,8.962000,2.183000,-41.473000,28.950000
3.138,0.438000,0.802000,0.666000,10.214000,3.374000,-45.534000,29.000000
3.150,0.454000,0.808000,0.693000,7.557000,-0.595000,-44.076000,29.000000
3.157,0.445000,0.798000,0.684000,2.656000,-0.840000,-43.977000,29.050000
3.171,0.467000,0.773000,0.671000,2.275000,1.000000,-42.260000,28.950000
3.177,0.514000,0.770000,0.657000,-2.092000,4.794000,-36.969000,29.000000
3.190,0.546000,0.752000,0.624000,-4.344000,13.183000,-28.840000,28.910000
3.196,0.548000,0.756000,0.594000,-6.901000,20.031000,-17.763000,28.950000
3.209,0.504000,0.734000,0.584000,-5.649000,25.603000,-8.855000,28.950000
3.216,0.459000,0.738000,0.572000,-5.366000,29.511000,1.489000,28.950000
3.229,0.379000,0.749000,0.559000,-6.092000,32.214000,8.573000,28.810000
3.241,0.304000,0.814000,0.596000,-7.267000,28.595000,12.183000,29.000000
3.248,0.248000,0.837000,0.622000,-6.649000,24.229000,14.718000,28.950000
3.260,0.205000,0.818000,0.621000,-6.450000,17.595000,15.160000,29.050000
3.267,0.201000,0.791000,0.623000,-3.405000,11.992000,11.908000,29.000000
3.280,0.231000,0.805000,0.597000,-4.473000,12.458000,9.916000,29.000000
3.288,0.257000,0.759000,0.531000,0.687000,19.718000,10.519000,29.000000
3.300,0.190000,0.750000,0.552000,-2.038000,13.695000,6.641000,29.050000
3.307,0.143000,0.768000,0.555000,-3.870000,8.557000,3.947000,28.950000
3.321,0.090000,0.773000,0.567000,-3.023000,-2.298000,-1.458000,28.950000
3.327,0.056000,0.792000,0.574000,-4.450000,-14.008000,-9.427000,29.000000
3.339,0.078000,0.806000,0.590000,-6.534000,-22.290000,-19.069000,29.000000
3.351,0.097000,0.804000,0.567000,-4.969000,-28.893000,-24.863000,28.950000
3.357,0.151000,0.795000,0.540000,-6.954000,-30.053000,-33.107000,28.950000
3.371,0.211000,0.804000,0.521000,-6.260000,-23.916000,-37.168000,29.050000
3.377,0.257000,0.812000,0.535000,-9.206000,-16.130000,-36.130000,29.000000
3.390,0.273000,0.866000,0.555000,-15.710000,-8.053000,-28.550000,29.000000
3.396,0.273000,0.838000,0.517000,-19.824000,1.954000,-21.832000,28.950000
3.408,0.295000,0.805000,0.491000,-20.962000,14.443000,-16.176000,29.050000
3.421,0.265000,0.757000,0.458000,-19.718000,24.282000,-13.237000,29.000000
3.427,0.215000,0.770000,0.438000,-15.198000,32.176000,-10.511000,29.000000
3.440,0.104000,0.687000,0.407000,-1.603000,25.870000,-17.603000,29.000000
3.447,0.009000,0.770000,0.458000,6.069000,10.084000,-28.000000,28.950000
3.459,-0.002000,0.838000,0.501000,-0.061000,-11.420000,-42.397000,29.050000
3.466,0.105000,0.811000,0.485000,5.443000,-21.687000,-55.076000,29.000000
3.479,0.220000,0.778000,0.507000,8.405000,-22.954000,-60.733000,29.000000
3.491,0.304000,0.780000,0.547000,11.382000,-19.786000,-58.122000,29.000000
3.497,0.330000,0.785000,0.552000,10.580000,-10.992000,-47.740000,29.050000
3.510,0.316000,0.753000,0.543000,10.168000,-8.221000,-36.763000,28.950000
3.517,0.244000,0.764000,0.528000,9.893000,-4.527000,-28.595000,28.950000
3.529,0.154000,0.822000,0.552000,4.160000,-9.115000,-22.160000,29.000000
3.536,0.110000,0.881000,0.603000,1.160000,-21.450000,-18.878000,29.000000
3.548,0.106000,0.926000,0.664000,-4.359000,-34.366000,-23.679000,28.950000
3.561,0.125000,0.930000,0.646000,-5.405000,-35.420000,-27.580000,28.950000
3.568,0.154000,0.909000,0.641000,-11.702000,-36.366000,-35.664000,29.000000
3.580,0.169000,0.862000,0.633000,-14.954000,-41.794000,-43.053000,29.000000
3.587,0.216000,0.848000,0.607000,-15.282000,-46.626000,-51.321000,28.950000
3.599,0.245000,0.842000,0.602000,-20.046000,-52.305000,-55.183000,29.050000
3.604,0.278000,0.838000,0.596000,-24.664000,-58.069000,-58.901000,28.950000
3.618,0.374000,0.830000,0.596000,-22.519000,-60.710000,-54.267000,28.910000
3.630,0.399000,0.816000,0.587000,-20.389000,-58.725000,-49.382000,28.910000
3.637,0.423000,0.820000,0.594000,-23.695000,-58.198000,-45.412000,28.950000
3.649,0.426000,0.837000,0.575000,-23.069000,-52.076000,-40.511000,28.950000
3.656,0.434000,0.822000,0.571000,-21.015000,-48.634000,-32.817000,28.950000
3.668,0.430000,0.801000,0.540000,-20.649000,-42.718000,-25.496000,29.000000
3.680,0.414000,0.785000,0.537000,-19.832000,-37.405000,-16.893000,28.910000
3.687,0.371000,0.767000,0.511000,-15.527000,-30.519000,-10.466000,29.050000
3.699,0.313000,0.794000,0.526000,-11.695000,-27.305000,-2.427000,28.950000
3.706,0.235000,0.803000,0.507000,-9.931000,-28.656000,5.443000,29.050000
3.718,0.151000,0.843000,0.531000,-10.763000,-37.397000,11.053000,28.950000
3.731,0.070000,0.836000,0.525000,-12.000000,-48.260000,10.992000,28.910000
3.738,0.013000,0.846000,0.525000,-15.786000,-62.405000,5.817000,29.050000
3.750,-0.021000,0.849000,0.535000,-14.191000,-75.008000,-6.618000,28.950000
3.757,-0.001000,0.870000,0.531000,-15.695000,-91.229000,-20.992000,28.860000
3.769,0.081000,0.876000,0.541000,-19.695000,-99.137000,-35.336000,28.910000
3.777,0.207000,0.875000,0.559000,-27.084000,-96.687000,-42.153000,29.090000
3.788,0.317000,0.846000,0.521000,-25.664000,-88.733000,-41.267000,29.050000
3.800,0.397000,0.811000,0.511000,-27.046000,-74.786000,-37.031000,29.050000
3.807,0.443000,0.789000,0.486000,-28.107000,-58.740000,-28.015000,28.910000
3.819,0.439000,0.766000,0.460000,-25.969000,-44.656000,-16.878000,28.910000
3.827,0.402000,0.731000,0.433000,-19.008000,-31.580000,-8.733000,29.000000
3.841,0.319000,0.736000,0.467000,-11.626000,-29.107000,-3.885000,28.950000
3.851,0.259000,0.743000,0.457000,-6.977000,-26.130000,0.351000,28.950000
3.857,0.195000,0.750000,0.474000,-1.573000,-28.359000,-0.435000,29.000000
3.871,0.130000,0.766000,0.483000,-6.611000,-34.069000,-4.931000,29.000000
3.878,0.120000,0.773000,0.509000,-10.511000,-38.824000,-11.664000,29.000000
3.890,0.120000,0.773000,0.505000,-18.947000,-48.366000,-19.855000,28.950000
3.896,0.175000,0.764000,0.482000,-19.351000,-50.115000,-26.191000,28.860000
3.908,0.230000,0.769000,0.504000,-20.863000,-49.885000,-29.931000,29.050000
3.921,0.292000,0.771000,0.517000,-19.679000,-45.557000,-29.977000,28.910000
3.928,0.330000,0.772000,0.501000,-12.061000,-41.870000,-22.183000,28.950000
3.940,0.344000,0.774000,0.517000,-3.840000,-40.794000,-17.878000,28.950000
3.946,0.338000,0.778000,0.542000,-3.053000,-36.504000,-13.771000,29.050000
3.959,0.336000,0.767000,0.531000,-5.496000,-31.679000,-8.328000,29.000000
3.971,0.333000,0.759000,0.542000,-6.061000,-30.924000,-4.053000,29.000000
3.978,0.341000,0.743000,0.556000,-4.840000,-29.351000,1.000000,28.950000
3.990,0.354000,0.756000,0.567000,-5.237000,-26.260000,3.023000,28.950000
3.997,0.376000,0.762000,0.566000,-6.664000,-17.664000,4.084000,28.910000
4.010,0.402000,0.762000,0.555000,-4.290000,-6.618000,8.542000,28.910000
4.017,0.388000,0.772000,0.564000,-3.160000,3.061000,13.435000,29.000000
4.031,0.337000,0.757000,0.544000,-2.901000,9.237000,17.420000,28.860000
4.037,0.282000,0.754000,0.527000,-0.626000,11.305000,19.672000,28.950000
4.049,0.234000,0.752000,0.527000,-1.626000,10.649000,17.962000,29.000000
4.056,0.211000,0.755000,0.538000,-1.176000,9.359000,15.069000,29.000000
4.069,0.192000,0.757000,0.531000,-1.817000,5.557000,11.573000,29.050000
4.077,0.192000,0.751000,0.530000,0.084000,0.290000,7.679000,28.950000
4.090,0.177000,0.766000,0.540000,-2.664000,-3.855000,2.763000,28.950000
4.096,0.210000,0.768000,0.532000,-1.656000,-5.252000,-0.885000,28.860000
4.108,0.255000,0.770000,0.556000,-4.275000,-7.176000,-3.275000,28.910000
4.121,0.308000,0.766000,0.558000,-4.183000,-6.962000,-0.863000,28.860000
4.128,0.314000,0.750000,0.547000,-4.458000,-5.412000,2.473000,28.950000
4.140,0.341000,0.746000,0.558000,-2.878000,-3.130000,5.527000,28.910000
4.147,0.316000,0.756000,0.554000,-4.374000,-1.198000,8.916000,28.810000
4.169,0.291000,0.739000,0.518000,-5.511000,0.679000,12.137000,28.910000
4.169,0.275000,0.744000,0.538000,-5.763000,-0.244000,13.550000,29.050000
