time_sec,ax,ay,az,gx,gy,gz,temp_c
0.014,0.454000,0.775000,0.421000,-7.542000,6.611000,-19.931000,28.950000
0.025,0.446000,0.780000,0.416000,-10.840000,7.466000,-19.611000,29.050000
0.032,0.438000,0.790000,0.435000,-14.855000,8.389000,-19.962000,29.000000
0.044,0.425000,0.786000,0.416000,-14.725000,10.809000,-18.275000,29.000000
0.051,0.398000,0.792000,0.447000,-19.374000,13.168000,-19.817000,29.000000
0.063,0.382000,0.791000,0.431000,-21.237000,13.992000,-23.595000,29.050000
0.070,0.382000,0.788000,0.422000,-22.496000,9.870000,-21.992000,28.950000
0.084,0.392000,0.802000,0.429000,-25.855000,1.916000,-25.885000,29.090000
0.095,0.396000,0.799000,0.430000,-16.183000,12.733000,-14.672000,28.910000
0.102,0.371000,0.804000,0.423000,-14.725000,11.000000,-13.649000,29.050000
0.114,0.351000,0.790000,0.394000,-10.573000,11.191000,-14.397000,29.050000
0.121,0.361000,0.790000,0.400000,-4.023000,8.947000,-17.359000,29.050000
0.133,0.359000,0.801000,0.406000,-5.427000,4.710000,-17.939000,28.950000
0.140,0.385000,0.782000,0.400000,-1.084000,7.344000,-17.763000,29.000000
0.153,0.377000,0.786000,0.409000,-1.206000,6.443000,-15.603000,28.950000
0.160,0.391000,0.784000,0.393000,4.359000,5.290000,-10.702000,29.050000
0.174,0.387000,0.791000,0.418000,7.802000,3.076000,-4.382000,29.000000
0.180,0.387000,0.825000,0.454000,6.359000,3.573000,-1.206000,29.090000
0.193,0.375000,0.829000,0.478000,3.687000,7.313000,1.802000,29.000000
0.200,0.359000,0.816000,0.467000,0.695000,10.015000,1.756000,29.050000
0.212,0.344000,0.823000,0.459000,-2.298000,10.435000,0.359000,28.950000
0.218,0.375000,0.809000,0.460000,-5.305000,12.557000,0.344000,29.000000
0.232,0.401000,0.808000,0.445000,-8.038000,15.053000,3.618000,29.000000
0.244,0.422000,0.820000,0.448000,-9.107000,16.321000,9.183000,29.050000
0.251,0.418000,0.832000,0.425000,-9.359000,13.504000,17.260000,28.950000
0.264,0.410000,0.836000,0.424000,-10.046000,15.771000,20.618000,29.050000
0.272,0.397000,0.819000,0.408000,-10.725000,17.611000,22.435000,29.000000
0.284,0.395000,0.802000,0.393000,-6.603000,18.695000,23.985000,29.000000
0.291,0.383000,0.795000,0.388000,-0.649000,18.588000,24.611000,29.050000
0.303,0.352000,0.814000,0.387000,1.954000,17.916000,24.489000,29.050000
0.310,0.353000,0.833000,0.389000,2.206000,15.779000,23.473000,29.050000
0.323,0.339000,0.859000,0.419000,0.366000,13.015000,21.702000,29.090000
0.330,0.362000,0.851000,0.427000,-4.641000,11.977000,18.298000,29.000000
0.342,0.401000,0.836000,0.433000,-6.672000,12.702000,15.786000,29.050000
0.354,0.458000,0.820000,0.435000,-6.237000,16.122000,15.695000,28.950000
0.361,0.527000,0.806000,0.439000,-3.427000,19.603000,21.008000,29.090000
0.374,0.532000,0.811000,0.444000,-0.183000,28.168000,24.656000,29.000000
0.382,0.488000,0.795000,0.483000,3.763000,41.389000,29.763000,28.950000
0.394,0.500000,0.837000,0.477000,-3.053000,46.328000,32.366000,28.950000
0.400,0.559000,0.804000,0.430000,-5.763000,47.618000,28.733000,29.000000
0.413,0.528000,0.824000,0.462000,-4.603000,36.763000,31.282000,29.090000
0.422,0.589000,0.814000,0.458000,0.466000,40.672000,35.702000,29.000000
0.433,0.682000,0.798000,0.446000,4.229000,50.084000,47.008000,29.050000
0.440,0.697000,0.798000,0.481000,6.725000,58.046000,53.443000,29.050000
0.452,0.719000,0.809000,0.489000,1.779000,67.191000,68.580000,29.090000
0.458,0.670000,0.794000,0.488000,-0.305000,73.267000,77.084000,29.000000
0.473,0.632000,0.787000,0.468000,3.359000,75.206000,85.702000,28.950000
0.484,0.595000,0.794000,0.489000,3.740000,67.137000,89.992000,28.950000
0.492,0.587000,0.784000,0.532000,7.099000,62.427000,85.221000,28.950000
0.504,0.619000,0.774000,0.543000,8.771000,66.084000,84.718000,28.950000
0.511,0.666000,0.746000,0.533000,10.962000,72.252000,82.336000,29.000000
0.524,0.670000,0.729000,0.526000,10.183000,79.389000,81.267000,29.050000
0.532,0.671000,0.730000,0.547000,8.443000,88.817000,80.779000,28.950000
0.544,0.647000,0.729000,0.570000,5.229000,92.870000,78.977000,29.000000
0.550,0.658000,0.785000,0.615000,0.160000,88.084000,77.763000,29.000000
0.563,0.701000,0.780000,0.613000,-3.550000,81.412000,75.275000,29.000000
0.572,0.745000,0.764000,0.605000,-0.359000,78.885000,76.824000,29.140000
0.584,0.768000,0.735000,0.581000,3.229000,75.191000,80.450000,29.050000
0.590,0.764000,0.712000,0.566000,9.405000,74.298000,85.931000,29.000000
0.602,0.745000,0.718000,0.551000,11.534000,75.382000,91.870000,29.090000
0.614,0.734000,0.742000,0.575000,12.580000,82.557000,99.000000,29.050000
0.623,0.685000,0.762000,0.581000,15.962000,86.015000,107.878000,29.050000
0.634,0.615000,0.765000,0.604000,17.504000,84.924000,108.618000,28.950000
0.641,0.599000,0.814000,0.635000,14.687000,82.634000,107.328000,29.090000
0.653,0.598000,0.798000,0.609000,12.733000,81.122000,100.382000,29.000000
0.660,0.618000,0.786000,0.628000,11.221000,83.817000,99.824000,29.050000
0.673,0.608000,0.759000,0.594000,9.939000,85.885000,101.733000,29.050000
0.681,0.576000,0.747000,0.592000,8.924000,85.779000,105.427000,29.050000
0.692,0.527000,0.758000,0.608000,7.351000,81.229000,109.664000,29.090000
0.705,0.464000,0.758000,0.619000,6.893000,71.511000,112.626000,28.910000
0.711,0.384000,0.740000,0.626000,7.634000,57.038000,108.412000,28.950000
0.724,0.378000,0.719000,0.635000,5.473000,43.382000,96.916000,29.050000
0.732,0.391000,0.708000,0.648000,1.260000,31.969000,82.618000,29.000000
0.744,0.410000,0.690000,0.691000,-4.153000,20.573000,69.153000,29.000000
0.751,0.512000,0.683000,0.677000,-9.847000,16.176000,65.267000,28.950000
0.763,0.568000,0.707000,0.686000,-17.748000,10.191000,65.824000,28.950000
0.772,0.578000,0.700000,0.696000,-21.947000,4.893000,70.328000,28.950000
0.783,0.559000,0.689000,0.691000,-20.969000,-1.947000,75.672000,29.000000
0.790,0.543000,0.687000,0.698000,-22.328000,-7.206000,71.763000,29.000000
0.802,0.537000,0.661000,0.699000,-22.229000,-8.176000,64.412000,29.050000
0.814,0.570000,0.649000,0.684000,-18.985000,-9.885000,63.573000,28.950000
0.822,0.568000,0.633000,0.690000,-19.374000,-10.466000,63.107000,28.910000
0.834,0.579000,0.612000,0.686000,-20.305000,-10.336000,62.580000,29.000000
0.841,0.598000,0.623000,0.682000,-18.191000,-5.634000,67.237000,29.000000
0.853,0.578000,0.615000,0.703000,-17.061000,-1.137000,68.740000,28.950000
0.860,0.544000,0.599000,0.702000,-17.412000,1.473000,68.450000,29.050000
0.873,0.542000,0.591000,0.713000,-18.328000,4.565000,65.282000,29.050000
0.885,0.543000,0.572000,0.708000,-15.908000,8.237000,63.992000,29.000000
0.892,0.527000,0.569000,0.722000,-19.099000,9.229000,63.588000,29.050000
0.904,0.490000,0.572000,0.694000,-18.473000,7.137000,65.824000,28.950000
0.911,0.471000,0.529000,0.699000,-18.550000,-2.687000,59.008000,28.950000
0.923,0.443000,0.535000,0.714000,-20.672000,-8.305000,56.534000,29.000000
0.930,0.487000,0.521000,0.714000,-20.252000,-8.206000,51.412000,29.090000
0.943,0.530000,0.531000,0.742000,-23.985000,-6.153000,43.176000,28.950000
0.950,0.599000,0.518000,0.768000,-22.664000,2.924000,38.718000,29.050000
0.962,0.611000,0.533000,0.777000,-22.298000,8.214000,39.275000,29.000000
0.975,0.597000,0.546000,0.767000,-21.725000,13.481000,41.565000,29.000000
0.984,0.536000,0.513000,0.763000,-20.321000,12.053000,42.985000,28.950000
0.994,0.457000,0.496000,0.765000,-23.229000,0.817000,40.947000,29.050000
1.001,0.459000,0.486000,0.777000,-30.771000,-12.824000,37.137000,28.950000
1.013,0.484000,0.438000,0.745000,-33.176000,-22.496000,31.504000,29.090000
1.021,0.541000,0.445000,0.775000,-33.282000,-28.176000,25.145000,29.090000
1.032,0.611000,0.475000,0.826000,-34.962000,-30.168000,16.832000,28.950000
1.044,0.679000,0.520000,0.852000,-32.534000,-27.008000,12.107000,28.950000
1.051,0.740000,0.533000,0.874000,-29.725000,-16.992000,15.107000,28.950000
1.064,0.731000,0.534000,0.868000,-29.656000,-8.756000,22.290000,29.090000
1.072,0.738000,0.521000,0.835000,-31.863000,-2.641000,30.802000,29.000000
1.084,0.744000,0.493000,0.803000,-35.710000,7.718000,40.992000,29.050000
1.091,0.712000,0.504000,0.787000,-39.870000,19.405000,50.573000,29.050000
1.103,0.626000,0.501000,0.761000,-43.137000,22.412000,58.878000,29.000000
1.110,0.535000,0.488000,0.750000,-43.641000,18.290000,64.290000,29.000000
1.123,0.472000,0.469000,0.740000,-46.748000,11.786000,62.710000,29.050000
1.135,0.478000,0.459000,0.732000,-49.718000,11.191000,57.992000,28.950000
1.142,0.481000,0.469000,0.729000,-48.969000,12.389000,54.260000,29.050000
1.154,0.467000,0.484000,0.726000,-53.771000,12.122000,48.489000,29.000000
1.160,0.513000,0.434000,0.687000,-51.855000,21.038000,42.557000,29.000000
1.174,0.501000,0.425000,0.678000,-52.221000,18.595000,39.618000,28.950000
1.181,0.485000,0.359000,0.622000,-49.176000,14.374000,31.366000,29.050000
1.193,0.492000,0.328000,0.582000,-39.595000,2.641000,25.191000,28.910000
1.205,0.480000,0.314000,0.586000,-32.046000,-13.099000,15.916000,29.000000
1.212,0.513000,0.321000,0.609000,-26.458000,-26.252000,1.550000,29.000000
1.224,0.548000,0.355000,0.646000,-16.779000,-35.992000,-12.954000,28.950000
1.232,0.629000,0.417000,0.714000,-11.382000,-46.573000,-24.366000,29.050000
1.243,0.705000,0.433000,0.723000,1.137000,-45.046000,-25.557000,28.950000
1.250,0.817000,0.455000,0.751000,6.427000,-39.160000,-21.374000,29.000000
1.262,0.894000,0.446000,0.760000,9.847000,-24.099000,-11.015000,28.950000
1.272,0.903000,0.409000,0.753000,8.435000,-7.443000,6.824000,28.950000
1.283,0.834000,0.405000,0.747000,7.481000,3.076000,23.756000,29.000000
1.295,0.744000,0.385000,0.753000,4.557000,4.641000,37.496000,28.910000
1.302,0.637000,0.379000,0.778000,2.282000,-1.901000,48.153000,28.910000
1.314,0.556000,0.417000,0.815000,-7.496000,-8.931000,58.366000,29.050000
1.322,0.545000,0.366000,0.789000,-8.840000,-7.763000,57.885000,28.950000
1.334,0.559000,0.318000,0.760000,-10.725000,-6.931000,62.092000,29.000000
1.341,0.554000,0.264000,0.718000,-10.511000,-2.992000,69.855000,29.000000
1.353,0.506000,0.263000,0.695000,-12.519000,-3.038000,69.130000,28.950000
1.360,0.484000,0.280000,0.722000,-18.962000,-5.466000,68.298000,28.860000
1.373,0.462000,0.261000,0.675000,-25.885000,-7.229000,69.290000,28.950000
1.385,0.468000,0.251000,0.661000,-26.298000,-5.076000,66.641000,28.910000
1.392,0.439000,0.231000,0.664000,-27.420000,-4.290000,65.015000,28.910000
1.404,0.399000,0.203000,0.633000,-25.779000,-8.137000,68.145000,28.860000
1.411,0.357000,0.174000,0.635000,-25.405000,-17.321000,65.252000,28.860000
1.423,0.329000,0.180000,0.638000,-27.664000,-26.954000,55.336000,28.950000
1.432,0.418000,0.154000,0.608000,-26.130000,-25.756000,42.740000,29.000000
1.442,0.538000,0.163000,0.565000,-27.779000,-15.534000,37.901000,29.000000
1.455,0.614000,0.154000,0.501000,-28.481000,-5.389000,30.443000,28.860000
1.462,0.679000,0.189000,0.479000,-27.244000,1.450000,30.252000,28.950000
1.474,0.710000,0.182000,0.456000,-23.687000,7.420000,30.191000,28.910000
1.482,0.713000,0.178000,0.470000,-12.687000,12.504000,39.908000,29.000000
1.494,0.650000,0.125000,0.535000,-5.130000,15.618000,44.832000,28.950000
1.501,0.538000,0.083000,0.570000,1.779000,18.046000,48.740000,28.860000
1.513,0.445000,0.041000,0.610000,5.969000,15.176000,48.832000,28.910000
1.522,0.387000,-0.003000,0.622000,5.267000,9.542000,48.763000,29.000000
1.533,0.391000,-0.019000,0.607000,0.870000,6.901000,47.282000,28.910000
1.541,0.360000,-0.018000,0.579000,-4.344000,3.252000,47.641000,29.050000
1.552,0.314000,-0.030000,0.572000,-8.450000,-4.611000,45.603000,28.950000
1.565,0.338000,-0.002000,0.585000,-19.687000,-10.435000,41.069000,28.910000
1.573,0.352000,-0.022000,0.565000,-19.115000,-10.084000,35.031000,28.910000
1.584,0.400000,-0.045000,0.558000,-15.511000,-7.366000,33.069000,28.860000
1.591,0.410000,-0.043000,0.544000,-16.618000,-3.412000,27.198000,28.860000
1.603,0.436000,-0.061000,0.532000,-12.985000,-3.069000,25.000000,28.950000
1.610,0.469000,-0.074000,0.516000,-15.542000,1.137000,22.702000,28.910000
1.623,0.503000,-0.106000,0.486000,-21.557000,6.321000,21.092000,28.910000
1.635,0.503000,-0.113000,0.463000,-21.718000,9.092000,18.656000,28.950000
1.641,0.454000,-0.128000,0.467000,-17.954000,5.931000,20.954000,28.860000
1.654,0.422000,-0.092000,0.488000,-21.008000,-2.000000,21.786000,28.910000
1.660,0.396000,-0.102000,0.483000,-17.489000,-13.504000,19.473000,29.000000
1.673,0.444000,-0.108000,0.479000,-15.840000,-15.664000,17.557000,28.860000
1.681,0.473000,-0.146000,0.460000,-20.290000,-7.832000,15.031000,28.950000
1.692,0.501000,-0.137000,0.428000,-26.298000,1.802000,12.908000,28.950000
1.704,0.487000,-0.102000,0.384000,-30.802000,4.916000,3.840000,28.910000
1.711,0.503000,-0.098000,0.381000,-28.573000,7.595000,-5.420000,28.810000
1.724,0.518000,-0.113000,0.392000,-20.237000,3.748000,-9.099000,28.860000
1.731,0.554000,-0.148000,0.401000,-12.176000,1.664000,-11.527000,28.950000
1.743,0.600000,-0.155000,0.421000,-7.160000,4.847000,-7.191000,29.000000
1.750,0.605000,-0.166000,0.405000,-9.939000,4.649000,0.718000,28.910000
1.763,0.592000,-0.172000,0.386000,-14.855000,2.176000,0.359000,28.910000
1.774,0.580000,-0.165000,0.394000,-13.466000,1.595000,-2.290000,28.950000
1.783,0.565000,-0.169000,0.426000,-11.328000,0.725000,-0.435000,28.950000
1.794,0.523000,-0.164000,0.469000,-10.504000,-1.412000,-0.427000,28.950000
1.801,0.479000,-0.169000,0.483000,-11.832000,-3.137000,-1.954000,28.910000
1.813,0.493000,-0.169000,0.452000,-16.626000,-0.870000,-9.382000,28.860000
1.822,0.554000,-0.153000,0.417000,-18.145000,5.092000,-16.695000,28.950000
1.833,0.585000,-0.152000,0.406000,-15.962000,9.954000,-19.031000,28.860000
1.845,0.565000,-0.147000,0.411000,-12.534000,10.252000,-21.702000,29.000000
1.851,0.565000,-0.132000,0.452000,-11.656000,9.191000,-22.244000,28.910000
1.864,0.541000,-0.167000,0.452000,-8.420000,3.618000,-16.679000,28.950000
1.872,0.495000,-0.177000,0.479000,-5.473000,-0.580000,-15.870000,28.950000
1.883,0.501000,-0.185000,0.475000,-8.420000,-1.229000,-15.802000,28.910000
1.891,0.497000,-0.164000,0.436000,-10.122000,0.420000,-19.588000,28.910000
1.902,0.499000,-0.156000,0.413000,-3.351000,-2.725000,-23.504000,28.950000
1.915,0.497000,-0.097000,0.429000,2.305000,-6.145000,-26.977000,28.950000
1.922,0.511000,-0.089000,0.448000,6.053000,-9.855000,-33.672000,28.860000
1.935,0.563000,-0.116000,0.456000,11.702000,-8.321000,-34.450000,28.910000
1.942,0.579000,-0.108000,0.505000,15.191000,-3.626000,-31.794000,28.910000
1.953,0.550000,-0.085000,0.470000,5.939000,2.267000,-36.252000,28.950000
1.960,0.615000,-0.074000,0.428000,0.664000,8.191000,-38.145000,28.950000
1.973,0.642000,-0.036000,0.441000,2.885000,13.664000,-36.718000,28.860000
1.981,0.612000,-0.024000,0.464000,6.534000,9.893000,-37.565000,28.810000
1.993,0.610000,-0.011000,0.505000,13.061000,4.626000,-39.908000,28.910000
2.004,0.601000,-0.012000,0.529000,20.763000,-0.954000,-37.183000,28.860000
2.011,0.538000,-0.050000,0.571000,30.031000,-11.542000,-30.672000,28.950000
2.023,0.484000,-0.094000,0.619000,30.786000,-15.817000,-21.679000,28.910000
2.032,0.405000,-0.037000,0.594000,17.443000,-20.847000,-22.397000,28.910000
2.043,0.480000,0.034000,0.504000,3.427000,-22.405000,-38.313000,28.950000
2.049,0.600000,0.076000,0.458000,4.168000,-9.786000,-48.748000,28.860000
2.062,0.677000,0.100000,0.447000,12.534000,4.725000,-55.916000,28.860000
2.074,0.731000,0.101000,0.466000,19.733000,15.061000,-61.328000,28.810000
2.082,0.759000,0.030000,0.510000,27.374000,25.901000,-62.634000,29.000000
2.094,0.662000,-0.011000,0.562000,35.282000,27.656000,-42.626000,28.950000
2.100,0.396000,0.036000,0.594000,29.244000,4.695000,-28.076000,28.860000
2.113,0.271000,0.071000,0.588000,24.557000,-19.389000,-29.794000,28.910000
2.122,0.346000,0.094000,0.569000,18.015000,-26.473000,-37.069000,28.910000
2.133,0.498000,0.133000,0.510000,13.809000,-18.534000,-51.519000,29.000000
2.144,0.607000,0.157000,0.479000,15.061000,-6.542000,-61.183000,28.950000
2.151,0.690000,0.165000,0.458000,25.053000,-0.588000,-65.061000,28.950000
2.164,0.706000,0.130000,0.477000,37.672000,6.603000,-58.542000,28.860000
2.172,0.543000,0.154000,0.575000,40.718000,6.023000,-36.046000,28.910000
2.183,0.285000,0.188000,0.594000,31.763000,-12.672000,-24.618000,28.810000
2.190,0.293000,0.217000,0.606000,17.137000,-26.931000,-25.473000,28.950000
2.202,0.448000,0.136000,0.549000,3.443000,-16.427000,-35.748000,28.860000
2.215,0.551000,0.199000,0.503000,-3.000000,-2.550000,-47.397000,28.910000
2.224,0.637000,0.246000,0.465000,-1.794000,9.084000,-55.863000,28.810000
2.235,0.717000,0.229000,0.472000,9.031000,20.466000,-59.466000,28.950000
2.241,0.729000,0.202000,0.536000,21.038000,30.252000,-49.405000,28.950000
2.254,0.544000,0.378000,0.636000,15.130000,15.771000,-22.588000,28.860000
2.260,0.340000,0.364000,0.542000,7.405000,-26.046000,-26.527000,28.810000
2.274,0.439000,0.287000,0.563000,21.947000,-45.405000,-41.389000,28.910000
2.280,0.589000,0.273000,0.646000,30.458000,-47.947000,-43.809000,28.860000
2.292,0.667000,0.307000,0.647000,27.947000,-46.710000,-51.450000,28.860000
2.304,0.769000,0.370000,0.670000,23.855000,-41.038000,-59.466000,28.910000
2.311,0.855000,0.382000,0.673000,22.359000,-25.519000,-59.656000,28.810000
2.323,0.913000,0.369000,0.682000,18.328000,-4.397000,-49.947000,28.910000
2.331,0.847000,0.477000,0.746000,0.412000,10.443000,-26.191000,28.950000
2.343,0.691000,0.480000,0.648000,-19.878000,6.420000,-24.168000,28.860000
2.350,0.769000,0.415000,0.594000,-17.198000,6.176000,-26.802000,28.860000
2.362,0.793000,0.400000,0.648000,-19.198000,11.565000,-26.962000,28.910000
2.374,0.805000,0.346000,0.671000,-19.908000,13.634000,-26.084000,28.950000
2.382,0.828000,0.336000,0.689000,-19.794000,14.137000,-23.977000,28.950000
2.394,0.875000,0.302000,0.720000,-15.779000,24.969000,-13.496000,28.860000
2.400,0.769000,0.375000,0.756000,-9.695000,28.313000,6.336000,28.910000
2.413,0.596000,0.461000,0.734000,-18.153000,12.473000,11.687000,28.910000
2.421,0.622000,0.388000,0.675000,-16.672000,-2.718000,4.229000,28.950000
2.433,0.722000,0.353000,0.667000,-7.115000,-1.580000,-4.481000,28.950000
2.441,0.722000,0.324000,0.710000,1.977000,1.443000,-7.267000,28.910000
2.452,0.676000,0.347000,0.726000,8.725000,-4.122000,-7.954000,28.910000
2.465,0.670000,0.324000,0.696000,7.863000,-9.466000,-12.366000,28.910000
2.474,0.725000,0.292000,0.704000,2.702000,-4.069000,-4.878000,28.950000
2.484,0.672000,0.446000,0.779000,-12.954000,-6.267000,20.450000,28.950000
2.492,0.496000,0.433000,0.646000,-36.313000,-30.252000,18.092000,28.910000
2.503,0.602000,0.351000,0.580000,-33.992000,-46.221000,3.435000,28.910000
2.510,0.703000,0.318000,0.592000,-23.634000,-44.473000,-4.656000,28.910000
2.523,0.731000,0.299000,0.630000,-11.008000,-42.069000,-12.718000,28.860000
2.529,0.728000,0.281000,0.640000,-0.198000,-40.023000,-17.985000,28.860000
2.542,0.711000,0.286000,0.656000,11.687000,-35.603000,-24.649000,28.860000
2.554,0.722000,0.300000,0.689000,15.588000,-27.405000,-23.618000,28.910000
2.561,0.615000,0.474000,0.789000,4.565000,-30.786000,-15.748000,28.950000
2.573,0.527000,0.478000,0.703000,-13.618000,-49.969000,-27.779000,29.050000
2.581,0.717000,0.392000,0.643000,-10.733000,-50.099000,-43.305000,28.860000
2.593,0.825000,0.363000,0.642000,-0.405000,-41.069000,-50.298000,29.000000
2.605,0.879000,0.343000,0.652000,5.344000,-31.626000,-49.198000,28.810000
2.611,0.884000,0.326000,0.644000,13.809000,-24.229000,-43.939000,28.950000
2.624,0.863000,0.287000,0.655000,21.580000,-16.679000,-38.374000,28.860000
2.633,0.828000,0.290000,0.693000,26.298000,-9.061000,-28.519000,28.910000
2.644,0.714000,0.533000,0.821000,13.573000,-14.412000,-17.420000,28.910000
2.650,0.651000,0.519000,0.727000,-4.237000,-20.260000,-28.061000,28.910000
2.662,0.768000,0.423000,0.640000,3.122000,-11.557000,-41.977000,28.860000
2.675,0.864000,0.374000,0.642000,7.786000,1.023000,-42.870000,28.860000
2.683,0.909000,0.321000,0.604000,11.824000,9.473000,-29.618000,28.910000
2.694,0.891000,0.283000,0.580000,15.641000,21.000000,-15.924000,29.000000
2.701,0.836000,0.284000,0.564000,18.496000,34.229000,-2.550000,28.950000
2.713,0.722000,0.340000,0.598000,22.954000,38.275000,12.328000,28.860000
2.722,0.497000,0.540000,0.657000,11.809000,19.649000,14.221000,28.860000
2.734,0.443000,0.468000,0.573000,5.573000,-1.786000,-10.992000,28.860000
2.742,0.539000,0.415000,0.572000,13.069000,-9.802000,-35.557000,28.910000
2.752,0.624000,0.412000,0.625000,14.885000,-16.282000,-47.702000,28.950000
2.765,0.700000,0.339000,0.599000,16.061000,-18.641000,-52.863000,28.860000
2.774,0.742000,0.333000,0.591000,20.122000,-17.412000,-55.183000,28.910000
2.784,0.770000,0.381000,0.644000,22.656000,-11.504000,-52.015000,28.810000
2.791,0.777000,0.432000,0.694000,24.076000,-5.107000,-42.893000,28.910000
2.803,0.716000,0.644000,0.826000,19.802000,-11.206000,-29.313000,28.950000
2.810,0.654000,0.610000,0.811000,3.901000,-18.229000,-29.969000,28.860000
2.823,0.731000,0.480000,0.729000,10.947000,-13.473000,-33.198000,28.910000
2.835,0.721000,0.435000,0.725000,13.191000,-6.908000,-30.336000,28.910000
2.842,0.705000,0.398000,0.654000,11.802000,2.702000,-25.908000,28.860000
2.854,0.669000,0.395000,0.603000,10.412000,15.038000,-24.046000,28.860000
2.861,0.638000,0.509000,0.629000,4.122000,24.718000,-21.519000,28.950000
2.874,0.668000,0.460000,0.605000,5.130000,39.389000,-21.191000,29.000000
2.881,0.669000,0.489000,0.701000,15.809000,52.649000,-11.710000,28.910000
2.894,0.424000,0.638000,0.881000,17.824000,29.489000,-1.855000,28.860000
2.900,0.165000,0.587000,0.832000,19.260000,-22.153000,-8.580000,28.950000
2.912,0.165000,0.495000,0.740000,16.176000,-55.947000,-31.244000,28.860000
2.925,0.289000,0.498000,0.742000,9.809000,-65.763000,-47.534000,28.950000
2.933,0.414000,0.520000,0.662000,-3.435000,-52.534000,-60.053000,28.910000
2.944,0.516000,0.526000,0.625000,-18.519000,-35.267000,-68.878000,28.860000
2.950,0.545000,0.526000,0.574000,-24.061000,-13.489000,-81.977000,28.860000
2.963,0.554000,0.554000,0.554000,-25.183000,-4.298000,-95.290000,28.910000
2.972,0.590000,0.550000,0.544000,-25.344000,-8.542000,-102.679000,28.910000
2.983,0.639000,0.533000,0.523000,-23.771000,-18.321000,-108.809000,28.910000
2.995,0.724000,0.485000,0.497000,-18.145000,-19.260000,-112.206000,28.950000
3.000,0.778000,0.461000,0.505000,-12.908000,-18.664000,-112.832000,28.950000
3.013,0.827000,0.494000,0.553000,-10.550000,-18.702000,-109.023000,28.910000
3.025,0.868000,0.512000,0.569000,-12.466000,-16.275000,-106.084000,29.000000
3.032,0.951000,0.523000,0.598000,-10.305000,-7.733000,-104.740000,29.000000
3.044,1.013000,0.541000,0.614000,-3.870000,1.122000,-96.901000,28.860000
3.051,1.012000,0.529000,0.632000,0.802000,5.061000,-84.305000,28.860000
3.063,0.984000,0.587000,0.660000,-0.611000,2.122000,-72.710000,28.810000
3.072,0.938000,0.569000,0.629000,-2.328000,2.069000,-66.076000,28.910000
3.083,0.913000,0.525000,0.577000,-0.855000,1.481000,-62.015000,28.910000
3.091,0.880000,0.537000,0.599000,-0.802000,-1.626000,-59.084000,28.950000
3.102,0.851000,0.560000,0.593000,-1.809000,-0.237000,-54.985000,28.860000
3.115,0.832000,0.572000,0.598000,-1.389000,-0.038000,-50.763000,28.950000
3.124,0.787000,0.619000,0.599000,0.382000,1.664000,-48.969000,28.910000
3.134,0.777000,0.604000,0.585000,2.305000,4.527000,-47.893000,28.950000
3.143,0.747000,0.600000,0.564000,6.321000,9.214000,-46.466000,28.950000
3.154,0.720000,0.624000,0.580000,8.321000,12.397000,-43.939000,29.050000
3.161,0.720000,0.608000,0.577000,12.695000,25.695000,-36.550000,28.910000
3.173,0.705000,0.648000,0.625000,12.580000,36.206000,-27.206000,28.910000
3.181,0.710000,0.707000,0.650000,8.321000,53.237000,-9.916000,28.860000
3.193,0.668000,0.697000,0.614000,7.740000,69.908000,10.771000,28.950000
3.200,0.541000,0.716000,0.621000,8.153000,72.458000,23.679000,29.000000
3.213,0.432000,0.714000,0.598000,5.679000,70.084000,24.107000,29.000000
3.222,0.343000,0.659000,0.560000,11.489000,65.656000,13.847000,28.810000
3.234,0.271000,0.631000,0.535000,15.015000,54.107000,0.817000,28.950000
3.245,0.230000,0.642000,0.523000,10.916000,39.168000,-13.435000,28.860000
3.251,0.229000,0.679000,0.554000,2.710000,24.519000,-28.191000,28.910000
3.264,0.266000,0.765000,0.600000,-6.061000,10.977000,-40.763000,29.000000
3.272,0.336000,0.834000,0.635000,-18.885000,-2.061000,-47.031000,28.910000
3.283,0.427000,0.800000,0.615000,-26.702000,-8.603000,-53.550000,28.950000
3.292,0.503000,0.742000,0.578000,-24.389000,-16.641000,-53.267000,28.950000
3.302,0.524000,0.710000,0.552000,-19.260000,-28.443000,-52.924000,29.050000
3.314,0.498000,0.654000,0.500000,-10.840000,-35.107000,-54.313000,29.000000
3.322,0.479000,0.662000,0.506000,-6.244000,-37.542000,-56.061000,29.000000
3.334,0.501000,0.713000,0.542000,-12.412000,-37.931000,-58.832000,28.860000
3.341,0.547000,0.742000,0.546000,-20.344000,-31.000000,-62.565000,28.950000
3.352,0.607000,0.743000,0.556000,-24.870000,-22.351000,-61.641000,29.000000
3.364,0.651000,0.734000,0.577000,-24.053000,-19.450000,-52.565000,29.000000
3.372,0.711000,0.712000,0.575000,-23.519000,-14.084000,-44.855000,28.950000
3.384,0.715000,0.659000,0.542000,-10.008000,-1.939000,-35.931000,28.860000
3.391,0.650000,0.635000,0.537000,7.985000,6.664000,-27.786000,28.860000
3.403,0.564000,0.617000,0.516000,18.359000,16.550000,-23.695000,28.910000
3.410,0.488000,0.691000,0.577000,21.344000,16.145000,-19.733000,29.000000
3.423,0.437000,0.807000,0.621000,10.687000,11.305000,-18.153000,28.860000
3.436,0.446000,0.818000,0.655000,-0.885000,12.939000,-23.191000,28.950000
3.442,0.458000,0.802000,0.674000,-9.237000,15.351000,-25.015000,28.910000
3.454,0.459000,0.750000,0.678000,-12.107000,12.450000,-25.015000,28.910000
3.461,0.454000,0.713000,0.659000,-10.870000,7.824000,-24.351000,28.910000
3.474,0.477000,0.677000,0.617000,-7.748000,5.069000,-22.000000,28.950000
3.481,0.497000,0.654000,0.575000,-5.389000,5.710000,-15.084000,28.860000
3.493,0.491000,0.638000,0.537000,-5.473000,10.336000,-7.160000,28.950000
3.500,0.420000,0.695000,0.565000,-3.840000,14.450000,-1.206000,29.000000
3.512,0.342000,0.791000,0.637000,-17.282000,9.214000,-12.595000,28.950000
3.524,0.377000,0.728000,0.580000,-23.038000,12.519000,-28.382000,28.860000
3.533,0.467000,0.707000,0.593000,-20.527000,12.145000,-33.542000,28.950000
3.544,0.507000,0.661000,0.597000,-13.893000,3.214000,-26.893000,28.910000
3.552,0.533000,0.636000,0.579000,-8.435000,-4.282000,-17.924000,28.910000
3.563,0.514000,0.580000,0.549000,2.107000,-8.206000,-14.443000,28.950000
3.572,0.506000,0.569000,0.557000,9.885000,-9.313000,-9.725000,28.950000
3.583,0.457000,0.562000,0.574000,12.198000,-7.580000,-8.168000,28.950000
3.590,0.421000,0.584000,0.618000,10.328000,-9.496000,-11.305000,28.910000
3.602,0.400000,0.589000,0.658000,3.908000,-9.336000,-19.786000,28.910000
3.615,0.408000,0.618000,0.680000,-3.420000,-9.321000,-28.855000,28.950000
3.623,0.438000,0.604000,0.644000,-8.290000,-6.473000,-33.252000,28.950000
3.634,0.482000,0.634000,0.646000,-9.382000,-3.000000,-29.214000,28.910000
3.641,0.490000,0.648000,0.677000,-4.069000,-2.977000,-19.130000,29.000000
3.653,0.454000,0.652000,0.656000,-3.626000,-2.427000,-8.985000,28.910000
3.660,0.403000,0.651000,0.623000,-4.664000,1.687000,-2.427000,28.950000
3.673,0.347000,0.682000,0.667000,-5.069000,-1.595000,-1.344000,29.050000
3.681,0.323000,0.720000,0.666000,-9.130000,-2.992000,-6.916000,28.860000
3.693,0.317000,0.705000,0.673000,-8.863000,-4.534000,-12.359000,28.910000
3.705,0.313000,0.692000,0.677000,-10.809000,-7.008000,-19.908000,29.000000
3.711,0.339000,0.708000,0.701000,-7.214000,-12.191000,-27.893000,28.860000
3.724,0.352000,0.688000,0.688000,-7.855000,-11.550000,-32.321000,28.860000
3.733,0.342000,0.672000,0.651000,-12.817000,-13.031000,-35.916000,28.910000
3.743,0.347000,0.647000,0.613000,-14.725000,-13.664000,-38.718000,28.910000
3.749,0.340000,0.679000,0.649000,-15.176000,-17.893000,-42.145000,28.910000
3.761,0.425000,0.703000,0.653000,-25.595000,-20.183000,-43.466000,28.860000
3.774,0.520000,0.659000,0.611000,-28.985000,-14.908000,-39.366000,28.950000
3.782,0.578000,0.628000,0.575000,-27.802000,-10.504000,-28.420000,28.910000
3.794,0.579000,0.608000,0.532000,-21.794000,-9.176000,-14.031000,29.000000
3.801,0.549000,0.565000,0.485000,-8.901000,-4.275000,-1.550000,28.860000
3.813,0.471000,0.584000,0.498000,0.695000,0.351000,8.947000,28.950000
3.822,0.386000,0.589000,0.492000,4.473000,6.748000,13.779000,28.950000
3.833,0.318000,0.619000,0.523000,9.252000,7.313000,12.786000,28.810000
3.840,0.247000,0.678000,0.573000,8.908000,8.176000,6.916000,29.000000
3.852,0.234000,0.703000,0.612000,8.275000,5.817000,-0.466000,28.950000
3.860,0.243000,0.695000,0.636000,10.809000,2.351000,-4.336000,28.950000
3.872,0.248000,0.703000,0.654000,13.901000,-1.092000,-2.809000,28.950000
3.885,0.236000,0.697000,0.723000,15.107000,-7.611000,-4.282000,28.860000
3.892,0.213000,0.706000,0.763000,11.626000,-9.954000,-6.626000,29.000000
3.904,0.205000,0.725000,0.801000,4.740000,-14.924000,-11.198000,28.950000
3.911,0.222000,0.727000,0.788000,-5.817000,-19.550000,-16.267000,28.950000
3.923,0.251000,0.747000,0.781000,-16.557000,-19.947000,-21.817000,29.000000
3.932,0.280000,0.752000,0.776000,-28.137000,-18.160000,-26.176000,29.000000
3.943,0.303000,0.752000,0.737000,-38.191000,-17.496000,-29.267000,29.000000
3.954,0.319000,0.717000,0.679000,-42.603000,-14.603000,-31.313000,28.860000
3.961,0.316000,0.694000,0.628000,-41.130000,-16.420000,-31.817000,28.950000
3.973,0.314000,0.678000,0.600000,-38.252000,-18.641000,-33.466000,28.810000
3.981,0.335000,0.659000,0.580000,-34.344000,-20.275000,-34.405000,28.910000
3.992,0.337000,0.654000,0.547000,-31.779000,-21.168000,-35.214000,28.860000
4.004,0.338000,0.656000,0.540000,-29.664000,-24.679000,-36.206000,28.950000
4.011,0.336000,0.648000,0.541000,-26.023000,-26.893000,-36.725000,28.950000
4.023,0.377000,0.641000,0.506000,-19.977000,-31.160000,-34.565000,28.910000
4.032,0.400000,0.667000,0.540000,-15.924000,-34.153000,-30.733000,29.000000
4.043,0.409000,0.668000,0.565000,-13.687000,-29.481000,-28.847000,28.860000
4.054,0.404000,0.661000,0.534000,-11.786000,-25.076000,-28.840000,28.860000
4.061,0.389000,0.650000,0.530000,-10.313000,-24.015000,-26.939000,28.950000
4.074,0.393000,0.660000,0.528000,-7.534000,-22.298000,-25.237000,28.910000
4.081,0.380000,0.660000,0.550000,-6.145000,-22.076000,-23.511000,28.910000
4.093,0.351000,0.664000,0.540000,-5.679000,-21.557000,-22.351000,28.950000
4.099,0.349000,0.676000,0.553000,-4.076000,-23.008000,-21.580000,28.860000
4.112,0.345000,0.685000,0.543000,-3.145000,-23.466000,-18.649000,28.910000
4.124,0.354000,0.675000,0.559000,-0.916000,-22.817000,-17.756000,28.810000
4.133,0.336000,0.674000,0.548000,1.870000,-20.511000,-15.924000,29.050000
4.144,0.328000,0.671000,0.552000,4.481000,-18.679000,-16.412000,28.950000
4.151,0.313000,0.655000,0.538000,8.466000,-17.802000,-16.130000,28.910000
4.163,0.345000,0.679000,0.550000,7.901000,-12.603000,-16.061000,29.000000
4.173,0.344000,0.691000,0.578000,5.061000,-11.405000,-14.473000,28.910000
4.183,0.330000,0.693000,0.576000,3.885000,-6.908000,-11.947000,28.860000
4.195,0.329000,0.690000,0.576000,5.504000,-4.794000,-10.641000,28.860000
4.201,0.341000,0.697000,0.586000,10.565000,-7.366000,-6.229000,28.910000
4.214,0.337000,0.678000,0.606000,15.290000,-7.763000,-4.092000,28.810000
4.223,0.363000,0.680000,0.628000,15.267000,-6.374000,-2.359000,28.950000
4.234,0.355000,0.670000,0.624000,12.954000,-4.672000,0.641000,28.950000
4.241,0.344000,0.672000,0.635000,11.954000,-3.130000,3.031000,28.860000
4.253,0.331000,0.673000,0.625000,10.473000,-0.092000,3.237000,28.910000
4.261,0.315000,0.685000,0.630000,9.542000,1.924000,3.237000,29.000000
4.273,0.308000,0.685000,0.633000,8.076000,2.695000,3.954000,28.950000
4.282,0.293000,0.694000,0.632000,7.344000,1.260000,4.229000,28.860000
4.293,0.296000,0.700000,0.635000,10.344000,-1.557000,4.763000,28.910000
4.300,0.279000,0.697000,0.662000,10.580000,-6.611000,5.908000,28.910000
4.313,0.320000,0.704000,0.646000,7.099000,-7.008000,4.382000,28.860000
4.324,0.341000,0.686000,0.644000,6.939000,-7.351000,4.198000,28.950000
4.333,0.348000,0.677000,0.641000,4.878000,-6.756000,5.771000,28.770000
4.341,0.354000,0.688000,0.639000,1.634000,-3.710000,7.412000,28.910000
4.353,0.350000,0.673000,0.617000,1.656000,0.863000,7.893000,28.910000
4.360,0.338000,0.667000,0.622000,3.092000,2.092000,8.534000,28.950000
4.373,0.323000,0.662000,0.624000,3.664000,2.389000,8.473000,28.950000
4.383,0.320000,0.678000,0.598000,4.237000,1.679000,8.916000,28.910000
4.393,0.331000,0.693000,0.618000,9.481000,-1.779000,13.802000,28.910000
4.399,0.276000,0.702000,0.624000,7.542000,-0.191000,12.832000,28.910000
4.412,0.268000,0.698000,0.635000,3.969000,0.321000,11.198000,28.950000
4.423,0.244000,0.697000,0.592000,0.397000,-2.870000,6.412000,28.860000
4.433,0.257000,0.692000,0.585000,0.290000,-5.397000,2.313000,28.950000
4.445,0.281000,0.688000,0.586000,1.298000,-6.496000,-0.504000,28.910000
4.452,0.277000,0.688000,0.576000,3.229000,-8.832000,-1.305000,28.910000
4.464,0.293000,0.691000,0.567000,3.405000,-9.641000,-3.122000,28.860000
4.473,0.290000,0.707000,0.586000,1.847000,-12.435000,-4.870000,28.950000
4.484,0.314000,0.705000,0.582000,0.496000,-12.168000,-4.489000,28.910000
4.491,0.334000,0.690000,0.575000,-0.489000,-13.565000,-1.679000,29.000000
4.503,0.347000,0.694000,0.584000,-0.053000,-16.931000,0.595000,28.950000
4.510,0.348000,0.688000,0.569000,0.527000,-15.641000,2.015000,28.860000
4.523,0.353000,0.708000,0.582000,1.305000,-12.290000,2.198000,28.810000
4.533,0.345000,0.699000,0.605000,-0.695000,-7.878000,2.527000,28.910000
4.543,0.353000,0.696000,0.579000,3.344000,-2.931000,2.412000,28.910000
4.550,0.332000,0.685000,0.576000,4.359000,0.244000,1.595000,28.860000
4.563,0.320000,0.692000,0.593000,7.847000,0.450000,-0.733000,28.950000
4.572,0.319000,0.698000,0.601000,8.344000,2.863000,-3.389000,28.910000
4.583,0.327000,0.707000,0.603000,7.000000,4.473000,-4.550000,28.910000
4.590,0.344000,0.690000,0.602000,8.527000,1.359000,-1.992000,28.950000
4.602,0.364000,0.691000,0.616000,8.344000,1.977000,-0.557000,29.050000
4.610,0.354000,0.694000,0.609000,6.878000,2.374000,1.130000,29.050000
4.628,0.352000,0.683000,0.607000,5.282000,5.084000,3.099000,28.910000
4.635,0.338000,0.688000,0.611000,5.366000,2.916000,6.008000,29.000000
4.643,0.328000,0.693000,0.622000,2.802000,3.908000,5.878000,28.950000
4.650,0.311000,0.699000,0.604000,1.855000,2.031000,4.641000,28.860000
4.662,0.295000,0.691000,0.602000,1.313000,2.229000,2.885000,28.910000
4.676,0.296000,0.696000,0.594000,-0.275000,-0.092000,0.466000,28.910000
4.683,0.296000,0.696000,0.599000,-1.542000,-2.519000,-1.076000,28.910000
4.694,0.301000,0.694000,0.587000,-2.084000,-4.237000,-2.985000,28.860000
4.701,0.313000,0.694000,0.595000,-2.534000,-6.053000,-3.931000,28.950000
4.714,0.344000,0.687000,0.590000,-1.916000,-6.412000,-3.840000,29.000000
4.722,0.353000,0.693000,0.584000,-2.206000,-2.634000,-1.931000,28.910000
4.733,0.356000,0.690000,0.591000,-2.244000,-1.366000,-1.557000,28.860000
4.742,0.365000,0.695000,0.584000,-0.954000,1.107000,0.710000,28.860000
4.753,0.359000,0.690000,0.584000,2.260000,3.626000,2.718000,29.000000
4.760,0.345000,0.688000,0.594000,3.489000,6.412000,3.427000,29.000000
4.773,0.326000,0.698000,0.578000,2.779000,6.748000,3.244000,28.910000
4.782,0.314000,0.691000,0.579000,3.031000,6.595000,1.656000,28.860000
4.794,0.308000,0.697000,0.578000,3.298000,6.023000,0.534000,28.950000
4.800,0.310000,0.703000,0.584000,5.405000,2.824000,2.588000,28.950000
4.813,0.300000,0.697000,0.589000,4.664000,1.656000,1.878000,29.000000
4.824,0.304000,0.691000,0.592000,4.809000,2.366000,-0.275000,28.910000
4.834,0.304000,0.696000,0.597000,3.756000,2.779000,-2.527000,28.950000
4.841,0.329000,0.706000,0.596000,0.878000,0.885000,-2.947000,28.860000
4.853,0.332000,0.709000,0.586000,-0.565000,0.618000,-2.786000,29.000000
4.860,0.342000,0.700000,0.587000,-0.992000,0.985000,-1.634000,29.000000
4.873,0.335000,0.698000,0.586000,-1.702000,1.847000,-1.336000,28.950000
4.880,0.334000,0.701000,0.587000,-0.443000,2.237000,-1.344000,28.950000
4.892,0.333000,0.704000,0.587000,2.229000,2.427000,-0.160000,28.950000
4.905,0.321000,0.702000,0.596000,2.641000,2.809000,-1.313000,28.810000
4.912,0.310000,0.711000,0.588000,2.870000,2.481000,-2.031000,28.910000
4.925,0.304000,0.702000,0.599000,2.595000,0.641000,-2.084000,28.860000
4.932,0.323000,0.710000,0.596000,1.901000,1.313000,-1.954000,28.860000
4.945,0.336000,0.705000,0.606000,1.733000,0.992000,-0.802000,29.000000
4.951,0.346000,0.706000,0.617000,3.153000,2.656000,0.153000,28.910000
4.964,0.337000,0.688000,0.579000,1.458000,4.779000,1.107000,29.000000
4.972,0.335000,0.692000,0.576000,1.260000,4.992000,1.962000,28.860000
4.985,0.332000,0.691000,0.583000,1.389000,6.969000,2.206000,28.860000
4.992,0.329000,0.692000,0.576000,1.015000,5.748000,3.046000,28.950000
5.004,0.306000,0.703000,0.596000,1.840000,3.977000,3.214000,28.910000
5.011,0.290000,0.700000,0.585000,1.137000,3.160000,2.244000,28.950000
5.024,0.303000,0.708000,0.571000,-0.244000,3.008000,1.496000,28.950000
5.033,0.302000,0.707000,0.574000,0.473000,1.527000,-0.916000,28.950000
5.045,0.317000,0.702000,0.577000,0.687000,1.237000,-3.168000,28.910000
5.072,0.329000,0.699000,0.579000,1.718000,1.748000,-2.832000,28.910000
5.072,0.345000,0.696000,0.575000,1.687000,2.992000,-2.076000,28.950000
5.073,0.341000,0.702000,0.598000,0.985000,3.084000,-0.748000,28.950000
