time_sec,ax,ay,az,gx,gy,gz,temp_c
0.021,0.133000,-0.073000,1.099000,-22.794000,-2.947000,20.893000,29.380000
0.021,0.126000,-0.078000,1.115000,-22.718000,-4.328000,17.275000,29.330000
0.031,0.142000,-0.055000,1.137000,-22.511000,-7.260000,13.298000,29.330000
0.043,0.145000,-0.009000,1.186000,-28.107000,-10.435000,11.786000,29.280000
0.050,0.153000,0.002000,1.196000,-36.084000,-14.229000,11.626000,29.280000
0.063,0.169000,-0.012000,1.191000,-44.160000,-16.527000,13.534000,29.330000
0.069,0.207000,-0.029000,1.158000,-52.534000,-14.679000,16.435000,29.330000
0.082,0.240000,-0.095000,1.110000,-57.679000,-12.092000,19.130000,29.240000
0.093,0.247000,-0.146000,1.050000,-58.466000,-1.313000,19.901000,29.280000
0.102,0.267000,-0.179000,1.030000,-56.855000,12.069000,16.115000,29.330000
0.116,0.248000,-0.188000,0.997000,-55.153000,18.962000,13.824000,29.240000
0.121,0.184000,-0.193000,0.991000,-52.137000,23.985000,13.656000,29.280000
0.133,0.139000,-0.177000,0.969000,-57.405000,24.969000,18.130000,29.190000
0.140,0.098000,-0.180000,0.952000,-60.634000,20.359000,22.916000,29.330000
0.152,0.086000,-0.190000,0.908000,-63.359000,13.176000,25.076000,29.240000
0.159,0.081000,-0.204000,0.894000,-64.656000,6.802000,24.664000,29.330000
0.172,0.096000,-0.203000,0.916000,-65.687000,4.611000,19.954000,29.380000
0.179,0.147000,-0.193000,0.940000,-66.893000,8.237000,11.267000,29.380000
0.192,0.167000,-0.197000,0.946000,-64.260000,12.282000,3.664000,29.240000
0.204,0.216000,-0.214000,0.930000,-62.366000,23.107000,-5.115000,29.240000
0.211,0.226000,-0.240000,0.923000,-60.397000,31.687000,-10.588000,29.380000
0.223,0.257000,-0.230000,0.917000,-56.802000,41.176000,-13.786000,29.280000
0.229,0.213000,-0.210000,0.938000,-58.252000,43.405000,-10.786000,29.330000
0.243,0.113000,-0.196000,0.952000,-62.733000,27.076000,0.519000,29.240000
0.250,0.075000,-0.178000,0.944000,-68.863000,8.374000,10.878000,29.240000
0.262,0.146000,-0.209000,0.889000,-76.122000,-9.031000,23.008000,29.280000
0.267,0.180000,-0.316000,0.782000,-81.313000,-17.565000,34.802000,29.240000
0.281,0.235000,-0.411000,0.655000,-85.527000,-7.565000,35.824000,29.330000
0.293,0.256000,-0.521000,0.550000,-79.794000,8.420000,34.420000,29.280000
0.300,0.244000,-0.552000,0.460000,-66.053000,31.580000,23.237000,29.380000
0.313,0.187000,-0.610000,0.431000,-50.786000,52.328000,2.145000,29.330000
0.320,0.118000,-0.600000,0.449000,-34.779000,63.855000,-15.397000,29.240000
0.332,0.015000,-0.514000,0.493000,-24.466000,64.084000,-26.573000,29.330000
0.341,-0.078000,-0.474000,0.582000,-23.802000,45.885000,-27.740000,29.380000
0.351,-0.116000,-0.422000,0.616000,-29.565000,17.649000,-18.427000,29.280000
0.363,-0.078000,-0.453000,0.644000,-31.687000,-9.550000,-11.443000,29.330000
0.370,0.033000,-0.453000,0.671000,-31.008000,-26.527000,-5.214000,29.330000
0.382,0.138000,-0.496000,0.723000,-24.191000,-34.137000,-3.718000,29.190000
0.391,0.285000,-0.459000,0.804000,-14.809000,-22.802000,-10.641000,29.380000
0.402,0.363000,-0.386000,0.924000,-7.992000,4.122000,-22.328000,29.240000
0.414,0.373000,-0.327000,0.993000,-8.947000,32.832000,-31.374000,29.240000
0.420,0.305000,-0.296000,1.023000,-13.756000,55.229000,-38.405000,29.240000
0.433,0.105000,-0.277000,1.028000,-24.267000,53.695000,-31.290000,29.280000
0.441,-0.032000,-0.309000,0.960000,-36.305000,33.618000,-15.763000,29.420000
0.452,-0.077000,-0.407000,0.853000,-46.328000,3.504000,-1.435000,29.330000
0.459,0.038000,-0.488000,0.743000,-45.053000,-11.069000,2.214000,29.330000
0.471,0.118000,-0.587000,0.643000,-44.092000,-11.168000,4.267000,29.380000
0.483,0.193000,-0.668000,0.567000,-31.634000,-3.748000,-4.298000,29.280000
0.491,0.180000,-0.677000,0.553000,-18.053000,7.954000,-13.863000,29.240000
0.504,0.150000,-0.651000,0.570000,-7.099000,14.305000,-18.710000,29.240000
0.511,0.101000,-0.601000,0.611000,1.267000,12.527000,-20.924000,29.280000
0.523,0.089000,-0.538000,0.657000,6.351000,4.908000,-20.031000,29.380000
0.529,0.119000,-0.478000,0.720000,6.878000,-0.084000,-19.038000,29.330000
0.543,0.131000,-0.450000,0.749000,5.405000,-4.641000,-15.168000,29.240000
0.550,0.123000,-0.422000,0.832000,3.656000,-12.771000,-10.267000,29.380000
0.562,0.168000,-0.394000,0.863000,1.107000,-13.626000,-8.786000,29.280000
0.568,0.194000,-0.416000,0.870000,-3.252000,-10.573000,-7.840000,29.330000
0.581,0.233000,-0.454000,0.844000,-2.328000,-1.672000,-12.687000,29.330000
0.594,0.208000,-0.485000,0.822000,-2.366000,1.550000,-14.115000,29.240000
0.601,0.187000,-0.509000,0.772000,-1.038000,4.351000,-12.992000,29.280000
0.613,0.166000,-0.522000,0.783000,-0.534000,0.435000,-10.847000,29.330000
0.620,0.149000,-0.506000,0.793000,1.489000,-4.687000,-7.985000,29.240000
0.632,0.157000,-0.498000,0.817000,0.878000,-10.221000,-6.260000,29.280000
0.640,0.184000,-0.476000,0.826000,1.229000,-12.443000,-7.679000,29.280000
0.652,0.180000,-0.501000,0.821000,0.634000,-15.298000,-7.076000,29.330000
0.660,0.183000,-0.498000,0.802000,1.237000,-16.542000,-5.534000,29.330000
0.671,0.192000,-0.517000,0.769000,1.427000,-17.916000,-3.221000,29.330000
0.677,0.212000,-0.525000,0.756000,2.252000,-15.969000,-1.458000,29.280000
0.692,0.250000,-0.514000,0.788000,5.824000,-10.573000,-3.878000,29.280000
0.709,0.225000,-0.479000,0.805000,6.153000,-5.435000,-4.076000,29.240000
0.712,0.178000,-0.473000,0.824000,6.496000,-3.527000,-3.718000,29.240000
0.723,0.142000,-0.457000,0.831000,6.061000,-6.611000,-2.931000,29.380000
0.731,0.142000,-0.462000,0.812000,5.664000,-12.412000,-2.473000,29.280000
0.743,0.152000,-0.459000,0.798000,4.863000,-16.786000,-0.420000,29.240000
0.750,0.162000,-0.467000,0.760000,4.672000,-20.740000,2.008000,29.330000
0.762,0.165000,-0.494000,0.726000,4.649000,-23.824000,6.023000,29.240000
0.769,0.199000,-0.493000,0.705000,8.824000,-23.053000,6.252000,29.380000
0.782,0.213000,-0.505000,0.675000,12.534000,-20.298000,5.458000,29.330000
0.791,0.202000,-0.511000,0.649000,15.908000,-15.176000,4.069000,29.240000
0.802,0.174000,-0.530000,0.632000,21.015000,-14.000000,3.015000,29.330000
0.814,0.131000,-0.504000,0.618000,25.359000,-19.130000,3.466000,29.280000
0.821,0.149000,-0.487000,0.608000,28.908000,-25.389000,4.267000,29.280000
0.833,0.168000,-0.495000,0.593000,31.740000,-32.183000,7.061000,29.330000
0.842,0.178000,-0.535000,0.572000,35.420000,-41.557000,13.069000,29.330000
0.853,0.203000,-0.522000,0.567000,41.870000,-45.443000,16.000000,29.190000
0.859,0.260000,-0.512000,0.587000,46.740000,-44.481000,16.397000,29.380000
0.872,0.317000,-0.508000,0.612000,54.672000,-35.534000,12.939000,29.240000
0.879,0.341000,-0.452000,0.671000,61.664000,-20.321000,5.389000,29.240000
0.893,0.328000,-0.401000,0.733000,63.794000,-7.885000,1.588000,29.380000
0.899,0.246000,-0.389000,0.760000,62.160000,-7.641000,3.779000,29.280000
0.911,0.164000,-0.335000,0.803000,63.565000,-15.336000,5.733000,29.280000
0.923,0.135000,-0.284000,0.835000,58.053000,-35.405000,14.359000,29.330000
0.930,0.180000,-0.302000,0.834000,54.115000,-59.550000,24.427000,29.240000
0.943,0.305000,-0.299000,0.818000,47.679000,-60.901000,28.649000,29.330000
0.951,0.406000,-0.364000,0.762000,44.710000,-51.374000,29.252000,29.380000
0.962,0.474000,-0.439000,0.738000,51.168000,-31.290000,24.321000,29.330000
0.969,0.480000,-0.431000,0.718000,60.687000,-4.542000,13.588000,29.330000
0.981,0.416000,-0.406000,0.708000,66.137000,17.977000,7.115000,29.280000
0.991,0.284000,-0.357000,0.718000,67.786000,21.336000,7.954000,29.280000
1.001,0.159000,-0.310000,0.749000,68.229000,11.870000,13.450000,29.330000
1.013,0.093000,-0.263000,0.748000,60.916000,-11.702000,25.580000,29.240000
1.020,0.086000,-0.282000,0.719000,54.588000,-38.092000,36.893000,29.330000
1.033,0.201000,-0.335000,0.699000,55.618000,-51.298000,40.443000,29.280000
1.041,0.316000,-0.364000,0.684000,63.000000,-47.344000,35.298000,29.280000
1.052,0.429000,-0.353000,0.684000,73.313000,-27.893000,23.977000,29.240000
1.060,0.438000,-0.317000,0.681000,79.855000,-1.863000,15.550000,29.330000
1.072,0.359000,-0.306000,0.660000,85.282000,15.519000,11.397000,29.280000
1.079,0.251000,-0.237000,0.704000,89.305000,22.893000,8.282000,29.380000
1.092,0.180000,-0.152000,0.758000,84.992000,17.489000,6.450000,29.330000
1.099,0.101000,-0.103000,0.812000,78.107000,0.412000,7.878000,29.330000
1.112,0.085000,-0.070000,0.845000,69.802000,-22.038000,11.725000,29.330000
1.123,0.096000,-0.134000,0.825000,65.405000,-49.565000,16.802000,29.380000
1.130,0.205000,-0.158000,0.782000,67.244000,-68.802000,20.076000,29.330000
1.143,0.379000,-0.219000,0.740000,73.069000,-72.901000,21.588000,29.240000
1.151,0.548000,-0.240000,0.709000,84.115000,-52.718000,15.855000,29.380000
1.162,0.614000,-0.234000,0.673000,91.794000,-17.527000,8.656000,29.280000
1.169,0.505000,-0.211000,0.690000,99.832000,7.947000,5.183000,29.380000
1.181,0.359000,-0.111000,0.745000,101.840000,15.061000,5.977000,29.330000
1.191,0.177000,-0.028000,0.827000,94.084000,-1.718000,10.412000,29.420000
1.201,0.129000,0.041000,0.904000,89.878000,-28.542000,13.679000,29.280000
1.214,0.128000,0.051000,0.887000,80.206000,-61.908000,22.313000,29.280000
1.220,0.281000,-0.014000,0.835000,77.115000,-81.260000,26.061000,29.330000
1.233,0.443000,-0.084000,0.735000,73.038000,-75.008000,25.679000,29.330000
1.241,0.590000,-0.205000,0.654000,80.008000,-46.084000,18.198000,29.380000
1.253,0.667000,-0.269000,0.614000,96.023000,-1.931000,5.885000,29.380000
1.260,0.589000,-0.237000,0.568000,111.786000,41.290000,-3.137000,29.240000
1.272,0.303000,-0.102000,0.587000,117.137000,48.008000,2.702000,29.420000
1.279,-0.015000,0.069000,0.711000,113.618000,11.198000,17.863000,29.240000
1.292,-0.128000,0.244000,0.805000,102.313000,-43.947000,26.893000,29.280000
1.303,-0.055000,0.334000,0.851000,82.771000,-104.473000,34.198000,29.330000
1.310,0.162000,0.291000,0.789000,65.351000,-135.824000,36.634000,29.330000
1.323,0.406000,0.108000,0.656000,55.313000,-134.779000,31.420000,29.380000
1.329,0.666000,-0.074000,0.557000,69.573000,-96.336000,14.840000,29.380000
1.343,0.766000,-0.128000,0.525000,95.412000,-42.473000,-1.084000,29.280000
1.350,0.645000,-0.035000,0.613000,117.817000,-4.397000,-8.740000,29.240000
1.361,0.456000,0.243000,0.776000,127.534000,18.298000,-16.786000,29.240000
1.367,0.151000,0.412000,0.927000,126.878000,0.244000,-14.748000,29.380000
1.380,-0.034000,0.500000,0.945000,117.824000,-47.061000,-7.603000,29.280000
1.393,0.035000,0.465000,0.851000,103.252000,-100.626000,-1.611000,29.330000
1.401,0.244000,0.330000,0.692000,94.924000,-125.656000,0.481000,29.420000
1.412,0.514000,0.188000,0.609000,100.260000,-118.229000,-7.595000,29.380000
1.419,0.781000,0.297000,0.700000,108.969000,-84.115000,-22.840000,29.280000
1.431,0.768000,0.411000,0.813000,115.832000,-43.794000,-34.008000,29.330000
1.444,0.588000,0.614000,0.917000,109.053000,-30.458000,-35.183000,29.240000
1.452,0.405000,0.653000,0.945000,97.893000,-39.832000,-29.588000,29.330000
1.463,0.273000,0.599000,0.875000,87.000000,-73.260000,-14.763000,29.380000
1.470,0.313000,0.513000,0.714000,74.580000,-105.733000,-1.557000,29.280000
1.482,0.426000,0.398000,0.577000,71.679000,-123.756000,4.542000,29.330000
1.491,0.613000,0.428000,0.620000,72.527000,-124.733000,1.916000,29.330000
1.502,0.771000,0.471000,0.760000,78.397000,-99.252000,-12.260000,29.380000
1.509,0.822000,0.625000,0.878000,81.351000,-66.282000,-28.229000,29.280000
1.521,0.771000,0.658000,0.977000,78.885000,-43.603000,-41.603000,29.330000
1.533,0.720000,0.725000,0.990000,75.656000,-34.275000,-46.870000,29.330000
1.541,0.679000,0.687000,0.976000,77.206000,-36.580000,-46.519000,29.280000
1.553,0.636000,0.668000,0.911000,73.305000,-41.802000,-41.023000,29.280000
1.561,0.590000,0.584000,0.778000,65.733000,-46.504000,-29.687000,29.330000
1.572,0.524000,0.462000,0.647000,63.916000,-51.580000,-23.924000,29.240000
1.579,0.483000,0.377000,0.518000,69.351000,-54.618000,-26.244000,29.380000
1.592,0.498000,0.342000,0.485000,79.824000,-55.145000,-39.023000,29.280000
1.601,0.601000,0.417000,0.534000,93.183000,-46.573000,-59.107000,29.280000
1.611,0.611000,0.525000,0.583000,100.496000,-43.260000,-70.550000,29.330000
1.623,0.577000,0.585000,0.581000,97.450000,-44.344000,-75.107000,29.330000
1.630,0.656000,0.654000,0.539000,93.740000,-48.740000,-73.229000,29.380000
1.642,0.684000,0.654000,0.489000,94.427000,-58.435000,-69.664000,29.280000
1.651,0.723000,0.677000,0.448000,94.565000,-58.939000,-64.580000,29.330000
1.662,0.680000,0.685000,0.443000,93.206000,-62.229000,-53.176000,29.330000
1.669,0.675000,0.778000,0.459000,87.802000,-72.267000,-43.618000,29.280000
1.681,0.735000,0.822000,0.452000,79.489000,-68.084000,-38.779000,29.380000
1.693,0.782000,0.774000,0.427000,73.580000,-56.847000,-33.679000,29.330000
1.701,0.761000,0.768000,0.417000,72.794000,-45.969000,-32.725000,29.330000
1.713,0.656000,0.771000,0.401000,74.985000,-45.771000,-32.954000,29.280000
1.720,0.603000,0.820000,0.396000,77.595000,-54.206000,-36.634000,29.380000
1.732,0.625000,0.833000,0.405000,77.092000,-58.649000,-43.786000,29.330000
1.742,0.686000,0.833000,0.420000,82.405000,-63.855000,-50.542000,29.330000
1.751,0.748000,0.832000,0.425000,88.145000,-58.229000,-59.634000,29.380000
1.758,0.773000,0.835000,0.413000,89.817000,-53.313000,-66.130000,29.380000
1.771,0.764000,0.886000,0.451000,90.511000,-51.107000,-66.397000,29.280000
1.783,0.775000,0.962000,0.481000,84.160000,-50.695000,-62.183000,29.420000
1.791,0.741000,1.011000,0.499000,74.481000,-56.412000,-50.076000,29.330000
1.802,0.674000,0.921000,0.459000,66.427000,-64.092000,-35.229000,29.330000
1.809,0.691000,0.907000,0.394000,59.649000,-67.313000,-28.504000,29.380000
1.822,0.757000,0.864000,0.329000,58.489000,-58.855000,-33.916000,29.240000
1.829,0.877000,0.871000,0.291000,61.092000,-39.817000,-45.977000,29.420000
1.842,0.847000,0.885000,0.300000,64.221000,-20.878000,-47.855000,29.280000
1.854,0.754000,0.883000,0.323000,67.160000,-13.076000,-43.031000,29.280000
1.861,0.591000,0.975000,0.328000,57.313000,-17.382000,-29.145000,29.330000
1.873,0.412000,0.905000,0.286000,44.855000,-37.916000,-17.351000,29.330000
1.880,0.449000,0.874000,0.191000,36.656000,-55.374000,-22.443000,29.280000
1.892,0.538000,0.805000,0.120000,36.611000,-66.702000,-33.328000,29.380000
1.901,0.686000,0.753000,0.081000,46.740000,-66.107000,-47.237000,29.330000
1.911,0.776000,0.770000,0.079000,56.748000,-57.489000,-49.511000,29.330000
1.917,0.814000,0.787000,0.142000,63.008000,-47.359000,-45.672000,29.280000
1.931,0.861000,0.940000,0.220000,53.328000,-27.221000,-35.763000,29.380000
1.943,0.766000,0.881000,0.240000,44.832000,-17.115000,-16.740000,29.280000
1.952,0.748000,0.860000,0.196000,42.443000,-7.168000,-9.771000,29.240000
1.963,0.647000,0.878000,0.179000,41.519000,-0.885000,-2.145000,29.420000
1.970,0.528000,0.851000,0.138000,43.878000,-7.435000,3.382000,29.280000
1.982,0.465000,0.832000,0.122000,43.252000,-13.748000,0.115000,29.380000
1.991,0.396000,0.834000,0.147000,47.191000,-24.412000,-5.145000,29.330000
2.002,0.394000,0.832000,0.158000,52.053000,-40.901000,-13.214000,29.330000
2.010,0.501000,0.892000,0.169000,51.565000,-43.779000,-22.595000,29.280000
2.021,0.607000,0.897000,0.221000,54.321000,-38.992000,-29.573000,29.280000
2.034,0.680000,0.941000,0.248000,51.802000,-24.511000,-30.328000,29.330000
2.041,0.638000,0.982000,0.250000,41.092000,-15.099000,-19.595000,29.330000
2.054,0.644000,0.847000,0.219000,36.962000,-13.718000,-16.519000,29.380000
2.060,0.744000,0.806000,0.216000,39.015000,-5.702000,-17.160000,29.280000
2.072,0.786000,0.821000,0.249000,43.046000,-1.443000,-12.206000,29.330000
2.079,0.790000,0.851000,0.288000,42.137000,1.702000,-6.038000,29.240000
2.093,0.693000,0.907000,0.294000,38.153000,-4.924000,0.214000,29.280000
2.100,0.550000,0.926000,0.274000,30.985000,-23.237000,4.351000,29.280000
2.112,0.498000,0.921000,0.191000,19.176000,-39.206000,4.733000,29.280000
2.119,0.530000,0.898000,0.081000,7.824000,-46.840000,4.748000,29.420000
2.131,0.599000,0.824000,-0.013000,4.458000,-38.664000,2.282000,29.330000
2.141,0.673000,0.798000,-0.099000,2.954000,-20.527000,5.573000,29.330000
2.151,0.599000,0.760000,-0.167000,3.626000,-5.969000,9.168000,29.380000
2.160,0.531000,0.761000,-0.154000,13.550000,6.328000,5.489000,29.240000
2.171,0.427000,0.776000,-0.119000,22.893000,9.603000,2.298000,29.330000
2.177,0.356000,0.846000,-0.055000,26.947000,4.382000,-1.855000,29.190000
2.191,0.347000,0.915000,-0.008000,23.466000,-1.321000,-4.809000,29.380000
2.203,0.387000,0.895000,-0.012000,15.824000,-10.290000,-7.557000,29.330000
2.211,0.484000,0.911000,-0.033000,10.328000,-12.053000,-6.550000,29.240000
2.222,0.516000,0.840000,-0.078000,8.450000,-9.031000,-1.939000,29.280000
2.230,0.570000,0.806000,-0.058000,12.817000,-0.878000,-2.344000,29.380000
2.243,0.591000,0.863000,-0.000000,17.191000,12.725000,-4.328000,29.280000
2.251,0.526000,0.911000,0.115000,16.931000,18.153000,-4.947000,29.330000
2.262,0.466000,0.984000,0.208000,11.931000,16.084000,-4.382000,29.330000
2.269,0.448000,1.056000,0.268000,-1.969000,5.481000,-3.107000,29.280000
2.281,0.490000,1.042000,0.251000,-17.672000,-7.603000,-0.153000,29.280000
2.291,0.596000,0.966000,0.198000,-29.588000,-13.985000,6.435000,29.330000
2.301,0.697000,0.938000,0.161000,-38.740000,-9.191000,13.786000,29.330000
2.314,0.814000,0.924000,0.169000,-42.496000,7.832000,18.153000,29.330000
2.320,0.788000,0.917000,0.188000,-47.137000,24.718000,28.366000,29.280000
2.333,0.722000,0.920000,0.185000,-50.847000,35.198000,37.069000,29.240000
2.340,0.643000,0.905000,0.165000,-53.076000,38.740000,42.908000,29.330000
2.353,0.597000,0.916000,0.144000,-57.519000,32.725000,45.695000,29.380000
2.360,0.604000,0.853000,0.148000,-58.115000,30.458000,45.893000,29.380000
2.372,0.599000,0.827000,0.149000,-55.893000,24.901000,43.344000,29.380000
2.379,0.623000,0.853000,0.196000,-52.504000,27.069000,38.809000,29.330000
2.392,0.672000,0.886000,0.252000,-49.817000,28.321000,32.450000,29.240000
2.400,0.718000,0.983000,0.318000,-57.176000,34.351000,32.931000,29.190000
2.411,0.740000,1.030000,0.344000,-71.244000,37.603000,39.489000,29.380000
2.423,0.749000,1.042000,0.352000,-87.069000,43.336000,45.962000,29.420000
2.430,0.743000,0.946000,0.307000,-94.718000,43.290000,52.679000,29.240000
2.443,0.729000,0.911000,0.281000,-99.908000,44.321000,57.046000,29.280000
2.451,0.745000,0.849000,0.249000,-99.298000,47.740000,57.557000,29.380000
2.462,0.740000,0.830000,0.242000,-96.511000,44.740000,58.244000,29.240000
2.469,0.781000,0.859000,0.314000,-92.924000,45.496000,57.412000,29.330000
2.482,0.796000,0.909000,0.393000,-92.015000,44.908000,60.580000,29.330000
2.491,0.837000,0.974000,0.494000,-93.389000,44.229000,66.382000,29.280000
2.501,0.943000,1.066000,0.551000,-110.542000,61.672000,66.634000,29.380000
2.515,0.864000,1.028000,0.568000,-121.763000,70.382000,74.687000,29.420000
2.520,0.744000,1.000000,0.537000,-128.756000,67.023000,80.389000,29.330000
2.533,0.665000,0.953000,0.506000,-134.626000,59.885000,80.046000,29.280000
2.541,0.686000,0.913000,0.468000,-138.336000,52.359000,75.977000,29.380000
2.552,0.754000,0.839000,0.439000,-136.695000,49.687000,70.718000,29.330000
2.560,0.782000,0.810000,0.448000,-130.504000,51.305000,67.336000,29.330000
2.571,0.764000,0.846000,0.489000,-126.519000,49.221000,69.344000,29.190000
2.578,0.739000,0.927000,0.525000,-127.962000,47.435000,72.992000,29.280000
2.593,0.687000,0.906000,0.553000,-135.573000,41.885000,77.901000,29.380000
2.604,0.679000,0.918000,0.619000,-142.366000,32.679000,74.534000,29.330000
2.611,0.827000,0.910000,0.655000,-151.870000,44.206000,60.137000,29.240000
2.623,0.915000,0.801000,0.636000,-157.305000,61.023000,50.481000,29.280000
2.629,0.949000,0.721000,0.586000,-156.511000,76.489000,48.099000,29.380000
2.643,0.939000,0.638000,0.540000,-149.282000,86.420000,54.328000,29.240000
2.651,0.785000,0.654000,0.527000,-140.916000,76.145000,71.198000,29.330000
2.661,0.605000,0.698000,0.557000,-140.015000,58.672000,84.550000,29.330000
2.673,0.517000,0.729000,0.574000,-144.695000,33.786000,88.008000,29.280000
2.680,0.538000,0.691000,0.618000,-150.321000,11.588000,85.405000,29.330000
2.693,0.666000,0.678000,0.637000,-153.176000,11.038000,68.969000,29.330000
2.702,0.742000,0.574000,0.602000,-152.786000,20.298000,55.855000,29.330000
2.713,0.726000,0.448000,0.580000,-142.359000,22.496000,48.115000,29.380000
2.719,0.772000,0.434000,0.558000,-130.794000,26.496000,40.595000,29.190000
2.731,0.724000,0.448000,0.567000,-128.901000,22.412000,46.244000,29.330000
2.738,0.686000,0.416000,0.560000,-128.168000,11.679000,60.672000,29.240000
2.752,0.625000,0.373000,0.542000,-126.489000,-1.229000,77.656000,29.280000
2.764,0.546000,0.332000,0.614000,-118.344000,-16.397000,87.901000,29.280000
2.770,0.616000,0.455000,0.687000,-117.214000,-11.824000,82.702000,29.240000
2.783,0.587000,0.381000,0.705000,-119.344000,-9.908000,73.366000,29.330000
2.791,0.616000,0.248000,0.729000,-107.855000,-0.565000,47.046000,29.380000
2.802,0.726000,0.252000,0.745000,-95.740000,18.634000,20.565000,29.280000
2.811,0.767000,0.265000,0.763000,-88.565000,31.000000,11.550000,29.280000
2.821,0.769000,0.295000,0.778000,-89.931000,47.809000,6.099000,29.330000
2.828,0.726000,0.281000,0.734000,-93.580000,56.458000,9.863000,29.330000
2.842,0.627000,0.252000,0.678000,-105.924000,53.122000,21.962000,29.240000
2.853,0.533000,0.187000,0.627000,-109.130000,46.366000,35.992000,29.280000
2.861,0.495000,0.188000,0.569000,-115.710000,36.977000,48.504000,29.240000
2.872,0.441000,0.138000,0.596000,-120.015000,27.351000,55.107000,29.240000
2.879,0.546000,0.190000,0.576000,-122.893000,38.069000,42.901000,29.280000
2.892,0.484000,0.148000,0.557000,-128.168000,43.634000,35.084000,29.380000
2.900,0.479000,0.092000,0.626000,-111.702000,40.489000,11.985000,29.240000
2.911,0.616000,0.131000,0.615000,-101.580000,52.038000,-10.908000,29.330000
2.923,0.597000,0.052000,0.598000,-93.969000,57.641000,-15.160000,29.330000
2.930,0.623000,0.106000,0.652000,-86.176000,65.046000,-22.733000,29.190000
2.943,0.669000,0.209000,0.673000,-96.275000,75.107000,-24.031000,29.280000
2.950,0.593000,0.237000,0.681000,-125.244000,74.435000,-7.855000,29.330000
2.963,0.540000,0.132000,0.633000,-146.885000,73.580000,15.679000,29.240000
2.969,0.430000,-0.036000,0.573000,-151.412000,58.176000,33.183000,29.380000
2.981,0.544000,-0.101000,0.613000,-129.893000,53.893000,22.397000,29.280000
2.994,0.700000,-0.012000,0.691000,-118.840000,56.420000,11.817000,29.240000
3.001,0.718000,-0.057000,0.740000,-109.855000,63.931000,-2.053000,29.240000
3.014,0.732000,-0.083000,0.730000,-107.305000,74.565000,-12.031000,29.240000
3.019,0.674000,-0.192000,0.635000,-105.656000,72.893000,-6.893000,29.280000
3.032,0.603000,-0.205000,0.550000,-104.557000,63.870000,10.863000,29.330000
3.039,0.562000,-0.242000,0.423000,-110.458000,52.176000,33.779000,29.240000
3.052,0.558000,-0.298000,0.379000,-122.107000,54.374000,49.550000,29.330000
3.064,0.495000,-0.389000,0.360000,-128.710000,71.000000,54.450000,29.280000
3.070,0.404000,-0.493000,0.370000,-122.763000,79.198000,50.298000,29.280000
3.082,0.305000,-0.556000,0.489000,-102.611000,78.412000,24.260000,29.330000
3.091,0.410000,-0.485000,0.637000,-73.412000,82.168000,-29.588000,29.240000
3.102,0.444000,-0.368000,0.726000,-67.191000,74.977000,-61.321000,29.280000
3.110,0.404000,-0.349000,0.853000,-65.137000,51.611000,-67.359000,29.380000
3.121,0.505000,-0.225000,0.907000,-75.511000,26.855000,-59.481000,29.240000
3.133,0.542000,-0.238000,0.892000,-88.115000,0.412000,-31.725000,29.240000
3.141,0.619000,-0.265000,0.809000,-107.191000,-8.328000,2.061000,29.240000
3.152,0.639000,-0.356000,0.675000,-117.504000,-0.527000,30.198000,29.280000
3.160,0.689000,-0.364000,0.611000,-118.160000,22.695000,31.336000,29.280000
3.171,0.651000,-0.336000,0.509000,-125.115000,52.931000,22.084000,29.240000
3.178,0.512000,-0.447000,0.442000,-113.206000,70.168000,2.061000,29.240000
3.193,0.431000,-0.421000,0.373000,-103.099000,74.237000,-18.099000,29.330000
3.203,0.287000,-0.472000,0.372000,-94.496000,62.740000,-23.618000,29.190000
3.210,0.323000,-0.421000,0.388000,-85.809000,49.573000,-25.351000,29.330000
3.222,0.329000,-0.429000,0.370000,-82.687000,34.328000,-13.656000,29.330000
3.229,0.292000,-0.444000,0.339000,-84.366000,25.893000,4.908000,29.380000
3.243,0.273000,-0.485000,0.299000,-83.901000,20.962000,16.046000,29.380000
3.248,0.299000,-0.539000,0.309000,-73.893000,23.473000,7.664000,29.280000
3.262,0.353000,-0.536000,0.340000,-65.099000,30.786000,-9.603000,29.330000
3.273,0.333000,-0.560000,0.363000,-59.817000,39.763000,-20.397000,29.240000
3.280,0.271000,-0.543000,0.384000,-55.443000,35.153000,-16.351000,29.280000
3.293,0.206000,-0.537000,0.421000,-51.260000,24.214000,-4.153000,29.190000
3.301,0.184000,-0.520000,0.465000,-43.954000,16.168000,-0.366000,29.240000
3.312,0.277000,-0.447000,0.532000,-38.481000,18.458000,-11.206000,29.330000
3.318,0.352000,-0.451000,0.564000,-36.641000,28.748000,-28.962000,29.280000
3.331,0.365000,-0.452000,0.576000,-37.412000,33.977000,-35.405000,29.280000
3.343,0.326000,-0.445000,0.590000,-39.962000,30.481000,-28.038000,29.330000
3.352,0.289000,-0.457000,0.567000,-45.466000,21.443000,-12.427000,29.240000
3.362,0.272000,-0.559000,0.566000,-41.817000,13.496000,-3.198000,29.330000
3.369,0.365000,-0.583000,0.565000,-36.336000,15.748000,-10.214000,29.280000
3.381,0.410000,-0.614000,0.574000,-33.046000,21.557000,-16.618000,29.280000
3.388,0.440000,-0.618000,0.572000,-30.221000,26.084000,-17.519000,29.240000
3.401,0.440000,-0.647000,0.544000,-25.466000,27.740000,-13.282000,29.240000
3.414,0.418000,-0.643000,0.549000,-21.771000,25.870000,-3.252000,29.280000
3.420,0.358000,-0.626000,0.556000,-19.389000,26.053000,4.130000,29.190000
3.432,0.304000,-0.622000,0.596000,-17.641000,22.740000,6.282000,29.240000
3.441,0.289000,-0.586000,0.610000,-15.000000,21.160000,-1.977000,29.330000
3.452,0.276000,-0.602000,0.614000,-14.420000,19.313000,-7.008000,29.280000
3.461,0.312000,-0.607000,0.569000,-14.634000,17.351000,-8.924000,29.190000
3.471,0.306000,-0.654000,0.542000,-10.160000,12.321000,-6.267000,29.240000
3.483,0.330000,-0.648000,0.543000,-6.221000,10.527000,-3.855000,29.240000
3.492,0.322000,-0.652000,0.550000,-4.603000,10.863000,-1.504000,29.240000
3.503,0.320000,-0.646000,0.567000,-2.305000,12.290000,-3.863000,29.280000
3.510,0.311000,-0.623000,0.571000,-1.740000,14.206000,-10.435000,29.280000
3.522,0.295000,-0.628000,0.560000,0.321000,14.695000,-14.634000,29.240000
3.529,0.291000,-0.642000,0.550000,5.557000,11.916000,-18.244000,29.140000
3.543,0.304000,-0.631000,0.542000,8.450000,7.382000,-19.679000,29.240000
3.550,0.323000,-0.616000,0.540000,10.893000,4.015000,-19.328000,29.190000
3.562,0.329000,-0.603000,0.536000,12.298000,0.740000,-17.443000,29.330000
3.568,0.333000,-0.557000,0.525000,13.908000,-6.015000,-14.870000,29.240000
3.581,0.379000,-0.506000,0.519000,8.779000,-9.458000,-11.985000,29.280000
3.593,0.416000,-0.521000,0.494000,10.313000,-10.282000,-6.504000,29.280000
3.602,0.452000,-0.505000,0.457000,13.504000,-9.481000,-0.664000,29.240000
3.614,0.471000,-0.483000,0.448000,19.588000,-4.321000,1.733000,29.240000
3.620,0.482000,-0.518000,0.461000,29.924000,0.099000,-1.176000,29.280000
3.632,0.481000,-0.515000,0.531000,38.534000,9.679000,-3.336000,29.280000
3.641,0.441000,-0.498000,0.603000,43.313000,18.756000,-3.656000,29.330000
3.652,0.370000,-0.480000,0.651000,46.046000,22.260000,-0.313000,29.240000
3.660,0.325000,-0.471000,0.658000,45.519000,23.794000,2.672000,29.330000
3.672,0.302000,-0.464000,0.666000,45.206000,24.519000,2.382000,29.280000
3.679,0.285000,-0.448000,0.650000,45.336000,26.305000,1.267000,29.190000
3.693,0.296000,-0.438000,0.661000,45.939000,27.267000,-1.176000,29.330000
3.699,0.296000,-0.431000,0.698000,49.695000,27.328000,-4.656000,29.240000
3.711,0.300000,-0.405000,0.710000,55.802000,27.893000,-8.344000,29.240000
3.723,0.326000,-0.428000,0.692000,52.626000,29.466000,-12.985000,29.280000
3.730,0.358000,-0.462000,0.654000,54.885000,35.038000,-15.649000,29.240000
3.743,0.390000,-0.499000,0.613000,61.443000,38.840000,-16.153000,29.240000
3.750,0.408000,-0.513000,0.591000,67.595000,43.908000,-15.099000,29.190000
3.762,0.372000,-0.460000,0.600000,72.847000,43.626000,-10.076000,29.280000
3.769,0.232000,-0.396000,0.632000,71.412000,24.031000,7.038000,29.240000
3.781,0.140000,-0.394000,0.656000,67.565000,-3.847000,25.473000,29.240000
3.793,0.176000,-0.396000,0.682000,67.359000,-23.527000,33.252000,29.240000
3.802,0.285000,-0.410000,0.704000,69.969000,-24.466000,32.420000,29.190000
3.814,0.406000,-0.426000,0.716000,75.611000,-9.664000,22.351000,29.280000
3.820,0.491000,-0.459000,0.740000,84.267000,21.229000,7.366000,29.330000
3.833,0.473000,-0.475000,0.730000,95.015000,53.069000,-6.573000,29.140000
3.842,0.381000,-0.495000,0.736000,109.031000,81.908000,-18.962000,29.280000
3.853,0.268000,-0.407000,0.780000,117.145000,98.992000,-27.061000,29.280000
3.859,0.107000,-0.326000,0.829000,116.802000,90.053000,-25.244000,29.330000
3.871,-0.050000,-0.266000,0.875000,108.328000,61.374000,-13.298000,29.330000
3.883,-0.098000,-0.218000,0.928000,92.145000,26.313000,-0.305000,29.240000
3.893,-0.006000,-0.227000,0.943000,77.290000,-0.641000,7.344000,29.280000
3.903,0.114000,-0.312000,0.989000,72.046000,-8.061000,6.687000,29.280000
3.911,0.247000,-0.371000,1.025000,73.237000,1.817000,-1.450000,29.240000
3.922,0.327000,-0.364000,1.047000,78.061000,19.344000,-13.855000,29.240000
3.929,0.340000,-0.347000,1.050000,80.267000,47.183000,-26.794000,29.380000
3.942,0.333000,-0.349000,1.036000,81.321000,67.534000,-37.664000,29.280000
3.950,0.303000,-0.307000,1.036000,82.237000,84.015000,-45.603000,29.240000
3.961,0.208000,-0.275000,1.058000,80.168000,79.855000,-47.023000,29.330000
3.973,0.071000,-0.208000,1.098000,71.458000,63.221000,-38.137000,29.280000
3.980,-0.027000,-0.156000,1.123000,56.534000,31.832000,-25.618000,29.190000
3.993,0.000000,-0.161000,1.139000,37.397000,0.748000,-13.672000,29.330000
4.002,0.095000,-0.202000,1.131000,24.405000,-24.015000,-6.901000,29.330000
4.013,0.222000,-0.235000,1.107000,17.282000,-31.466000,-5.046000,29.280000
4.019,0.305000,-0.323000,1.109000,12.084000,-27.557000,-5.824000,29.280000
4.031,0.408000,-0.258000,1.068000,13.313000,-10.382000,-12.489000,29.280000
4.042,0.425000,-0.246000,1.057000,9.954000,5.115000,-17.802000,29.330000
4.053,0.404000,-0.252000,1.034000,8.344000,20.924000,-21.931000,29.330000
4.064,0.396000,-0.285000,1.006000,11.489000,28.786000,-19.061000,29.330000
4.070,0.386000,-0.270000,1.017000,12.252000,32.672000,-15.336000,29.280000
4.083,0.370000,-0.244000,1.007000,9.656000,38.580000,-14.557000,29.330000
4.091,0.352000,-0.209000,1.003000,3.382000,45.580000,-8.366000,29.330000
4.102,0.329000,-0.197000,1.012000,-0.282000,48.481000,-3.924000,29.380000
4.111,0.296000,-0.229000,1.018000,-2.374000,53.145000,0.870000,29.280000
4.122,0.230000,-0.213000,1.003000,-4.008000,51.481000,3.580000,29.240000
4.129,0.177000,-0.221000,0.995000,-6.450000,46.885000,6.748000,29.240000
4.144,0.138000,-0.249000,0.983000,-7.511000,41.817000,8.664000,29.380000
4.150,0.110000,-0.251000,0.966000,-5.153000,36.641000,8.634000,29.280000
4.162,0.092000,-0.253000,0.967000,-1.718000,33.855000,7.672000,29.280000
4.168,0.089000,-0.215000,0.975000,3.282000,33.313000,4.435000,29.330000
4.181,0.087000,-0.186000,1.007000,5.603000,34.893000,0.206000,29.330000
4.193,0.076000,-0.147000,1.016000,4.237000,36.305000,-4.023000,29.380000
4.202,0.064000,-0.096000,1.046000,1.626000,36.649000,-8.626000,29.280000
4.214,0.035000,-0.103000,1.046000,-3.847000,35.969000,-9.771000,29.240000
4.220,0.034000,-0.109000,1.039000,-5.160000,28.565000,-11.427000,29.420000
4.232,0.033000,-0.119000,1.013000,-11.611000,22.672000,-10.382000,29.330000
4.239,0.040000,-0.142000,0.961000,-17.397000,16.321000,-7.344000,29.280000
4.252,0.040000,-0.190000,0.924000,-18.954000,7.832000,-3.893000,29.330000
4.259,0.072000,-0.242000,0.899000,-11.817000,-2.244000,-2.573000,29.240000
4.271,0.109000,-0.257000,0.880000,-5.153000,-2.183000,-1.427000,29.280000
4.278,0.143000,-0.257000,0.882000,1.542000,3.771000,-1.053000,29.280000
4.294,0.142000,-0.242000,0.909000,6.282000,9.779000,-0.939000,29.280000
4.303,0.119000,-0.194000,0.938000,6.260000,15.351000,-0.176000,29.330000
4.312,0.088000,-0.170000,0.962000,0.328000,17.366000,2.695000,29.330000
4.323,0.054000,-0.166000,0.966000,-4.832000,16.588000,6.626000,29.190000
4.330,0.025000,-0.193000,0.942000,-9.290000,12.176000,9.870000,29.280000
4.343,0.021000,-0.218000,0.921000,-10.992000,8.649000,10.817000,29.330000
4.350,0.024000,-0.233000,0.920000,-10.298000,6.176000,10.481000,29.330000
4.363,0.022000,-0.247000,0.908000,-7.931000,4.412000,8.969000,29.280000
4.370,0.003000,-0.231000,0.912000,-5.931000,1.695000,6.389000,29.280000
4.382,0.004000,-0.228000,0.941000,-3.519000,-2.038000,2.947000,29.240000
4.394,0.030000,-0.210000,0.951000,-2.344000,-3.435000,-0.206000,29.240000
4.409,0.043000,-0.199000,0.969000,0.008000,-4.550000,-4.214000,29.240000
4.415,0.063000,-0.173000,0.955000,-1.916000,-2.527000,-5.817000,29.280000
4.422,0.076000,-0.177000,0.956000,-5.359000,0.046000,-5.893000,29.380000
4.429,0.088000,-0.196000,0.932000,-7.160000,1.153000,-4.908000,29.330000
4.443,0.097000,-0.216000,0.929000,-7.351000,3.557000,-4.076000,29.330000
4.447,0.094000,-0.232000,0.896000,-7.733000,3.702000,-2.084000,29.280000
4.461,0.081000,-0.259000,0.886000,-6.443000,1.336000,0.527000,29.280000
4.473,0.079000,-0.278000,0.879000,-0.084000,-2.031000,-0.183000,29.330000
4.480,0.091000,-0.251000,0.893000,3.939000,-2.466000,-1.084000,29.240000
4.493,0.109000,-0.233000,0.896000,2.969000,-2.145000,-0.672000,29.190000
4.501,0.093000,-0.236000,0.913000,3.641000,-3.435000,0.389000,29.280000
4.513,0.105000,-0.207000,0.938000,2.832000,-1.214000,0.511000,29.330000
4.520,0.083000,-0.190000,0.949000,0.870000,-2.779000,2.130000,29.330000
4.532,0.077000,-0.184000,0.960000,-0.901000,-5.099000,3.427000,29.280000
4.541,0.083000,-0.180000,0.981000,-3.206000,-9.405000,3.748000,29.280000
4.553,0.079000,-0.163000,0.969000,-5.160000,-13.107000,4.794000,29.330000
4.559,0.122000,-0.201000,0.988000,-6.710000,-12.290000,5.641000,29.330000
4.571,0.116000,-0.203000,0.931000,-11.695000,-12.374000,6.519000,29.330000
4.579,0.154000,-0.255000,0.937000,-9.229000,-5.527000,7.290000,29.280000
4.592,0.150000,-0.259000,0.899000,-7.359000,0.901000,7.405000,29.380000
4.599,0.138000,-0.262000,0.874000,-6.542000,4.122000,7.603000,29.330000
4.612,0.106000,-0.275000,0.868000,-5.069000,6.504000,9.321000,29.330000
4.617,0.077000,-0.264000,0.862000,-2.122000,6.542000,10.435000,29.280000
4.631,0.056000,-0.248000,0.858000,-0.908000,3.198000,11.282000,29.280000
4.643,0.025000,-0.240000,0.891000,0.519000,-2.847000,11.351000,29.420000
4.651,0.041000,-0.215000,0.924000,3.366000,-6.725000,8.275000,29.330000
4.663,0.068000,-0.199000,0.934000,3.450000,-10.137000,5.137000,29.280000
4.670,0.080000,-0.190000,0.947000,0.092000,-9.718000,5.099000,29.280000
4.683,0.105000,-0.189000,0.961000,-1.389000,-9.069000,6.435000,29.330000
4.694,0.109000,-0.203000,0.958000,-2.740000,-8.366000,8.481000,29.240000
4.703,0.113000,-0.210000,0.935000,-3.244000,-6.321000,10.061000,29.330000
4.709,0.108000,-0.229000,0.944000,-2.145000,-6.122000,11.099000,29.380000
4.722,0.099000,-0.234000,0.940000,0.191000,-4.969000,9.733000,29.280000
4.729,0.093000,-0.218000,0.943000,0.328000,-2.603000,7.947000,29.420000
4.743,0.083000,-0.218000,0.945000,0.435000,-1.977000,6.122000,29.330000
4.753,0.087000,-0.215000,0.947000,0.351000,-3.458000,5.550000,29.420000
4.762,0.087000,-0.196000,0.948000,-0.718000,-5.214000,5.450000,29.280000
4.769,0.104000,-0.195000,0.947000,-3.275000,-6.427000,7.229000,29.330000
4.781,0.110000,-0.202000,0.953000,-4.565000,-7.298000,8.840000,29.330000
4.793,0.111000,-0.214000,0.945000,-5.924000,-7.641000,10.000000,29.280000
4.803,0.116000,-0.224000,0.943000,-6.977000,-7.229000,11.267000,29.380000
4.813,0.118000,-0.221000,0.937000,-6.802000,-5.977000,11.695000,29.330000
4.820,0.117000,-0.227000,0.915000,-6.802000,-4.855000,10.992000,29.330000
4.833,0.117000,-0.241000,0.906000,-7.412000,-4.603000,10.863000,29.240000
4.844,0.110000,-0.260000,0.893000,-5.687000,-5.305000,11.450000,29.380000
4.854,0.113000,-0.255000,0.888000,-2.863000,-4.710000,10.160000,29.380000
4.860,0.117000,-0.249000,0.881000,-0.939000,-4.603000,8.878000,29.240000
4.872,0.093000,-0.257000,0.893000,-0.305000,-5.756000,8.824000,29.330000
4.879,0.081000,-0.238000,0.902000,1.107000,-7.260000,7.794000,29.280000
4.893,0.079000,-0.232000,0.921000,1.229000,-12.397000,7.237000,29.380000
4.899,0.085000,-0.215000,0.936000,-0.382000,-16.695000,6.710000,29.240000
4.912,0.100000,-0.212000,0.949000,-1.405000,-19.260000,7.313000,29.330000
4.923,0.133000,-0.207000,0.953000,-2.489000,-20.076000,8.427000,29.420000
4.931,0.168000,-0.215000,0.940000,-3.786000,-16.321000,8.840000,29.280000
4.943,0.187000,-0.235000,0.929000,-4.473000,-8.115000,9.336000,29.330000
4.951,0.183000,-0.246000,0.910000,-3.855000,-0.511000,9.382000,29.420000
4.963,0.149000,-0.252000,0.893000,-2.908000,4.115000,9.763000,29.330000
4.970,0.119000,-0.261000,0.891000,-1.641000,5.802000,9.420000,29.380000
4.983,0.105000,-0.250000,0.900000,0.237000,5.733000,8.252000,29.190000
4.991,0.106000,-0.244000,0.907000,0.802000,2.863000,6.893000,29.330000
5.003,0.102000,-0.242000,0.893000,1.214000,-0.802000,7.145000,29.240000
5.012,0.091000,-0.232000,0.908000,0.885000,-3.809000,9.122000,29.380000
5.022,0.086000,-0.219000,0.915000,1.412000,-8.733000,10.061000,29.380000
5.029,0.093000,-0.206000,0.920000,0.099000,-12.939000,10.939000,29.240000
5.043,0.115000,-0.216000,0.936000,0.076000,-14.649000,10.489000,29.330000
5.051,0.130000,-0.211000,0.941000,-1.000000,-12.031000,8.481000,29.380000
5.062,0.148000,-0.232000,0.936000,-1.702000,-8.527000,6.656000,29.280000
5.068,0.156000,-0.245000,0.929000,-1.115000,-4.947000,6.214000,29.330000
5.081,0.153000,-0.243000,0.934000,0.298000,-1.954000,6.649000,29.420000
5.088,0.160000,-0.236000,0.916000,-0.084000,-0.267000,7.870000,29.330000
5.103,0.133000,-0.232000,0.909000,-0.908000,0.298000,10.237000,29.380000
5.114,0.126000,-0.220000,0.910000,-1.374000,0.267000,10.870000,29.380000
5.120,0.104000,-0.225000,0.922000,-2.908000,-1.336000,11.397000,29.330000
5.133,0.082000,-0.245000,0.910000,-2.824000,-4.366000,11.282000,29.330000
5.142,0.088000,-0.251000,0.902000,-3.023000,-7.137000,10.947000,29.380000
5.153,0.092000,-0.248000,0.896000,-2.382000,-8.763000,8.809000,29.380000
5.161,0.102000,-0.262000,0.906000,-0.802000,-10.626000,7.427000,29.330000
5.172,0.119000,-0.254000,0.912000,1.748000,-11.107000,5.374000,29.240000
5.179,0.140000,-0.235000,0.938000,2.489000,-11.099000,3.214000,29.280000
5.192,0.135000,-0.226000,0.951000,2.573000,-10.901000,1.893000,29.380000
5.201,0.146000,-0.211000,0.964000,2.336000,-9.130000,1.076000,29.330000
5.212,0.165000,-0.213000,0.969000,1.084000,-8.221000,0.885000,29.330000
5.219,0.179000,-0.208000,0.959000,-2.634000,-6.031000,2.550000,29.280000
5.231,0.167000,-0.224000,0.953000,-4.656000,-4.634000,5.458000,29.380000
5.238,0.165000,-0.242000,0.925000,-5.206000,-4.466000,8.145000,29.280000
5.252,0.169000,-0.238000,0.914000,-6.290000,-3.649000,10.305000,29.330000
5.264,0.149000,-0.252000,0.892000,-7.008000,-2.435000,11.038000,29.330000
5.270,0.138000,-0.270000,0.883000,-5.985000,-3.924000,10.840000,29.380000
time_sec,ax,ay,az,gx,gy,gz,temp_c
0.022,0.387000,0.732000,0.611000,3.473000,0.031000,4.321000,25.090000
0.024,0.406000,0.714000,0.614000,4.267000,-0.695000,4.794000,25.000000
0.031,0.413000,0.717000,0.593000,4.084000,-0.885000,6.542000,25.050000
0.044,0.411000,0.712000,0.591000,4.191000,1.275000,6.977000,25.050000
0.051,0.393000,0.712000,0.596000,3.183000,3.916000,6.916000,25.050000
0.064,0.383000,0.722000,0.597000,1.069000,5.237000,4.252000,24.950000
0.071,0.383000,0.724000,0.591000,-1.634000,5.840000,2.573000,25.050000
0.084,0.382000,0.716000,0.574000,-3.160000,4.687000,1.565000,24.950000
0.091,0.408000,0.728000,0.588000,-2.557000,0.595000,2.992000,25.050000
0.104,0.437000,0.725000,0.585000,-3.290000,-0.489000,4.748000,25.000000
0.111,0.457000,0.729000,0.572000,-2.702000,-0.786000,7.366000,25.000000
0.123,0.480000,0.723000,0.573000,-2.000000,0.611000,9.336000,25.000000
0.131,0.479000,0.708000,0.573000,-1.901000,3.985000,10.580000,24.950000
0.143,0.460000,0.695000,0.559000,-0.885000,6.718000,11.740000,25.050000
0.150,0.444000,0.692000,0.558000,-0.847000,8.794000,11.107000,25.050000
0.163,0.425000,0.691000,0.551000,0.046000,6.863000,10.000000,25.050000
0.170,0.418000,0.695000,0.555000,-0.718000,4.160000,9.763000,25.050000
0.183,0.426000,0.699000,0.554000,-1.374000,3.183000,8.321000,25.000000
0.190,0.443000,0.702000,0.554000,-0.366000,3.664000,6.924000,25.090000
0.203,0.437000,0.707000,0.566000,-0.328000,1.122000,7.069000,25.090000
0.210,0.442000,0.717000,0.573000,-0.969000,-1.153000,6.847000,25.090000
0.222,0.463000,0.698000,0.577000,-2.153000,-2.863000,5.954000,25.090000
0.229,0.487000,0.693000,0.581000,-1.244000,-8.366000,7.168000,25.050000
0.243,0.521000,0.708000,0.595000,-3.244000,-10.176000,8.405000,25.050000
0.248,0.563000,0.693000,0.594000,-4.756000,-9.122000,9.061000,25.050000
0.261,0.591000,0.693000,0.590000,-5.794000,-7.710000,11.496000,24.950000
0.274,0.594000,0.697000,0.593000,-6.511000,-4.985000,14.015000,25.050000
0.280,0.612000,0.680000,0.572000,-6.130000,0.695000,15.702000,25.000000
0.293,0.614000,0.672000,0.561000,-4.237000,4.817000,18.344000,25.090000
0.301,0.589000,0.685000,0.542000,-2.145000,6.412000,20.885000,25.190000
0.313,0.553000,0.699000,0.552000,-0.992000,5.947000,19.962000,25.000000
0.320,0.544000,0.733000,0.577000,-1.130000,2.183000,18.076000,25.000000
0.332,0.543000,0.734000,0.604000,-3.664000,-4.321000,15.450000,24.950000
0.340,0.583000,0.714000,0.601000,-6.611000,-8.779000,12.580000,24.950000
0.352,0.622000,0.698000,0.601000,-8.160000,-15.206000,13.244000,25.050000
0.359,0.655000,0.671000,0.581000,-8.832000,-19.038000,16.412000,25.140000
0.371,0.708000,0.667000,0.568000,-8.351000,-19.496000,20.405000,25.050000
0.384,0.719000,0.704000,0.584000,-8.519000,-18.527000,27.038000,25.000000
0.391,0.738000,0.701000,0.605000,-11.748000,-15.733000,28.221000,25.090000
0.403,0.744000,0.676000,0.599000,-12.183000,-12.160000,28.809000,25.000000
0.410,0.747000,0.683000,0.613000,-9.779000,-10.687000,32.198000,25.000000
0.422,0.774000,0.642000,0.588000,-5.725000,-4.519000,32.824000,25.000000
0.429,0.770000,0.638000,0.585000,-1.252000,-0.824000,34.763000,25.140000
0.442,0.737000,0.642000,0.604000,0.641000,2.374000,36.107000,25.140000
0.449,0.703000,0.646000,0.626000,0.115000,3.595000,32.405000,25.050000
0.462,0.707000,0.678000,0.649000,0.290000,1.756000,31.435000,25.140000
0.467,0.699000,0.695000,0.678000,-3.107000,-1.595000,29.809000,25.140000
0.481,0.730000,0.677000,0.686000,-4.756000,-6.298000,30.695000,25.140000
0.494,0.801000,0.644000,0.694000,1.794000,-3.534000,34.359000,24.950000
0.501,0.775000,0.695000,0.709000,5.031000,0.702000,41.542000,25.090000
0.513,0.758000,0.698000,0.739000,-7.779000,-3.740000,52.099000,25.000000
0.520,0.771000,0.712000,0.762000,-13.298000,-10.504000,59.412000,25.090000
0.533,0.778000,0.727000,0.803000,-10.824000,-4.916000,58.275000,25.050000
0.540,0.725000,0.735000,0.791000,-11.458000,1.519000,56.458000,25.050000
0.552,0.711000,0.687000,0.786000,-17.061000,2.756000,55.573000,25.140000
0.559,0.686000,0.656000,0.790000,-20.840000,0.534000,50.527000,25.050000
0.571,0.689000,0.629000,0.771000,-23.473000,-2.939000,49.229000,25.000000
0.584,0.671000,0.595000,0.760000,-26.053000,-6.267000,47.252000,25.000000
0.591,0.698000,0.582000,0.722000,-27.153000,-10.840000,46.779000,25.000000
0.603,0.723000,0.608000,0.729000,-25.038000,-13.718000,43.443000,25.090000
0.610,0.725000,0.641000,0.744000,-22.107000,-12.565000,41.511000,25.090000
0.622,0.718000,0.654000,0.753000,-22.756000,-14.641000,42.573000,25.000000
0.629,0.702000,0.645000,0.745000,-24.878000,-20.695000,41.534000,25.050000
0.641,0.726000,0.676000,0.773000,-28.969000,-26.557000,41.847000,24.950000
0.654,0.757000,0.681000,0.781000,-32.153000,-28.336000,42.015000,25.140000
0.660,0.809000,0.679000,0.776000,-35.260000,-23.290000,42.206000,25.050000
0.673,0.836000,0.666000,0.764000,-35.198000,-19.389000,44.664000,25.050000
0.679,0.872000,0.670000,0.752000,-30.481000,-16.687000,46.901000,25.090000
0.692,0.886000,0.693000,0.769000,-28.389000,-10.412000,52.824000,25.090000
0.699,0.861000,0.703000,0.758000,-29.763000,-4.534000,58.321000,25.090000
0.711,0.867000,0.686000,0.760000,-29.817000,1.191000,62.565000,25.000000
0.724,0.816000,0.676000,0.742000,-30.580000,5.160000,71.756000,25.000000
0.731,0.738000,0.661000,0.719000,-32.008000,3.809000,78.351000,25.140000
0.743,0.678000,0.669000,0.729000,-33.115000,-3.069000,81.695000,25.050000
0.750,0.635000,0.657000,0.736000,-39.557000,-13.305000,81.595000,25.050000
0.762,0.642000,0.658000,0.732000,-39.702000,-22.702000,78.084000,25.140000
0.769,0.719000,0.649000,0.751000,-41.603000,-26.130000,71.679000,25.050000
0.781,0.771000,0.651000,0.734000,-43.687000,-20.366000,69.649000,25.090000
0.794,0.875000,0.648000,0.743000,-40.985000,-9.901000,72.588000,25.090000
0.801,0.870000,0.599000,0.712000,-41.519000,2.122000,80.992000,25.090000
0.813,0.812000,0.572000,0.690000,-37.985000,8.550000,87.443000,25.090000
0.820,0.734000,0.600000,0.691000,-37.588000,7.260000,94.641000,25.090000
0.833,0.661000,0.594000,0.698000,-39.519000,5.107000,96.695000,25.050000
0.840,0.638000,0.590000,0.700000,-39.588000,3.176000,94.412000,25.140000
0.852,0.646000,0.567000,0.698000,-39.397000,1.519000,94.153000,25.050000
0.859,0.695000,0.540000,0.676000,-37.893000,6.779000,93.504000,25.050000
0.872,0.692000,0.495000,0.670000,-35.947000,13.908000,94.725000,25.140000
0.877,0.640000,0.476000,0.648000,-36.282000,18.580000,93.550000,25.050000
0.892,0.598000,0.468000,0.668000,-36.824000,19.450000,92.649000,25.140000
0.904,0.534000,0.474000,0.671000,-39.878000,12.313000,89.916000,25.090000
0.910,0.540000,0.472000,0.688000,-43.611000,1.794000,85.969000,25.090000
0.923,0.548000,0.444000,0.695000,-43.504000,-7.366000,83.412000,25.000000
0.930,0.616000,0.400000,0.685000,-44.595000,-12.947000,82.695000,25.140000
0.942,0.686000,0.372000,0.678000,-42.191000,-8.618000,84.282000,25.140000
0.950,0.688000,0.326000,0.659000,-40.664000,0.031000,89.695000,25.140000
0.962,0.634000,0.292000,0.646000,-38.634000,6.992000,90.435000,25.140000
0.974,0.532000,0.272000,0.657000,-36.840000,7.176000,89.756000,25.140000
0.981,0.414000,0.235000,0.639000,-38.015000,-3.244000,85.290000,25.190000
0.993,0.413000,0.275000,0.679000,-36.710000,-17.069000,76.588000,25.090000
1.000,0.422000,0.281000,0.700000,-38.237000,-29.664000,67.389000,25.000000
1.012,0.515000,0.280000,0.682000,-36.160000,-32.985000,55.084000,25.190000
1.019,0.652000,0.257000,0.696000,-34.420000,-28.550000,48.489000,25.090000
1.032,0.668000,0.230000,0.680000,-34.527000,-23.702000,49.214000,25.140000
1.044,0.671000,0.188000,0.660000,-33.794000,-28.252000,54.901000,25.140000
1.051,0.692000,0.187000,0.647000,-32.611000,-32.435000,59.710000,25.050000
1.063,0.737000,0.210000,0.651000,-29.710000,-27.443000,60.794000,25.140000
1.070,0.724000,0.219000,0.635000,-32.687000,-22.198000,60.405000,25.050000
1.082,0.777000,0.240000,0.604000,-33.626000,-12.916000,60.519000,25.000000
1.089,0.817000,0.223000,0.563000,-31.878000,-0.435000,61.221000,25.090000
1.102,0.814000,0.194000,0.531000,-29.710000,13.954000,67.260000,25.090000
1.114,0.744000,0.159000,0.510000,-29.855000,19.565000,73.824000,25.090000
1.121,0.685000,0.168000,0.518000,-29.328000,18.573000,78.649000,25.190000
1.133,0.600000,0.129000,0.498000,-29.534000,15.115000,76.344000,25.050000
1.140,0.582000,0.108000,0.502000,-26.321000,10.237000,72.702000,25.140000
1.153,0.587000,0.103000,0.474000,-24.687000,5.733000,71.084000,25.050000
1.160,0.680000,0.094000,0.390000,-17.748000,9.740000,68.573000,25.050000
1.172,0.708000,0.090000,0.452000,-13.611000,17.687000,73.351000,25.050000
1.179,0.711000,0.053000,0.402000,-16.298000,32.206000,76.252000,25.090000
1.192,0.706000,0.008000,0.391000,-12.069000,43.863000,77.076000,25.090000
1.204,0.588000,-0.026000,0.396000,-11.008000,46.710000,80.794000,25.090000
1.211,0.434000,-0.017000,0.402000,-6.824000,38.282000,77.534000,25.090000
1.223,0.369000,-0.006000,0.435000,-1.740000,21.863000,72.794000,25.090000
1.230,0.391000,-0.066000,0.418000,2.221000,12.359000,64.931000,25.050000
1.243,0.506000,-0.053000,0.425000,9.122000,16.824000,55.534000,25.140000
1.250,0.579000,-0.082000,0.454000,9.626000,29.015000,51.908000,25.140000
1.262,0.576000,-0.085000,0.465000,8.489000,40.137000,50.977000,25.140000
1.269,0.515000,-0.059000,0.480000,6.519000,45.580000,49.618000,25.050000
1.281,0.475000,-0.110000,0.451000,3.588000,40.267000,49.427000,25.140000
1.294,0.490000,-0.096000,0.485000,3.931000,36.443000,47.290000,25.050000
1.301,0.447000,-0.115000,0.494000,1.191000,36.382000,47.802000,25.090000
1.313,0.438000,-0.135000,0.477000,1.756000,32.221000,50.282000,25.090000
1.320,0.435000,-0.142000,0.483000,1.168000,34.565000,53.840000,25.090000
1.333,0.409000,-0.177000,0.456000,-3.099000,39.466000,59.176000,25.140000
1.340,0.376000,-0.208000,0.407000,-5.344000,46.702000,61.099000,25.140000
1.353,0.315000,-0.219000,0.391000,-9.725000,62.038000,59.756000,25.140000
1.359,0.176000,-0.281000,0.348000,-11.412000,66.649000,58.542000,25.240000
1.371,0.045000,-0.301000,0.350000,-11.084000,62.183000,52.595000,25.050000
1.384,-0.079000,-0.293000,0.371000,-9.847000,47.672000,44.527000,25.190000
1.391,-0.127000,-0.372000,0.349000,-0.382000,22.573000,30.405000,25.090000
1.403,-0.033000,-0.406000,0.381000,14.573000,5.878000,11.603000,25.090000
1.410,0.067000,-0.423000,0.407000,26.023000,-4.534000,-1.160000,25.090000
1.422,0.116000,-0.427000,0.415000,36.969000,-20.458000,-8.664000,25.190000
1.429,0.190000,-0.375000,0.476000,42.634000,-36.634000,-15.534000,25.050000
1.441,0.298000,-0.325000,0.510000,44.397000,-45.092000,-21.901000,25.140000
1.453,0.400000,-0.258000,0.569000,43.550000,-49.420000,-25.405000,25.050000
1.460,0.461000,-0.229000,0.605000,37.962000,-45.679000,-25.450000,25.140000
1.472,0.511000,-0.218000,0.623000,35.298000,-37.962000,-26.282000,25.090000
1.479,0.575000,-0.237000,0.618000,32.695000,-30.053000,-24.611000,25.090000
1.492,0.611000,-0.243000,0.598000,26.191000,-21.053000,-19.924000,25.090000
1.504,0.577000,-0.246000,0.593000,21.115000,-16.183000,-15.137000,25.090000
1.510,0.537000,-0.235000,0.569000,15.046000,-14.481000,-12.389000,25.090000
1.523,0.510000,-0.237000,0.531000,11.611000,-16.710000,-10.969000,25.140000
1.529,0.506000,-0.204000,0.529000,12.832000,-18.412000,-11.603000,25.050000
1.542,0.505000,-0.217000,0.521000,11.779000,-14.962000,-14.740000,25.240000
1.554,0.539000,-0.243000,0.493000,16.015000,-10.618000,-19.870000,25.140000
1.560,0.539000,-0.268000,0.473000,22.053000,-6.275000,-25.435000,25.140000
1.573,0.532000,-0.282000,0.462000,26.374000,-4.267000,-32.771000,25.190000
1.580,0.517000,-0.262000,0.461000,30.786000,-8.481000,-38.275000,25.090000
1.592,0.494000,-0.236000,0.474000,37.885000,-15.901000,-43.053000,25.190000
1.604,0.475000,-0.201000,0.490000,42.779000,-27.725000,-42.275000,25.190000
1.611,0.499000,-0.166000,0.502000,46.618000,-35.893000,-42.687000,25.140000
1.623,0.526000,-0.118000,0.530000,49.809000,-38.947000,-43.511000,25.050000
1.630,0.573000,-0.129000,0.517000,51.718000,-39.198000,-47.466000,25.140000
1.643,0.639000,-0.134000,0.495000,55.069000,-33.748000,-54.519000,25.140000
1.649,0.648000,-0.143000,0.481000,60.115000,-27.611000,-60.939000,25.140000
1.661,0.580000,-0.130000,0.474000,64.412000,-31.008000,-64.626000,25.240000
1.673,0.537000,-0.105000,0.460000,67.748000,-38.374000,-67.588000,25.190000
1.680,0.493000,-0.063000,0.468000,72.779000,-46.954000,-68.313000,25.090000
1.693,0.599000,0.051000,0.516000,64.275000,-41.267000,-69.237000,25.190000
1.700,0.625000,0.135000,0.560000,57.053000,-23.908000,-68.924000,25.140000
1.711,0.469000,0.101000,0.514000,38.763000,-8.145000,-67.450000,25.050000
1.724,0.418000,0.045000,0.489000,23.389000,-7.420000,-70.046000,25.140000
1.731,0.471000,-0.035000,0.518000,30.115000,-5.237000,-83.840000,25.240000
1.743,0.411000,-0.072000,0.441000,38.733000,-1.023000,-94.321000,25.050000
1.750,0.366000,-0.023000,0.411000,49.099000,-21.076000,-100.405000,25.090000
1.762,0.421000,0.033000,0.393000,64.191000,-31.763000,-107.924000,25.190000
1.774,0.483000,0.100000,0.414000,72.832000,-40.298000,-112.740000,25.090000
1.781,0.441000,0.290000,0.534000,75.870000,-44.817000,-111.595000,25.090000
1.793,0.361000,0.330000,0.568000,62.260000,-57.855000,-112.809000,25.190000
1.801,0.555000,0.271000,0.560000,59.977000,-73.282000,-119.305000,25.240000
1.812,0.816000,0.207000,0.617000,56.756000,-51.634000,-124.275000,25.140000
1.819,0.916000,0.242000,0.604000,48.718000,-29.992000,-116.328000,25.140000
1.831,0.902000,0.281000,0.548000,43.550000,-20.679000,-107.527000,25.240000
1.844,0.915000,0.118000,0.461000,66.626000,-9.450000,-98.649000,25.190000
1.851,0.838000,0.396000,0.586000,62.756000,-7.198000,-88.237000,25.190000
1.863,0.766000,0.471000,0.671000,57.031000,-1.748000,-71.053000,25.090000
1.869,0.569000,0.477000,0.633000,37.947000,-16.084000,-54.740000,25.190000
1.882,0.643000,0.429000,0.546000,31.023000,-27.924000,-53.229000,25.190000
1.889,0.793000,0.414000,0.566000,30.779000,-25.137000,-55.786000,25.240000
1.901,0.795000,0.422000,0.578000,24.000000,-14.015000,-52.763000,25.140000
1.913,0.787000,0.448000,0.529000,16.527000,-8.565000,-51.099000,25.240000
1.920,0.848000,0.442000,0.518000,6.916000,6.748000,-52.443000,25.140000
1.933,0.821000,0.473000,0.531000,0.099000,24.198000,-47.191000,25.240000
1.940,0.700000,0.477000,0.540000,-14.298000,36.076000,-43.183000,25.190000
1.953,0.683000,0.417000,0.447000,-15.344000,35.427000,-46.183000,25.190000
1.959,0.736000,0.376000,0.428000,-4.214000,30.695000,-49.221000,25.090000
1.971,0.716000,0.372000,0.393000,10.298000,23.305000,-46.542000,25.190000
1.984,0.686000,0.420000,0.385000,20.702000,10.656000,-43.992000,25.190000
1.991,0.693000,0.445000,0.430000,30.191000,2.397000,-44.863000,25.140000
2.003,0.670000,0.483000,0.497000,33.992000,-3.511000,-40.122000,25.240000
2.010,0.579000,0.567000,0.588000,30.748000,-11.824000,-32.344000,25.140000
2.022,0.568000,0.550000,0.570000,21.214000,-20.878000,-30.580000,25.140000
2.029,0.708000,0.505000,0.534000,25.221000,-15.084000,-40.687000,25.240000
2.042,0.791000,0.548000,0.563000,26.817000,-2.313000,-46.298000,25.050000
2.054,0.794000,0.556000,0.531000,27.573000,6.519000,-47.420000,25.190000
2.061,0.799000,0.599000,0.522000,27.939000,10.664000,-52.366000,25.000000
2.073,0.836000,0.589000,0.553000,30.771000,17.603000,-53.656000,25.090000
2.080,0.834000,0.569000,0.595000,33.321000,19.305000,-46.160000,25.090000
2.093,0.772000,0.580000,0.665000,29.282000,23.107000,-34.557000,25.140000
2.101,0.632000,0.652000,0.716000,15.573000,25.870000,-19.969000,25.140000
2.112,0.588000,0.549000,0.608000,5.885000,23.656000,-15.664000,25.140000
2.119,0.660000,0.550000,0.563000,10.443000,23.702000,-25.115000,25.240000
2.131,0.720000,0.577000,0.569000,13.366000,30.779000,-27.870000,25.240000
2.144,0.692000,0.569000,0.570000,19.458000,33.275000,-28.763000,25.190000
2.151,0.672000,0.556000,0.581000,25.687000,34.603000,-29.282000,25.280000
2.163,0.620000,0.604000,0.655000,27.618000,35.092000,-21.511000,25.090000
2.170,0.456000,0.670000,0.639000,16.481000,27.641000,-11.947000,25.190000
2.182,0.430000,0.588000,0.576000,15.366000,18.000000,-18.618000,25.190000
2.190,0.483000,0.579000,0.597000,24.137000,17.145000,-33.649000,25.240000
2.202,0.507000,0.574000,0.603000,26.183000,14.481000,-42.069000,25.140000
2.208,0.553000,0.586000,0.576000,26.107000,13.450000,-50.374000,25.240000
2.221,0.584000,0.623000,0.582000,30.366000,11.053000,-52.351000,25.240000
2.234,0.568000,0.653000,0.591000,32.588000,3.214000,-47.924000,25.240000
2.241,0.561000,0.685000,0.639000,32.191000,-1.840000,-43.351000,25.280000
2.253,0.543000,0.756000,0.676000,20.809000,-3.260000,-35.351000,25.280000
2.260,0.628000,0.673000,0.573000,16.977000,-0.168000,-38.450000,25.190000
2.272,0.728000,0.640000,0.587000,21.725000,10.626000,-40.092000,25.190000
2.279,0.725000,0.647000,0.584000,19.252000,18.786000,-34.672000,25.140000
2.292,0.679000,0.624000,0.536000,19.679000,23.916000,-33.672000,25.240000
2.304,0.625000,0.640000,0.530000,23.260000,27.931000,-33.649000,25.140000
2.311,0.541000,0.655000,0.556000,23.908000,28.412000,-31.153000,25.240000
2.323,0.448000,0.700000,0.600000,24.458000,27.702000,-26.679000,25.240000
2.330,0.329000,0.729000,0.578000,13.206000,17.626000,-22.046000,25.190000
2.343,0.411000,0.667000,0.494000,18.122000,9.725000,-33.198000,25.090000
2.350,0.495000,0.652000,0.535000,25.450000,10.420000,-38.817000,25.190000
2.362,0.491000,0.648000,0.556000,26.076000,11.069000,-38.580000,25.280000
2.369,0.465000,0.649000,0.536000,29.649000,8.336000,-42.374000,25.190000
2.381,0.464000,0.659000,0.563000,33.634000,5.649000,-43.389000,25.240000
2.394,0.428000,0.716000,0.625000,33.908000,-1.840000,-37.405000,25.140000
2.402,0.366000,0.818000,0.642000,17.573000,-7.817000,-28.603000,25.330000
2.413,0.445000,0.737000,0.531000,17.718000,-14.168000,-33.260000,25.240000
2.420,0.585000,0.706000,0.537000,21.985000,-9.206000,-35.046000,25.240000
2.432,0.581000,0.711000,0.549000,20.534000,0.847000,-33.641000,25.330000
2.440,0.534000,0.704000,0.522000,21.458000,6.618000,-36.023000,25.140000
2.452,0.541000,0.707000,0.534000,29.771000,10.573000,-36.687000,25.090000
2.460,0.469000,0.737000,0.583000,28.832000,6.000000,-34.565000,25.190000
2.471,0.370000,0.850000,0.655000,19.206000,-2.313000,-24.725000,25.330000
2.484,0.319000,0.791000,0.595000,10.901000,-9.771000,-22.496000,25.240000
2.491,0.419000,0.736000,0.572000,15.588000,-12.924000,-31.931000,25.240000
2.503,0.462000,0.737000,0.607000,16.847000,-8.214000,-35.336000,25.240000
2.510,0.433000,0.738000,0.598000,14.298000,-5.695000,-38.115000,25.240000
2.522,0.401000,0.730000,0.594000,17.130000,-5.832000,-42.794000,25.280000
2.529,0.416000,0.749000,0.599000,15.969000,-14.122000,-43.145000,25.280000
2.542,0.412000,0.776000,0.607000,10.405000,-25.031000,-37.069000,25.190000
2.554,0.397000,0.886000,0.652000,-3.679000,-26.183000,-25.603000,25.280000
2.561,0.359000,0.830000,0.564000,-14.412000,-22.069000,-20.053000,25.190000
2.573,0.341000,0.771000,0.546000,-6.901000,-16.641000,-24.954000,25.140000
2.580,0.285000,0.773000,0.544000,1.863000,-7.290000,-28.588000,25.240000
2.593,0.158000,0.787000,0.556000,5.519000,-7.382000,-35.794000,25.240000
2.600,0.149000,0.813000,0.535000,-0.260000,-12.779000,-46.260000,25.240000
2.611,0.252000,0.778000,0.478000,-4.130000,-20.092000,-53.931000,25.240000
2.624,0.404000,0.775000,0.500000,-4.550000,-15.336000,-53.618000,25.190000
2.630,0.408000,0.791000,0.491000,-15.076000,-15.412000,-41.870000,25.280000
2.643,0.422000,0.762000,0.470000,-17.664000,-10.672000,-37.099000,25.190000
2.650,0.425000,0.749000,0.460000,-17.328000,-8.756000,-31.466000,25.280000
2.662,0.369000,0.774000,0.485000,-17.618000,-8.870000,-24.618000,25.190000
2.674,0.323000,0.763000,0.488000,-17.244000,-11.550000,-23.573000,25.240000
2.681,0.289000,0.803000,0.500000,-14.282000,-21.985000,-25.473000,25.240000
2.693,0.326000,0.774000,0.468000,-12.595000,-24.542000,-31.038000,25.140000
2.700,0.402000,0.778000,0.454000,-4.794000,-22.855000,-37.878000,25.240000
2.712,0.431000,0.822000,0.492000,-3.863000,-19.092000,-39.389000,25.240000
2.719,0.396000,0.824000,0.473000,-9.282000,-15.130000,-38.695000,25.190000
2.731,0.395000,0.801000,0.456000,-8.847000,-14.756000,-42.420000,25.280000
2.743,0.395000,0.778000,0.478000,-8.252000,-17.412000,-41.336000,25.280000
2.750,0.389000,0.759000,0.488000,-10.153000,-17.916000,-39.221000,25.280000
2.763,0.393000,0.737000,0.512000,0.366000,-20.580000,-34.740000,25.280000
2.771,0.369000,0.779000,0.539000,9.626000,-17.122000,-33.702000,25.240000
2.782,0.431000,0.735000,0.502000,15.641000,-12.122000,-37.351000,25.330000
2.789,0.460000,0.701000,0.517000,24.611000,-7.092000,-39.160000,25.240000
2.801,0.402000,0.782000,0.550000,22.939000,-5.092000,-35.435000,25.240000
2.814,0.377000,0.775000,0.531000,28.649000,-4.366000,-35.565000,25.240000
2.821,0.367000,0.756000,0.535000,31.046000,-7.176000,-41.985000,25.240000
2.833,0.337000,0.775000,0.551000,30.168000,-9.191000,-44.321000,25.240000
2.841,0.333000,0.794000,0.583000,25.603000,-15.679000,-44.313000,25.190000
2.853,0.329000,0.886000,0.645000,14.672000,-20.733000,-42.076000,25.280000
2.860,0.316000,0.951000,0.643000,-2.794000,-24.687000,-41.076000,25.280000
2.871,0.399000,0.879000,0.592000,-5.489000,-23.718000,-45.870000,25.240000
2.884,0.479000,0.886000,0.583000,0.000000,-22.756000,-49.046000,25.240000
2.892,0.486000,0.887000,0.591000,6.405000,-17.344000,-42.527000,25.240000
2.904,0.489000,0.859000,0.570000,9.893000,-7.237000,-39.397000,25.240000
2.910,0.479000,0.850000,0.556000,10.565000,-0.550000,-38.176000,25.190000
2.922,0.472000,0.854000,0.553000,6.863000,5.511000,-32.267000,25.280000
2.930,0.440000,0.864000,0.575000,1.252000,13.580000,-28.389000,25.190000
2.942,0.445000,0.879000,0.580000,-6.260000,19.038000,-22.473000,25.280000
2.950,0.392000,0.894000,0.598000,-17.336000,24.183000,-17.328000,25.190000
2.961,0.365000,0.899000,0.564000,-26.817000,28.817000,-13.046000,25.240000
2.973,0.333000,0.844000,0.537000,-24.573000,32.710000,-10.344000,25.240000
2.980,0.320000,0.829000,0.495000,-9.351000,29.542000,-8.863000,25.140000
2.994,0.296000,0.832000,0.526000,0.687000,32.237000,-7.641000,25.240000
3.001,0.261000,0.856000,0.525000,4.153000,35.260000,-6.336000,25.240000
3.013,0.183000,0.879000,0.541000,3.908000,30.809000,-5.519000,25.280000
3.019,0.133000,0.916000,0.557000,0.481000,25.847000,-7.824000,25.280000
3.032,0.101000,0.965000,0.592000,-5.466000,22.328000,-11.824000,25.280000
3.040,0.070000,0.954000,0.619000,-7.664000,12.359000,-16.527000,25.280000
3.051,0.072000,0.922000,0.638000,-8.565000,5.992000,-24.260000,25.280000
3.064,0.094000,0.860000,0.611000,-4.687000,4.496000,-30.878000,25.240000
3.071,0.105000,0.846000,0.621000,-0.069000,4.069000,-41.534000,25.330000
3.084,0.133000,0.913000,0.662000,-3.374000,3.229000,-45.046000,25.140000
3.092,0.137000,0.945000,0.665000,-6.893000,7.427000,-46.878000,25.240000
3.103,0.125000,0.910000,0.649000,-13.687000,5.664000,-46.962000,25.330000
3.110,0.113000,0.888000,0.646000,-15.084000,-6.191000,-43.962000,25.380000
3.122,0.101000,0.849000,0.595000,-13.015000,-25.351000,-42.084000,25.280000
3.127,0.121000,0.867000,0.591000,-17.389000,-42.412000,-45.908000,25.190000
3.142,0.159000,0.906000,0.615000,-18.893000,-62.588000,-57.870000,25.280000
3.154,0.268000,0.920000,0.618000,-20.595000,-59.069000,-62.626000,25.330000
3.160,0.307000,0.858000,0.575000,-24.641000,-59.962000,-64.504000,25.330000
3.172,0.356000,0.841000,0.536000,-24.969000,-59.328000,-63.489000,25.240000
3.179,0.374000,0.861000,0.538000,-26.824000,-54.435000,-62.656000,25.330000
3.192,0.410000,0.873000,0.547000,-24.405000,-49.046000,-57.122000,25.330000
3.203,0.425000,0.883000,0.521000,-22.290000,-48.924000,-53.702000,25.240000
3.210,0.426000,0.883000,0.520000,-22.313000,-44.015000,-46.046000,25.190000
3.222,0.431000,0.845000,0.492000,-21.473000,-27.885000,-39.427000,25.280000
3.229,0.381000,0.857000,0.493000,-20.328000,-22.458000,-36.275000,25.190000
3.242,0.367000,0.835000,0.487000,-16.130000,-19.145000,-31.672000,25.240000
3.254,0.333000,0.817000,0.464000,-16.099000,-14.321000,-26.977000,25.240000
3.260,0.309000,0.816000,0.428000,-16.611000,-14.473000,-26.748000,25.240000
3.272,0.239000,0.882000,0.475000,-19.977000,-28.603000,-26.985000,25.240000
3.279,0.239000,0.894000,0.461000,-24.031000,-39.603000,-31.099000,25.330000
3.292,0.274000,0.874000,0.466000,-20.305000,-51.664000,-36.328000,25.280000
3.304,0.338000,0.859000,0.469000,-16.298000,-57.389000,-39.771000,25.280000
3.310,0.410000,0.850000,0.469000,-9.198000,-59.359000,-37.519000,25.380000
3.323,0.454000,0.819000,0.438000,-4.725000,-57.267000,-34.397000,25.280000
3.330,0.492000,0.830000,0.445000,0.000000,-51.282000,-29.420000,25.190000
3.342,0.485000,0.824000,0.461000,-2.107000,-41.580000,-22.298000,25.330000
3.349,0.421000,0.830000,0.477000,1.076000,-34.099000,-16.130000,25.330000
3.361,0.366000,0.858000,0.490000,0.275000,-26.527000,-12.634000,25.330000
3.374,0.327000,0.861000,0.510000,-3.321000,-26.634000,-13.794000,25.330000
3.380,0.323000,0.854000,0.517000,-3.122000,-23.527000,-15.443000,25.280000
3.393,0.323000,0.859000,0.530000,-6.229000,-19.313000,-17.198000,25.280000
3.401,0.316000,0.863000,0.529000,-8.969000,-15.450000,-14.107000,25.280000
3.412,0.336000,0.839000,0.521000,-8.206000,-10.618000,-9.756000,25.280000
3.419,0.317000,0.831000,0.487000,-7.863000,-8.840000,-4.450000,25.190000
3.432,0.294000,0.833000,0.477000,-9.038000,-7.855000,2.374000,25.240000
3.444,0.294000,0.853000,0.488000,-11.214000,-11.290000,7.061000,25.330000
3.451,0.287000,0.854000,0.472000,-10.718000,-8.252000,11.252000,25.330000
3.463,0.281000,0.816000,0.451000,-8.481000,-6.115000,15.840000,25.240000
3.470,0.271000,0.811000,0.438000,-5.511000,-5.160000,19.595000,25.330000
3.483,0.236000,0.826000,0.424000,-1.557000,-7.137000,20.275000,25.280000
3.490,0.235000,0.818000,0.451000,2.000000,-8.168000,16.076000,25.280000
3.503,0.205000,0.832000,0.460000,4.534000,-10.351000,15.076000,25.280000
3.510,0.188000,0.868000,0.494000,0.595000,-11.466000,12.000000,25.280000
3.522,0.202000,0.840000,0.490000,-1.794000,-7.229000,10.962000,25.280000
3.529,0.219000,0.789000,0.454000,0.328000,-2.038000,9.969000,25.330000
3.542,0.217000,0.782000,0.445000,0.252000,0.397000,12.878000,25.330000
3.549,0.194000,0.778000,0.453000,1.305000,-4.550000,15.710000,25.330000
3.561,0.180000,0.783000,0.464000,-0.237000,-6.885000,16.466000,25.240000
3.585,0.182000,0.784000,0.470000,-0.740000,-6.573000,15.939000,25.330000
3.585,0.175000,0.780000,0.448000,0.359000,-4.908000,14.977000,25.330000
