time_sec,ax,ay,az,gx,gy,gz,temp_c
0.009,0.316000,0.902000,0.263000,-2.962000,6.611000,6.595000,27.970000
0.017,0.296000,0.898000,0.271000,-2.382000,7.053000,6.893000,27.920000
0.029,0.296000,0.930000,0.279000,-3.168000,7.221000,7.794000,28.010000
0.037,0.292000,0.935000,0.263000,-7.504000,7.405000,7.198000,28.010000
0.049,0.302000,0.930000,0.274000,-4.969000,8.527000,6.595000,27.970000
0.057,0.300000,0.936000,0.255000,-3.534000,8.221000,5.725000,27.970000
0.071,0.272000,0.920000,0.240000,-4.695000,6.458000,3.664000,27.970000
0.077,0.267000,0.909000,0.223000,-6.687000,2.672000,0.809000,27.920000
0.089,0.302000,0.893000,0.208000,-4.023000,-0.534000,-1.252000,28.010000
0.102,0.339000,0.898000,0.199000,-3.252000,-2.260000,-1.290000,28.010000
0.109,0.372000,0.897000,0.188000,-4.237000,-1.557000,-0.038000,27.970000
0.121,0.402000,0.883000,0.184000,0.389000,1.885000,1.580000,27.970000
0.129,0.417000,0.883000,0.201000,1.038000,5.076000,4.573000,28.010000
0.142,0.430000,0.846000,0.195000,7.618000,9.183000,6.183000,27.920000
0.149,0.409000,0.871000,0.199000,10.115000,10.931000,7.427000,27.920000
0.162,0.384000,0.878000,0.206000,11.183000,10.710000,9.130000,27.920000
0.169,0.355000,0.882000,0.202000,12.672000,8.740000,9.328000,27.870000
0.181,0.345000,0.896000,0.217000,12.443000,4.611000,8.908000,27.920000
0.189,0.358000,0.901000,0.233000,12.450000,0.023000,8.565000,28.010000
0.202,0.367000,0.886000,0.243000,11.702000,-3.145000,8.282000,27.920000
0.210,0.397000,0.894000,0.238000,11.145000,-3.702000,8.595000,28.060000
0.222,0.432000,0.892000,0.254000,10.786000,-2.611000,10.634000,27.870000
0.229,0.434000,0.912000,0.254000,8.008000,-1.450000,13.473000,28.060000
0.241,0.441000,0.926000,0.263000,7.947000,0.985000,13.366000,28.110000
0.248,0.437000,0.910000,0.263000,8.802000,2.458000,11.069000,28.010000
0.261,0.459000,0.910000,0.267000,7.626000,1.847000,12.084000,28.060000
0.270,0.463000,0.909000,0.266000,6.237000,-0.405000,13.038000,27.970000
0.281,0.482000,0.890000,0.241000,7.000000,-1.748000,14.130000,27.870000
0.288,0.490000,0.861000,0.248000,8.977000,-2.550000,16.305000,28.010000
0.301,0.503000,0.885000,0.237000,10.656000,-2.214000,18.855000,27.920000
0.309,0.512000,0.909000,0.249000,12.076000,-1.130000,21.160000,28.110000
0.321,0.530000,0.921000,0.260000,11.351000,0.718000,22.282000,27.970000
0.328,0.554000,0.926000,0.255000,9.885000,6.145000,23.954000,27.970000
0.341,0.563000,0.914000,0.245000,13.260000,9.733000,29.275000,28.010000
0.347,0.547000,0.917000,0.252000,12.733000,15.588000,33.221000,27.920000
0.361,0.512000,0.924000,0.260000,12.282000,18.313000,36.878000,28.110000
0.369,0.487000,0.942000,0.253000,11.626000,19.595000,40.099000,28.010000
0.380,0.465000,0.957000,0.260000,10.466000,19.748000,41.229000,28.060000
0.387,0.439000,0.951000,0.250000,9.015000,19.023000,40.038000,27.970000
0.400,0.442000,0.980000,0.254000,9.092000,14.076000,42.214000,28.010000
0.409,0.461000,0.968000,0.260000,6.122000,12.733000,39.374000,27.920000
0.420,0.491000,0.920000,0.242000,5.473000,11.328000,38.908000,27.920000
0.427,0.501000,0.905000,0.248000,5.931000,12.565000,42.382000,27.970000
0.439,0.499000,0.894000,0.243000,6.092000,14.092000,44.710000,27.870000
0.452,0.485000,0.904000,0.234000,5.885000,16.489000,45.817000,27.920000
0.459,0.475000,0.920000,0.233000,6.496000,18.595000,46.023000,28.010000
0.472,0.453000,0.947000,0.247000,6.435000,18.290000,46.550000,28.010000
0.480,0.433000,0.961000,0.251000,4.427000,15.122000,44.221000,28.060000
0.492,0.442000,0.940000,0.250000,2.427000,9.916000,41.099000,28.060000
0.499,0.479000,0.900000,0.225000,1.511000,5.840000,41.641000,27.970000
0.511,0.526000,0.875000,0.208000,2.244000,5.649000,43.366000,28.010000
0.519,0.543000,0.851000,0.199000,4.802000,8.924000,45.183000,28.010000
0.531,0.530000,0.859000,0.204000,7.504000,11.252000,47.870000,28.010000
0.539,0.506000,0.881000,0.228000,8.344000,11.924000,46.985000,27.970000
0.552,0.493000,0.896000,0.244000,8.695000,8.405000,46.649000,27.970000
0.559,0.529000,0.916000,0.268000,4.000000,7.557000,45.260000,28.110000
0.572,0.598000,0.900000,0.258000,0.756000,7.855000,43.015000,28.010000
0.578,0.656000,0.864000,0.243000,-0.076000,11.702000,44.466000,27.920000
0.591,0.693000,0.844000,0.217000,0.466000,19.053000,50.359000,27.920000
0.598,0.701000,0.849000,0.218000,3.023000,27.947000,58.008000,27.970000
0.612,0.659000,0.896000,0.228000,6.198000,35.771000,63.389000,28.150000
0.619,0.617000,0.961000,0.250000,4.382000,39.908000,62.847000,28.010000
0.631,0.588000,0.950000,0.244000,1.221000,39.107000,60.069000,28.010000
0.638,0.573000,0.895000,0.214000,-2.519000,37.115000,58.771000,28.010000
0.650,0.582000,0.870000,0.171000,-4.496000,32.916000,58.420000,28.060000
0.659,0.604000,0.829000,0.136000,-3.695000,28.115000,58.389000,28.060000
0.670,0.614000,0.775000,0.114000,-1.153000,25.718000,58.206000,27.920000
0.679,0.618000,0.769000,0.106000,3.763000,22.947000,60.359000,27.920000
0.690,0.608000,0.784000,0.122000,7.779000,18.168000,61.137000,27.920000
0.697,0.602000,0.799000,0.151000,12.466000,10.053000,61.351000,28.060000
0.711,0.613000,0.857000,0.193000,12.901000,1.092000,61.611000,27.970000
0.717,0.646000,0.864000,0.216000,10.702000,-6.015000,58.168000,28.060000
0.730,0.680000,0.843000,0.223000,9.626000,-10.374000,55.191000,28.010000
0.735,0.726000,0.814000,0.220000,8.962000,-12.084000,53.794000,28.010000
0.749,0.781000,0.802000,0.225000,10.489000,-10.443000,54.328000,28.010000
0.761,0.832000,0.796000,0.238000,13.504000,-7.252000,57.511000,27.970000
0.769,0.873000,0.806000,0.257000,14.366000,0.267000,59.321000,27.970000
0.781,0.891000,0.808000,0.256000,16.534000,7.351000,60.931000,28.110000
0.788,0.886000,0.828000,0.281000,17.832000,12.198000,65.870000,28.010000
0.801,0.859000,0.834000,0.280000,17.267000,12.290000,69.985000,28.010000
0.809,0.821000,0.839000,0.304000,16.382000,9.321000,74.206000,28.010000
0.821,0.790000,0.836000,0.312000,15.664000,5.481000,76.336000,27.970000
0.828,0.802000,0.842000,0.333000,13.229000,2.420000,76.855000,27.970000
0.841,0.820000,0.847000,0.356000,10.191000,2.191000,78.733000,28.010000
0.848,0.841000,0.835000,0.359000,6.176000,3.863000,78.885000,28.010000
0.861,0.853000,0.825000,0.334000,3.763000,8.092000,79.191000,27.970000
0.869,0.857000,0.816000,0.338000,-0.122000,13.450000,81.290000,28.060000
0.881,0.860000,0.757000,0.306000,0.260000,16.924000,83.443000,27.970000
0.888,0.837000,0.717000,0.290000,6.084000,19.870000,83.366000,27.920000
0.900,0.821000,0.726000,0.300000,8.183000,23.046000,86.107000,28.010000
0.909,0.792000,0.748000,0.316000,11.282000,23.542000,86.740000,28.010000
0.920,0.767000,0.773000,0.333000,8.947000,21.435000,87.183000,27.970000
0.928,0.749000,0.791000,0.363000,3.458000,16.458000,87.809000,27.970000
0.940,0.781000,0.786000,0.377000,-3.374000,14.496000,88.618000,28.010000
0.947,0.827000,0.747000,0.375000,-5.985000,17.137000,87.130000,27.920000
0.961,0.864000,0.727000,0.366000,-7.191000,24.031000,87.023000,28.010000
0.966,0.821000,0.671000,0.377000,-4.908000,28.298000,88.481000,27.970000
0.980,0.773000,0.670000,0.348000,-3.962000,27.038000,87.695000,27.970000
0.992,0.738000,0.646000,0.337000,-7.718000,22.427000,86.466000,27.970000
0.999,0.717000,0.657000,0.339000,-10.641000,14.588000,88.679000,28.010000
1.011,0.750000,0.684000,0.363000,-14.962000,9.893000,84.481000,28.010000
1.019,0.786000,0.688000,0.357000,-17.603000,5.504000,80.313000,28.010000
1.031,0.780000,0.685000,0.378000,-20.473000,-2.885000,76.687000,27.870000
1.038,0.766000,0.607000,0.358000,-21.977000,-19.252000,66.351000,27.970000
1.050,0.838000,0.541000,0.333000,-16.565000,-33.427000,51.550000,27.920000
1.060,0.889000,0.480000,0.318000,-11.244000,-44.924000,41.504000,27.920000
1.070,0.986000,0.465000,0.289000,-0.695000,-51.328000,41.573000,27.970000
1.076,1.070000,0.492000,0.281000,10.214000,-56.557000,58.947000,27.970000
1.089,1.140000,0.526000,0.280000,7.168000,-50.198000,58.824000,27.870000
1.102,1.167000,0.554000,0.283000,7.824000,-34.527000,62.542000,28.010000
1.109,1.167000,0.540000,0.267000,8.435000,-15.191000,64.382000,27.920000
1.122,1.132000,0.543000,0.251000,8.198000,4.748000,70.405000,28.010000
1.129,1.030000,0.538000,0.254000,6.954000,18.443000,79.527000,27.970000
1.142,0.918000,0.552000,0.264000,2.450000,24.466000,83.885000,27.970000
1.148,0.887000,0.597000,0.305000,-1.565000,26.191000,85.489000,28.010000
1.161,0.873000,0.607000,0.320000,-4.779000,28.084000,84.229000,28.010000
1.169,0.877000,0.612000,0.315000,-6.824000,29.832000,85.450000,28.010000
1.181,0.874000,0.569000,0.317000,-8.130000,33.573000,85.611000,27.970000
1.188,0.840000,0.511000,0.290000,-8.718000,36.061000,86.099000,28.060000
1.200,0.782000,0.426000,0.289000,-9.855000,34.718000,83.588000,28.060000
1.210,0.722000,0.403000,0.257000,-11.679000,25.954000,82.649000,27.920000
1.220,0.695000,0.401000,0.261000,-12.550000,12.588000,80.740000,28.010000
1.228,0.726000,0.445000,0.289000,-9.947000,-0.748000,77.985000,28.010000
1.239,0.802000,0.481000,0.326000,-10.588000,-8.176000,76.374000,28.010000
1.252,0.858000,0.464000,0.314000,-12.061000,-9.794000,69.298000,27.970000
1.259,0.959000,0.429000,0.294000,-11.359000,-0.198000,61.664000,27.970000
1.271,1.037000,0.374000,0.280000,-7.756000,20.611000,60.542000,28.010000
1.279,1.034000,0.344000,0.258000,0.672000,44.168000,65.229000,28.010000
1.291,0.914000,0.370000,0.275000,8.122000,59.504000,67.748000,27.970000
1.298,0.810000,0.408000,0.301000,7.122000,68.847000,60.924000,27.870000
1.311,0.741000,0.420000,0.346000,4.122000,69.519000,51.397000,27.970000
1.319,0.715000,0.381000,0.340000,0.420000,65.954000,41.092000,28.010000
1.331,0.736000,0.351000,0.332000,-3.191000,64.389000,36.145000,28.010000
1.338,0.768000,0.267000,0.323000,-3.137000,61.511000,37.046000,27.920000
1.350,0.748000,0.231000,0.315000,-2.221000,59.420000,41.870000,27.970000
1.359,0.681000,0.271000,0.346000,-1.519000,48.321000,48.756000,27.970000
1.370,0.622000,0.336000,0.394000,-0.664000,30.916000,46.015000,27.970000
1.378,0.658000,0.379000,0.414000,-8.130000,20.725000,36.237000,28.010000
1.390,0.749000,0.361000,0.435000,-15.290000,15.069000,31.382000,27.920000
1.397,0.864000,0.313000,0.425000,-21.885000,19.664000,30.298000,27.970000
1.411,0.956000,0.229000,0.401000,-25.351000,31.092000,36.397000,27.970000
1.422,0.948000,0.194000,0.400000,-25.649000,44.733000,47.664000,27.970000
1.429,0.849000,0.231000,0.390000,-26.679000,51.115000,54.740000,27.920000
1.441,0.780000,0.269000,0.425000,-28.649000,52.450000,54.863000,28.010000
1.448,0.759000,0.270000,0.431000,-36.183000,53.313000,48.809000,28.010000
1.461,0.769000,0.196000,0.409000,-31.260000,54.130000,43.557000,28.010000
1.470,0.772000,0.178000,0.398000,-29.031000,59.206000,40.947000,27.970000
1.480,0.773000,0.119000,0.376000,-25.565000,63.924000,38.870000,27.870000
1.487,0.738000,0.106000,0.355000,-24.023000,69.069000,39.305000,28.010000
1.500,0.656000,0.108000,0.352000,-22.824000,69.168000,34.954000,28.010000
1.510,0.614000,0.109000,0.352000,-14.122000,67.924000,25.977000,27.920000
1.521,0.553000,0.120000,0.353000,-10.626000,58.634000,14.641000,27.870000
1.532,0.543000,0.107000,0.364000,-8.214000,45.328000,8.115000,27.970000
1.539,0.557000,0.069000,0.396000,-5.702000,34.893000,4.573000,28.010000
1.551,0.605000,0.050000,0.400000,-6.992000,29.282000,7.443000,28.010000
1.560,0.613000,0.041000,0.384000,-5.885000,24.824000,2.794000,28.010000
1.571,0.613000,0.101000,0.363000,-5.313000,18.183000,-2.901000,28.060000
1.579,0.647000,0.117000,0.439000,-3.076000,14.908000,-4.985000,27.970000
1.591,0.704000,0.158000,0.432000,-4.893000,18.962000,-7.618000,27.970000
1.598,0.764000,0.092000,0.394000,-12.168000,21.168000,-8.008000,28.010000
1.611,0.821000,0.018000,0.376000,-12.473000,27.221000,-1.496000,28.010000
1.620,0.801000,0.021000,0.366000,-11.328000,30.618000,5.672000,27.920000
1.630,0.751000,0.043000,0.392000,-9.466000,28.794000,12.038000,27.870000
1.637,0.672000,0.071000,0.414000,-10.099000,24.817000,14.206000,28.060000
1.650,0.625000,0.094000,0.452000,-13.954000,21.229000,16.382000,28.110000
1.659,0.641000,0.040000,0.444000,-19.649000,21.679000,13.878000,27.920000
1.670,0.675000,-0.001000,0.417000,-19.183000,25.588000,10.229000,28.010000
1.682,0.680000,-0.054000,0.389000,-15.832000,26.985000,12.969000,28.010000
1.688,0.622000,-0.091000,0.387000,-7.794000,22.565000,11.992000,27.970000
1.701,0.585000,-0.031000,0.404000,-1.847000,15.298000,6.435000,27.870000
1.709,0.600000,-0.008000,0.440000,-0.718000,6.740000,4.618000,28.010000
1.721,0.670000,0.002000,0.446000,-2.305000,6.275000,5.405000,28.010000
1.728,0.736000,0.003000,0.452000,-12.092000,15.366000,8.282000,28.010000
1.740,0.763000,-0.076000,0.444000,-19.145000,27.809000,11.794000,28.060000
1.747,0.709000,-0.133000,0.410000,-17.656000,37.924000,11.977000,27.970000
1.761,0.602000,-0.093000,0.398000,-16.466000,36.435000,12.382000,27.970000
1.767,0.502000,-0.090000,0.414000,-11.748000,25.573000,10.916000,28.010000
1.780,0.481000,-0.080000,0.433000,-9.565000,13.481000,8.137000,28.010000
1.792,0.522000,-0.079000,0.444000,-13.840000,3.405000,11.809000,27.970000
1.799,0.594000,-0.081000,0.429000,-21.603000,4.947000,15.160000,28.060000
1.811,0.641000,-0.132000,0.374000,-24.344000,13.443000,15.061000,28.060000
1.818,0.641000,-0.171000,0.319000,-26.702000,19.176000,10.565000,27.920000
1.831,0.640000,-0.187000,0.297000,-21.534000,21.237000,8.626000,28.010000
1.838,0.589000,-0.153000,0.301000,-14.405000,15.634000,6.573000,28.010000
1.850,0.557000,-0.133000,0.333000,-6.939000,0.878000,9.107000,28.060000
1.859,0.551000,-0.136000,0.375000,-0.977000,-9.885000,11.809000,28.060000
1.870,0.585000,-0.089000,0.426000,-0.504000,-11.252000,13.115000,28.060000
1.878,0.604000,-0.117000,0.448000,-0.481000,-8.504000,8.908000,28.010000
1.889,0.630000,-0.104000,0.461000,-1.817000,2.046000,-1.550000,27.920000
1.901,0.638000,-0.111000,0.455000,-3.771000,11.221000,-10.687000,28.010000
1.909,0.597000,-0.102000,0.447000,-2.046000,12.420000,-9.817000,27.920000
1.921,0.566000,-0.105000,0.437000,2.336000,7.015000,-10.588000,28.060000
1.929,0.557000,-0.106000,0.448000,9.412000,-2.397000,-10.817000,28.010000
1.941,0.557000,-0.089000,0.478000,15.015000,-11.863000,-8.893000,27.920000
1.947,0.591000,-0.157000,0.478000,16.511000,-20.840000,-9.328000,28.010000
1.961,0.625000,-0.137000,0.476000,17.053000,-21.504000,-11.397000,27.970000
1.967,0.672000,-0.129000,0.478000,19.511000,-20.550000,-13.252000,27.870000
1.979,0.685000,-0.094000,0.467000,15.664000,-20.725000,-12.489000,28.060000
1.991,0.673000,-0.077000,0.463000,18.733000,-22.939000,-9.634000,28.010000
1.998,0.688000,-0.056000,0.475000,23.908000,-27.649000,-11.229000,27.920000
2.011,0.720000,-0.052000,0.478000,29.176000,-27.298000,-13.206000,27.920000
2.019,0.747000,-0.076000,0.496000,32.870000,-27.061000,-11.198000,27.970000
2.030,0.750000,-0.067000,0.533000,37.382000,-25.870000,-12.519000,27.970000
2.042,0.759000,-0.056000,0.531000,34.893000,-18.519000,-14.443000,27.970000
2.049,0.763000,-0.037000,0.502000,28.221000,-15.878000,-16.794000,27.820000
2.062,0.731000,-0.034000,0.479000,24.763000,-15.618000,-16.687000,28.010000
2.069,0.710000,-0.022000,0.474000,26.969000,-18.664000,-17.412000,27.970000
2.080,0.692000,0.001000,0.469000,31.328000,-24.870000,-20.290000,27.970000
2.087,0.658000,0.026000,0.476000,36.786000,-33.679000,-24.863000,28.060000
2.100,0.657000,0.063000,0.497000,37.771000,-40.916000,-26.397000,28.010000
2.105,0.689000,0.057000,0.532000,32.397000,-44.336000,-27.084000,28.010000
2.120,0.727000,0.054000,0.520000,27.733000,-44.130000,-24.351000,27.920000
2.131,0.792000,0.082000,0.499000,17.695000,-32.168000,-24.634000,28.010000
2.138,0.814000,0.085000,0.458000,11.107000,-19.611000,-25.908000,27.970000
2.151,0.806000,0.082000,0.434000,10.687000,-4.580000,-28.977000,28.010000
2.159,0.765000,0.083000,0.409000,12.916000,8.115000,-30.718000,27.920000
2.171,0.697000,0.084000,0.403000,13.588000,7.389000,-27.076000,28.010000
2.178,0.635000,0.109000,0.421000,6.191000,6.885000,-25.588000,27.970000
2.190,0.629000,0.095000,0.394000,3.252000,5.221000,-27.779000,27.970000
2.198,0.669000,0.086000,0.375000,3.366000,7.336000,-34.229000,27.870000
2.210,0.671000,0.060000,0.349000,4.290000,9.511000,-44.008000,28.010000
2.219,0.706000,0.051000,0.336000,9.176000,11.160000,-49.626000,28.010000
2.230,0.712000,0.048000,0.352000,17.466000,6.756000,-49.794000,28.010000
2.237,0.691000,0.097000,0.392000,23.198000,-0.214000,-43.344000,27.970000
2.249,0.608000,0.206000,0.418000,21.053000,-9.122000,-34.794000,27.970000
2.261,0.583000,0.223000,0.420000,13.702000,-15.687000,-34.053000,27.920000
2.270,0.674000,0.169000,0.414000,12.771000,-19.275000,-36.427000,27.920000
2.281,0.772000,0.140000,0.399000,15.557000,-11.634000,-40.000000,27.920000
2.288,0.797000,0.140000,0.370000,19.733000,-2.275000,-42.321000,27.970000
2.300,0.785000,0.169000,0.374000,21.466000,7.405000,-44.641000,28.060000
2.309,0.748000,0.194000,0.379000,22.023000,12.878000,-44.183000,27.870000
2.320,0.694000,0.245000,0.409000,23.947000,15.695000,-39.977000,27.920000
2.328,0.620000,0.300000,0.425000,20.206000,13.458000,-37.710000,28.010000
2.340,0.628000,0.241000,0.371000,18.718000,9.641000,-46.008000,28.010000
2.345,0.716000,0.197000,0.344000,23.870000,11.466000,-55.649000,27.970000
2.361,0.750000,0.217000,0.321000,30.023000,9.908000,-60.626000,27.970000
2.372,0.760000,0.229000,0.334000,37.962000,6.053000,-63.366000,28.010000
2.379,0.754000,0.276000,0.365000,45.198000,0.328000,-61.191000,27.920000
2.391,0.717000,0.327000,0.416000,48.427000,-5.313000,-54.344000,27.920000
2.398,0.693000,0.326000,0.428000,47.809000,-9.412000,-49.496000,27.970000
2.411,0.710000,0.308000,0.392000,47.221000,-7.519000,-55.053000,27.970000
2.419,0.752000,0.335000,0.350000,50.733000,-5.183000,-62.473000,27.970000
2.430,0.781000,0.371000,0.357000,55.153000,-4.336000,-64.931000,27.920000
2.437,0.781000,0.426000,0.373000,58.374000,-6.229000,-65.122000,28.110000
2.450,0.774000,0.491000,0.413000,58.954000,-7.779000,-61.267000,27.970000
2.459,0.768000,0.507000,0.418000,58.260000,-9.305000,-59.718000,27.970000
2.470,0.802000,0.495000,0.412000,58.244000,-9.466000,-59.290000,28.060000
2.482,0.858000,0.468000,0.405000,62.328000,-7.695000,-58.809000,28.010000
2.489,0.879000,0.453000,0.396000,66.160000,-3.023000,-61.618000,27.920000
2.501,0.879000,0.459000,0.439000,69.000000,2.374000,-63.397000,27.920000
2.509,0.829000,0.488000,0.506000,71.939000,5.252000,-59.397000,27.970000
2.521,0.682000,0.557000,0.574000,68.992000,0.046000,-50.542000,27.970000
2.528,0.567000,0.687000,0.641000,57.412000,-10.542000,-40.015000,27.970000
2.540,0.564000,0.706000,0.614000,38.412000,-17.557000,-40.534000,28.010000
2.547,0.707000,0.603000,0.536000,26.405000,-12.382000,-49.687000,28.010000
2.560,0.828000,0.555000,0.458000,23.710000,1.664000,-58.267000,27.920000
2.567,0.845000,0.542000,0.395000,25.069000,15.359000,-66.000000,27.970000
2.580,0.847000,0.534000,0.393000,26.008000,21.496000,-69.847000,28.060000
2.592,0.837000,0.509000,0.381000,27.664000,21.298000,-67.924000,28.010000
2.599,0.754000,0.490000,0.457000,37.679000,18.878000,-53.252000,28.010000
2.612,0.589000,0.708000,0.499000,28.626000,5.962000,-26.710000,27.970000
2.619,0.551000,0.654000,0.413000,17.160000,-15.794000,-24.710000,27.970000
2.631,0.722000,0.599000,0.366000,22.122000,-17.389000,-37.802000,28.060000
2.637,0.769000,0.586000,0.343000,30.679000,-8.191000,-47.779000,28.010000
2.650,0.732000,0.603000,0.336000,37.634000,-4.374000,-53.985000,27.920000
2.661,0.714000,0.624000,0.349000,39.206000,-9.351000,-56.649000,28.010000
2.670,0.747000,0.602000,0.388000,39.794000,-8.565000,-53.290000,27.970000
2.677,0.729000,0.610000,0.425000,38.649000,-1.450000,-40.389000,27.970000
2.689,0.631000,0.680000,0.411000,30.718000,-2.229000,-23.740000,27.970000
2.702,0.572000,0.688000,0.376000,25.824000,-8.107000,-22.176000,27.920000
2.708,0.595000,0.681000,0.355000,29.496000,-11.893000,-29.740000,27.920000
2.722,0.598000,0.686000,0.325000,33.237000,-14.351000,-41.031000,27.870000
2.729,0.569000,0.693000,0.298000,41.015000,-19.870000,-50.924000,27.970000
2.740,0.632000,0.707000,0.317000,46.427000,-23.107000,-54.832000,27.970000
2.747,0.648000,0.709000,0.358000,44.130000,-26.542000,-49.237000,28.010000
2.760,0.647000,0.722000,0.393000,41.466000,-25.344000,-39.939000,28.010000
2.772,0.635000,0.796000,0.406000,31.015000,-20.908000,-25.786000,27.920000
2.779,0.618000,0.759000,0.373000,21.107000,-14.840000,-26.374000,28.010000
2.791,0.639000,0.727000,0.319000,21.420000,-5.962000,-34.649000,27.870000
2.798,0.614000,0.698000,0.276000,24.939000,3.626000,-44.740000,27.970000
2.811,0.555000,0.652000,0.258000,34.641000,3.214000,-54.061000,28.010000
2.818,0.530000,0.687000,0.264000,42.473000,-3.076000,-58.588000,28.010000
2.830,0.506000,0.789000,0.316000,41.481000,-9.107000,-52.061000,27.970000
2.837,0.461000,0.864000,0.295000,31.023000,-20.534000,-42.191000,27.970000
2.850,0.479000,0.862000,0.269000,29.412000,-33.176000,-42.397000,27.970000
2.859,0.532000,0.845000,0.274000,30.382000,-40.992000,-45.557000,27.920000
2.869,0.535000,0.813000,0.278000,33.802000,-45.244000,-47.901000,28.010000
2.881,0.526000,0.782000,0.265000,36.832000,-52.634000,-45.809000,27.920000
2.888,0.571000,0.759000,0.269000,34.672000,-53.374000,-43.214000,27.970000
2.901,0.604000,0.707000,0.260000,32.595000,-48.405000,-37.779000,27.970000
2.909,0.535000,0.804000,0.283000,30.221000,-45.298000,-21.481000,27.920000
2.921,0.387000,0.881000,0.262000,15.878000,-51.527000,-10.489000,27.920000
2.928,0.377000,0.873000,0.229000,15.008000,-63.748000,-16.824000,27.920000
2.939,0.379000,0.849000,0.190000,24.466000,-73.198000,-25.489000,27.970000
2.952,0.302000,0.786000,0.190000,37.321000,-92.550000,-30.290000,27.970000
2.959,0.422000,0.850000,0.199000,37.206000,-94.443000,-39.443000,27.970000
2.971,0.535000,0.879000,0.152000,22.550000,-88.481000,-47.084000,27.920000
2.978,0.643000,0.804000,0.079000,22.534000,-78.252000,-55.115000,28.010000
2.990,0.707000,0.880000,0.065000,21.809000,-60.809000,-59.389000,28.010000
2.997,0.706000,0.884000,0.070000,22.053000,-47.351000,-62.573000,27.920000
3.010,0.649000,0.901000,0.098000,26.924000,-42.313000,-61.802000,27.970000
3.019,0.551000,1.023000,0.137000,24.802000,-49.206000,-53.053000,28.060000
3.029,0.452000,0.990000,0.149000,28.931000,-73.832000,-51.611000,28.010000
3.041,0.556000,1.001000,0.196000,33.885000,-89.908000,-54.809000,27.920000
3.048,0.683000,1.035000,0.190000,18.481000,-84.221000,-61.954000,27.970000
3.061,0.837000,0.929000,0.128000,18.076000,-69.695000,-69.321000,28.060000
3.069,0.940000,0.947000,0.096000,16.206000,-42.756000,-68.427000,28.060000
3.080,0.926000,0.951000,0.085000,12.435000,-22.031000,-64.924000,27.920000
3.087,0.835000,0.944000,0.086000,11.863000,-10.519000,-60.733000,28.010000
3.099,0.731000,1.004000,0.096000,10.191000,-11.321000,-51.412000,28.010000
3.113,0.627000,0.986000,0.107000,10.267000,-22.000000,-42.611000,27.970000
3.120,0.546000,0.960000,0.115000,16.115000,-38.878000,-35.649000,27.970000
3.131,0.474000,0.978000,0.138000,18.695000,-60.313000,-24.603000,28.010000
3.138,0.485000,1.008000,0.152000,11.221000,-75.038000,-22.137000,28.010000
3.151,0.600000,1.022000,0.129000,0.962000,-75.405000,-22.947000,28.010000
3.159,0.681000,1.023000,0.089000,-6.863000,-66.718000,-25.924000,27.970000
3.170,0.751000,0.981000,0.053000,-7.168000,-48.473000,-32.198000,27.970000
3.178,0.735000,0.979000,0.026000,-4.069000,-35.504000,-34.687000,27.970000
3.189,0.641000,0.950000,0.025000,0.817000,-35.290000,-33.313000,28.010000
3.202,0.550000,0.954000,0.048000,3.847000,-45.046000,-28.473000,27.920000
3.210,0.487000,0.928000,0.052000,4.626000,-65.153000,-18.573000,28.010000
3.222,0.463000,0.894000,0.056000,4.573000,-80.695000,-6.534000,28.010000
3.229,0.524000,0.901000,0.065000,1.145000,-81.229000,5.252000,27.970000
3.241,0.593000,0.948000,0.045000,-12.130000,-66.260000,15.031000,27.970000
3.248,0.590000,0.979000,0.042000,-16.962000,-46.260000,20.160000,28.110000
3.260,0.537000,1.054000,0.016000,-25.313000,-24.771000,16.405000,28.010000
3.269,0.479000,1.009000,0.004000,-28.130000,-10.527000,1.885000,27.920000
3.280,0.446000,0.947000,0.002000,-25.374000,1.275000,-11.863000,27.970000
3.285,0.424000,0.913000,-0.001000,-22.244000,8.153000,-22.656000,27.970000
3.299,0.397000,0.913000,0.019000,-19.397000,9.992000,-28.496000,28.010000
3.312,0.407000,0.952000,0.022000,-22.870000,9.710000,-29.550000,28.110000
3.320,0.416000,0.953000,0.021000,-24.847000,5.198000,-25.221000,28.010000
3.331,0.411000,0.923000,0.007000,-26.412000,1.901000,-24.107000,28.060000
3.338,0.458000,1.000000,0.029000,-31.878000,3.443000,-22.244000,28.060000
3.351,0.483000,0.996000,0.005000,-39.557000,4.038000,-23.763000,28.060000
3.361,0.535000,0.928000,-0.019000,-37.519000,7.145000,-25.809000,28.010000
3.370,0.575000,0.876000,-0.018000,-32.153000,13.344000,-24.397000,28.010000
3.377,0.521000,0.845000,-0.037000,-24.053000,14.473000,-21.710000,27.920000
3.389,0.481000,0.844000,-0.000000,-16.008000,15.206000,-22.458000,27.970000
3.401,0.433000,0.865000,0.026000,-8.695000,13.366000,-23.061000,27.970000
3.409,0.458000,0.900000,0.064000,-7.809000,14.710000,-25.260000,27.970000
3.421,0.445000,0.921000,0.071000,-9.756000,16.641000,-24.634000,28.010000
3.428,0.417000,0.922000,0.094000,-9.427000,18.397000,-24.000000,28.010000
3.440,0.374000,0.953000,0.100000,-10.725000,17.122000,-25.046000,28.010000
3.447,0.347000,0.966000,0.128000,-11.542000,12.061000,-25.901000,27.970000
3.460,0.292000,0.948000,0.138000,-15.687000,3.359000,-27.046000,28.060000
3.466,0.267000,0.912000,0.151000,-15.450000,-9.328000,-27.450000,28.110000
3.480,0.271000,0.927000,0.133000,-11.901000,-23.382000,-27.679000,28.010000
3.491,0.245000,0.955000,0.128000,-10.786000,-34.282000,-27.664000,28.010000
3.498,0.249000,0.972000,0.111000,-12.641000,-43.366000,-32.359000,28.060000
3.511,0.282000,0.997000,0.116000,-13.611000,-46.359000,-40.603000,27.970000
3.519,0.322000,1.019000,0.105000,-16.626000,-50.718000,-46.679000,27.870000
3.530,0.331000,0.995000,0.106000,-14.924000,-53.435000,-51.420000,28.010000
3.542,0.374000,1.012000,0.107000,-16.336000,-56.489000,-55.137000,28.010000
3.548,0.414000,0.998000,0.099000,-17.718000,-55.031000,-56.519000,28.010000
3.561,0.439000,0.938000,0.086000,-16.977000,-58.145000,-56.015000,28.060000
3.569,0.486000,0.960000,0.075000,-15.771000,-56.267000,-55.481000,27.970000
3.581,0.502000,1.014000,0.055000,-19.389000,-55.489000,-52.069000,27.920000
3.587,0.527000,0.995000,0.062000,-18.595000,-53.565000,-49.137000,27.920000
3.599,0.563000,0.996000,0.055000,-17.275000,-46.626000,-48.695000,28.010000
3.612,0.619000,1.006000,0.070000,-16.450000,-36.053000,-47.084000,27.970000
3.619,0.637000,0.964000,0.052000,-12.954000,-23.626000,-43.450000,27.970000
3.631,0.631000,0.923000,0.033000,-8.603000,-11.641000,-37.496000,27.970000
3.638,0.585000,0.940000,0.041000,-6.664000,-2.000000,-29.145000,28.010000
3.650,0.511000,0.960000,0.054000,-6.344000,1.336000,-21.847000,28.010000
3.659,0.446000,0.968000,0.069000,-4.359000,2.153000,-16.527000,27.920000
3.670,0.425000,1.068000,0.094000,-6.527000,4.649000,-11.863000,27.920000
3.678,0.404000,1.054000,0.091000,-10.260000,8.427000,-12.504000,27.970000
3.690,0.410000,0.986000,0.073000,-6.397000,15.992000,-14.298000,27.970000
3.702,0.365000,0.957000,0.094000,-1.282000,24.313000,-17.336000,28.010000
3.711,0.314000,0.944000,0.101000,3.389000,28.107000,-19.710000,28.010000
3.723,0.256000,0.945000,0.117000,8.038000,27.366000,-21.084000,28.010000
3.729,0.189000,0.987000,0.152000,11.756000,19.427000,-20.221000,27.970000
3.742,0.123000,1.041000,0.194000,9.939000,6.977000,-18.244000,27.970000
3.748,0.060000,1.054000,0.240000,8.122000,-10.290000,-19.420000,28.010000
3.761,0.065000,1.083000,0.262000,1.710000,-27.290000,-25.061000,28.010000
3.770,0.154000,1.090000,0.264000,-10.427000,-36.130000,-31.084000,28.010000
3.780,0.267000,1.057000,0.240000,-20.237000,-34.260000,-31.015000,27.970000
3.787,0.380000,0.993000,0.208000,-23.489000,-19.672000,-24.405000,28.060000
3.799,0.390000,0.969000,0.164000,-29.450000,-0.023000,-12.206000,28.060000
3.812,0.314000,0.949000,0.115000,-30.511000,15.053000,-4.313000,28.010000
3.819,0.202000,0.938000,0.101000,-26.351000,17.565000,-3.916000,28.010000
3.831,0.087000,0.969000,0.102000,-25.046000,12.779000,-10.351000,28.010000
3.838,0.066000,0.946000,0.130000,-23.405000,1.015000,-19.916000,27.970000
3.850,0.114000,0.954000,0.151000,-20.229000,-8.817000,-27.931000,27.970000
3.859,0.202000,0.996000,0.166000,-19.992000,-10.298000,-34.046000,27.970000
3.870,0.289000,1.002000,0.186000,-22.069000,-7.099000,-34.779000,28.010000
3.877,0.338000,0.991000,0.185000,-25.328000,0.786000,-30.939000,28.010000
3.908,0.344000,0.979000,0.171000,-31.336000,8.298000,-24.053000,27.920000
3.908,0.301000,0.962000,0.146000,-33.145000,11.611000,-17.947000,27.920000
3.908,0.230000,0.939000,0.133000,-32.916000,9.130000,-14.267000,28.060000
