time_sec,ax,ay,az,gx,gy,gz,temp_c
0.013,-0.104000,-0.116000,0.946000,-93.542000,-11.130000,-65.183000,30.410000
0.017,-0.099000,-0.195000,0.910000,-95.382000,-12.069000,-57.649000,30.370000
0.029,-0.113000,-0.293000,0.880000,-91.771000,-16.023000,-49.023000,30.370000
0.036,-0.081000,-0.361000,0.850000,-84.076000,-17.817000,-41.130000,30.320000
0.048,-0.065000,-0.402000,0.810000,-74.298000,-20.901000,-34.527000,30.410000
0.053,-0.034000,-0.434000,0.746000,-61.458000,-21.985000,-29.298000,30.370000
0.066,0.026000,-0.446000,0.707000,-46.580000,-15.947000,-27.679000,30.270000
0.078,0.143000,-0.384000,0.711000,-37.672000,2.763000,-30.458000,30.370000
0.086,0.282000,-0.251000,0.783000,-40.496000,41.779000,-37.489000,30.410000
0.099,0.196000,-0.256000,0.803000,-41.573000,64.450000,-37.298000,30.370000
0.110,0.116000,-0.166000,0.827000,-49.351000,69.840000,-30.649000,30.370000
0.116,-0.031000,-0.103000,0.821000,-67.046000,60.870000,-20.557000,30.410000
0.128,-0.129000,-0.175000,0.758000,-82.237000,35.267000,-9.443000,30.320000
0.135,-0.139000,-0.242000,0.676000,-92.099000,13.611000,-1.802000,30.460000
0.147,-0.076000,-0.339000,0.619000,-93.832000,-1.527000,0.382000,30.320000
0.159,0.031000,-0.466000,0.549000,-86.954000,-4.008000,1.519000,30.320000
0.166,0.193000,-0.531000,0.497000,-70.153000,15.847000,-2.511000,30.370000
0.178,0.255000,-0.593000,0.509000,-53.099000,49.618000,-7.008000,30.370000
0.186,0.159000,-0.570000,0.502000,-35.985000,71.573000,-6.282000,30.320000
0.198,-0.009000,-0.465000,0.542000,-33.397000,78.771000,-2.863000,30.320000
0.210,-0.169000,-0.371000,0.583000,-39.855000,69.832000,-0.519000,30.370000
0.216,-0.260000,-0.340000,0.599000,-48.061000,49.076000,-0.107000,30.370000
0.228,-0.273000,-0.350000,0.576000,-55.214000,28.092000,-0.237000,30.320000
0.237,-0.244000,-0.501000,0.550000,-53.695000,11.206000,-2.267000,30.220000
0.247,-0.115000,-0.632000,0.540000,-42.328000,12.527000,-5.702000,30.270000
0.259,-0.006000,-0.757000,0.551000,-21.435000,32.809000,-9.718000,30.410000
0.266,0.049000,-0.803000,0.597000,4.992000,63.588000,-10.611000,30.320000
0.278,0.021000,-0.710000,0.648000,24.336000,93.962000,-7.550000,30.370000
0.286,-0.135000,-0.576000,0.656000,31.290000,108.649000,0.267000,30.370000
0.297,-0.277000,-0.408000,0.688000,27.046000,106.618000,5.710000,30.410000
0.309,-0.388000,-0.342000,0.703000,15.977000,91.901000,6.008000,30.320000
0.316,-0.475000,-0.313000,0.702000,2.527000,67.191000,3.527000,30.370000
0.329,-0.485000,-0.369000,0.679000,-9.519000,44.557000,-1.603000,30.370000
0.337,-0.459000,-0.434000,0.639000,-16.351000,27.702000,-7.740000,30.320000
0.348,-0.406000,-0.520000,0.616000,-16.473000,18.672000,-15.305000,30.270000
0.359,-0.348000,-0.542000,0.601000,-10.603000,13.435000,-20.786000,30.370000
0.366,-0.295000,-0.569000,0.617000,-2.008000,12.107000,-24.809000,30.270000
0.378,-0.246000,-0.554000,0.643000,6.786000,16.084000,-27.397000,30.410000
0.385,-0.188000,-0.461000,0.691000,7.924000,24.802000,-27.435000,30.370000
0.398,-0.215000,-0.436000,0.733000,4.160000,30.519000,-24.939000,30.370000
0.409,-0.257000,-0.435000,0.742000,-0.374000,24.641000,-18.366000,30.320000
0.416,-0.304000,-0.446000,0.729000,-4.756000,14.969000,-11.504000,30.320000
0.428,-0.334000,-0.462000,0.719000,-8.374000,3.603000,-6.603000,30.370000
0.437,-0.330000,-0.489000,0.702000,-9.954000,-6.214000,-4.427000,30.370000
0.448,-0.303000,-0.547000,0.719000,-5.550000,-9.443000,-5.824000,30.410000
0.454,-0.269000,-0.544000,0.743000,0.237000,-6.321000,-8.351000,30.370000
0.466,-0.257000,-0.531000,0.760000,4.855000,-2.069000,-10.954000,30.270000
0.479,-0.271000,-0.511000,0.798000,6.947000,0.634000,-12.023000,30.320000
0.487,-0.281000,-0.459000,0.827000,4.794000,2.244000,-12.191000,30.410000
0.498,-0.291000,-0.449000,0.838000,1.176000,-2.389000,-10.099000,30.370000
0.506,-0.273000,-0.466000,0.825000,-3.779000,-5.427000,-8.817000,30.370000
0.517,-0.248000,-0.505000,0.831000,-5.634000,-4.885000,-7.290000,30.320000
0.529,-0.194000,-0.562000,0.813000,-2.450000,0.084000,-4.641000,30.320000
0.536,-0.150000,-0.574000,0.801000,2.435000,11.221000,-1.412000,30.270000
0.548,-0.145000,-0.616000,0.803000,8.656000,24.336000,0.435000,30.320000
0.556,-0.171000,-0.590000,0.810000,16.183000,38.901000,1.244000,30.320000
0.567,-0.276000,-0.535000,0.831000,16.878000,42.046000,3.565000,30.370000
0.574,-0.387000,-0.494000,0.824000,13.221000,29.519000,7.374000,30.370000
0.587,-0.413000,-0.445000,0.793000,5.397000,12.947000,11.397000,30.320000
0.599,-0.394000,-0.457000,0.757000,-3.015000,-1.198000,7.931000,30.320000
0.606,-0.339000,-0.524000,0.721000,-5.733000,-12.382000,3.916000,30.370000
0.618,-0.266000,-0.563000,0.670000,-2.794000,-16.779000,2.053000,30.370000
0.625,-0.210000,-0.610000,0.662000,1.802000,-13.634000,0.725000,30.410000
0.638,-0.184000,-0.620000,0.665000,9.725000,-6.603000,-0.344000,30.370000
0.650,-0.174000,-0.564000,0.673000,14.626000,1.901000,-0.397000,30.370000
0.656,-0.204000,-0.507000,0.692000,14.458000,6.374000,1.000000,30.370000
0.669,-0.249000,-0.451000,0.689000,10.351000,4.924000,3.771000,30.320000
0.676,-0.280000,-0.430000,0.677000,6.664000,-0.397000,6.977000,30.370000
0.689,-0.315000,-0.399000,0.669000,1.443000,-7.710000,9.443000,30.270000
0.695,-0.323000,-0.406000,0.658000,-2.000000,-14.573000,7.733000,30.410000
0.707,-0.300000,-0.415000,0.640000,-2.435000,-17.084000,2.962000,30.410000
0.719,-0.270000,-0.424000,0.618000,-3.458000,-16.863000,-1.748000,30.370000
0.726,-0.269000,-0.455000,0.580000,-2.160000,-17.305000,-5.786000,30.410000
0.739,-0.262000,-0.485000,0.556000,0.099000,-17.115000,-8.618000,30.320000
0.746,-0.252000,-0.524000,0.533000,7.229000,-17.198000,-9.962000,30.370000
0.757,-0.223000,-0.500000,0.551000,13.611000,-17.817000,-10.191000,30.370000
0.769,-0.218000,-0.446000,0.557000,14.740000,-17.847000,-9.305000,30.220000
0.776,-0.238000,-0.429000,0.591000,14.847000,-20.084000,-5.427000,30.320000
0.788,-0.245000,-0.386000,0.606000,11.634000,-24.771000,-1.977000,30.370000
0.796,-0.243000,-0.393000,0.636000,5.290000,-27.802000,-0.405000,30.370000
0.807,-0.192000,-0.413000,0.651000,5.382000,-24.649000,-3.168000,30.320000
0.819,-0.167000,-0.435000,0.675000,5.618000,-17.137000,-7.702000,30.370000
0.826,-0.157000,-0.433000,0.665000,4.954000,-10.840000,-10.099000,30.370000
0.838,-0.180000,-0.407000,0.672000,4.534000,-7.901000,-10.481000,30.320000
0.845,-0.215000,-0.367000,0.671000,1.168000,-9.008000,-9.603000,30.320000
0.857,-0.217000,-0.347000,0.674000,-4.000000,-14.176000,-8.420000,30.370000
0.869,-0.189000,-0.355000,0.663000,-10.763000,-16.977000,-7.221000,30.370000
0.875,-0.165000,-0.406000,0.631000,-15.122000,-20.733000,-7.466000,30.320000
0.888,-0.117000,-0.490000,0.568000,-12.740000,-21.427000,-6.176000,30.270000
0.900,-0.102000,-0.557000,0.547000,-4.588000,-18.695000,-4.573000,30.370000
0.907,-0.062000,-0.608000,0.549000,3.244000,-10.977000,-1.420000,30.320000
0.919,-0.057000,-0.631000,0.561000,12.382000,-6.351000,3.481000,30.410000
0.925,-0.072000,-0.670000,0.645000,19.939000,12.084000,9.573000,30.370000
0.938,-0.188000,-0.568000,0.695000,28.855000,-0.740000,14.137000,30.370000
0.946,-0.251000,-0.552000,0.780000,28.229000,7.267000,19.924000,30.320000
0.957,-0.334000,-0.422000,0.777000,22.496000,0.908000,18.275000,30.370000
0.969,-0.345000,-0.378000,0.881000,14.321000,-7.992000,13.702000,30.270000
0.976,-0.294000,-0.326000,0.928000,-6.031000,-12.321000,8.626000,30.410000
0.988,-0.227000,-0.407000,0.933000,-21.389000,-10.870000,4.374000,30.410000
0.996,-0.204000,-0.504000,0.936000,-28.160000,-5.817000,1.809000,30.370000
1.007,-0.164000,-0.590000,0.890000,-24.824000,-1.832000,5.618000,30.370000
1.019,-0.161000,-0.656000,0.875000,-16.298000,3.168000,11.992000,30.410000
1.026,-0.150000,-0.628000,0.868000,-11.183000,10.794000,16.008000,30.320000
1.039,-0.167000,-0.591000,0.874000,-8.718000,20.855000,17.702000,30.370000
1.045,-0.225000,-0.570000,0.857000,-11.809000,25.595000,17.641000,30.320000
1.058,-0.286000,-0.537000,0.806000,-15.290000,23.389000,15.786000,30.320000
1.069,-0.321000,-0.563000,0.760000,-17.489000,16.214000,12.771000,30.370000
1.076,-0.312000,-0.579000,0.652000,-14.061000,1.145000,7.397000,30.370000
1.089,-0.297000,-0.688000,0.620000,-2.420000,-9.710000,3.748000,30.370000
1.096,-0.232000,-0.690000,0.611000,8.176000,-13.397000,1.008000,30.320000
1.108,-0.221000,-0.681000,0.625000,19.878000,-11.786000,-1.137000,30.370000
1.119,-0.215000,-0.624000,0.672000,28.481000,-8.115000,-3.557000,30.370000
1.126,-0.218000,-0.572000,0.720000,32.275000,-4.802000,-6.550000,30.410000
1.139,-0.227000,-0.525000,0.754000,31.794000,-2.885000,-8.412000,30.370000
1.146,-0.258000,-0.508000,0.797000,29.908000,-7.588000,-7.542000,30.270000
1.157,-0.255000,-0.520000,0.825000,27.534000,-13.359000,-5.336000,30.410000
1.169,-0.233000,-0.492000,0.865000,24.321000,-15.382000,-3.580000,30.320000
1.176,-0.227000,-0.502000,0.898000,20.298000,-14.053000,-1.626000,30.370000
1.188,-0.229000,-0.487000,0.926000,16.802000,-10.427000,0.176000,30.370000
1.196,-0.248000,-0.469000,0.952000,12.840000,-8.038000,0.656000,30.410000
1.208,-0.265000,-0.450000,0.960000,6.145000,-7.809000,-0.511000,30.410000
1.213,-0.256000,-0.437000,0.954000,1.763000,-6.595000,-1.832000,30.370000
1.226,-0.245000,-0.430000,0.939000,-3.053000,-7.099000,-2.244000,30.270000
1.239,-0.217000,-0.411000,0.897000,-10.198000,-5.450000,-2.237000,30.320000
1.246,-0.212000,-0.435000,0.848000,-15.725000,-4.031000,-2.099000,30.460000
1.258,-0.208000,-0.434000,0.783000,-18.779000,-4.763000,-1.092000,30.370000
1.270,-0.215000,-0.458000,0.716000,-23.977000,-7.496000,-0.107000,30.320000
1.276,-0.214000,-0.519000,0.643000,-28.786000,-13.626000,3.069000,30.410000
1.289,-0.208000,-0.554000,0.557000,-25.328000,-20.214000,4.794000,30.370000
1.298,-0.163000,-0.619000,0.503000,-14.939000,-23.198000,7.405000,30.370000
1.307,-0.110000,-0.639000,0.503000,-3.496000,-17.137000,4.969000,30.410000
1.319,-0.109000,-0.632000,0.557000,2.962000,-2.954000,3.557000,30.320000
1.326,-0.115000,-0.646000,0.610000,12.947000,9.351000,2.786000,30.270000
1.339,-0.141000,-0.607000,0.690000,22.473000,21.931000,0.336000,30.370000
1.346,-0.253000,-0.501000,0.806000,27.603000,26.206000,-0.664000,30.320000
1.358,-0.427000,-0.383000,0.898000,20.145000,11.618000,0.756000,30.370000
1.365,-0.520000,-0.292000,0.969000,2.313000,-11.084000,0.321000,30.370000
1.377,-0.480000,-0.286000,0.995000,-11.435000,-39.916000,-2.817000,30.370000
1.389,-0.349000,-0.369000,0.940000,-23.107000,-56.260000,-5.840000,30.510000
1.396,-0.181000,-0.493000,0.900000,-23.786000,-54.763000,-8.061000,30.460000
1.407,-0.046000,-0.556000,0.847000,-17.771000,-37.511000,-9.802000,30.460000
1.419,0.021000,-0.530000,0.842000,-9.351000,-13.214000,-12.443000,30.410000
1.427,0.012000,-0.508000,0.840000,-1.710000,7.389000,-13.412000,30.410000
1.439,-0.033000,-0.438000,0.821000,-0.466000,20.229000,-14.076000,30.370000
1.446,-0.139000,-0.352000,0.838000,-6.275000,18.740000,-11.221000,30.410000
1.457,-0.242000,-0.305000,0.780000,-18.687000,0.870000,-6.626000,30.410000
1.469,-0.204000,-0.363000,0.744000,-26.115000,-17.237000,-5.573000,30.370000
1.476,-0.139000,-0.431000,0.690000,-30.710000,-28.947000,-7.634000,30.370000
1.489,-0.029000,-0.515000,0.646000,-25.756000,-27.176000,-9.099000,30.410000
1.496,0.046000,-0.543000,0.597000,-16.000000,-18.824000,-10.573000,30.410000
1.507,0.052000,-0.560000,0.614000,-6.053000,-8.313000,-11.809000,30.370000
1.519,0.015000,-0.551000,0.598000,-0.435000,-1.420000,-10.878000,30.370000
1.526,-0.028000,-0.515000,0.605000,2.359000,-1.863000,-9.168000,30.320000
1.539,-0.061000,-0.436000,0.626000,-3.214000,-5.046000,-7.588000,30.270000
1.546,-0.104000,-0.480000,0.624000,-7.282000,-17.931000,-2.992000,30.370000
1.557,-0.106000,-0.499000,0.636000,-8.107000,-30.687000,0.130000,30.410000
1.569,-0.070000,-0.519000,0.683000,-7.710000,-37.947000,2.672000,30.410000
1.576,-0.014000,-0.514000,0.738000,-7.328000,-36.458000,2.931000,30.370000
1.589,0.000000,-0.528000,0.797000,-6.015000,-32.863000,4.954000,30.460000
1.595,0.010000,-0.530000,0.844000,-4.901000,-21.718000,7.473000,30.410000
1.607,-0.012000,-0.502000,0.868000,-4.969000,-10.771000,10.198000,30.410000
1.619,-0.051000,-0.458000,0.866000,-10.756000,0.275000,13.756000,30.370000
1.626,-0.116000,-0.460000,0.829000,-17.145000,2.595000,17.870000,30.270000
1.639,-0.173000,-0.490000,0.789000,-21.053000,0.466000,20.618000,30.410000
1.646,-0.210000,-0.526000,0.766000,-21.710000,-6.672000,20.603000,30.370000
1.657,-0.212000,-0.569000,0.718000,-17.977000,-10.351000,19.641000,30.270000
1.669,-0.190000,-0.606000,0.715000,-13.863000,-9.565000,14.405000,30.370000
1.676,-0.145000,-0.610000,0.740000,-11.282000,-3.527000,9.344000,30.410000
1.689,-0.131000,-0.567000,0.763000,-11.336000,5.153000,6.313000,30.460000
1.696,-0.140000,-0.543000,0.764000,-10.527000,11.153000,4.145000,30.370000
1.707,-0.178000,-0.550000,0.760000,-8.870000,11.092000,4.221000,30.410000
1.714,-0.181000,-0.555000,0.775000,-7.687000,10.397000,3.595000,30.320000
1.727,-0.220000,-0.571000,0.805000,-8.985000,7.641000,3.038000,30.370000
1.739,-0.242000,-0.582000,0.820000,-8.130000,3.435000,2.656000,30.320000
1.747,-0.244000,-0.570000,0.845000,-8.977000,0.282000,-0.359000,30.410000
1.758,-0.243000,-0.572000,0.877000,-9.992000,-3.229000,-4.008000,30.370000
1.765,-0.200000,-0.581000,0.896000,-9.115000,-2.153000,-7.672000,30.370000
1.777,-0.145000,-0.565000,0.927000,-11.313000,4.809000,-11.611000,30.410000
1.789,-0.134000,-0.603000,0.945000,-12.847000,13.153000,-15.069000,30.220000
1.796,-0.140000,-0.646000,0.950000,-11.969000,20.267000,-15.198000,30.370000
1.808,-0.139000,-0.614000,0.978000,-11.427000,29.115000,-12.649000,30.270000
1.814,-0.150000,-0.574000,0.966000,-15.725000,42.221000,-6.565000,30.410000
1.827,-0.202000,-0.537000,0.960000,-20.634000,53.122000,-1.718000,30.320000
1.839,-0.318000,-0.531000,0.884000,-25.969000,49.198000,-2.847000,30.370000
1.846,-0.356000,-0.608000,0.808000,-27.794000,47.573000,-13.160000,30.320000
1.857,-0.350000,-0.688000,0.705000,-25.794000,40.489000,-27.351000,30.320000
1.869,-0.324000,-0.774000,0.663000,-17.710000,26.504000,-40.038000,30.370000
1.876,-0.291000,-0.727000,0.635000,-14.099000,11.840000,-46.924000,30.370000
1.889,-0.216000,-0.708000,0.662000,-13.115000,-7.366000,-47.397000,30.320000
1.895,-0.082000,-0.696000,0.701000,-13.924000,-15.206000,-45.710000,30.410000
1.907,0.060000,-0.653000,0.764000,-14.962000,-12.519000,-41.954000,30.370000
1.919,0.102000,-0.615000,0.738000,-14.679000,-9.061000,-34.443000,30.460000
1.925,0.093000,-0.635000,0.818000,-15.443000,6.664000,-26.206000,30.320000
1.939,0.040000,-0.627000,0.806000,-17.267000,17.969000,-18.397000,30.410000
1.945,-0.040000,-0.711000,0.799000,-14.275000,20.931000,-14.344000,30.460000
1.956,-0.053000,-0.660000,0.782000,-11.748000,24.794000,-14.580000,30.370000
1.968,-0.111000,-0.650000,0.778000,-14.229000,20.336000,-12.542000,30.320000
1.975,-0.166000,-0.605000,0.758000,-18.130000,13.160000,-9.397000,30.370000
1.987,-0.207000,-0.587000,0.763000,-23.466000,3.183000,-6.374000,30.370000
1.999,-0.207000,-0.611000,0.756000,-26.427000,-10.023000,-3.802000,30.410000
2.007,-0.157000,-0.608000,0.768000,-25.618000,-11.756000,-4.359000,30.410000
2.018,-0.139000,-0.613000,0.762000,-24.595000,-8.496000,-5.008000,30.460000
2.025,-0.131000,-0.637000,0.765000,-20.847000,-3.611000,-7.061000,30.370000
2.037,-0.148000,-0.666000,0.753000,-16.298000,0.412000,-7.947000,30.320000
2.049,-0.156000,-0.674000,0.770000,-12.351000,2.450000,-6.939000,30.410000
2.056,-0.151000,-0.671000,0.780000,-8.977000,3.183000,-4.405000,30.370000
2.068,-0.120000,-0.654000,0.803000,-7.794000,7.389000,0.450000,30.320000
2.075,-0.102000,-0.618000,0.819000,-9.969000,13.221000,5.710000,30.510000
2.088,-0.121000,-0.586000,0.834000,-16.267000,20.031000,10.115000,30.460000
2.099,-0.182000,-0.610000,0.812000,-23.321000,21.618000,11.695000,30.370000
2.106,-0.204000,-0.671000,0.764000,-22.313000,16.763000,11.664000,30.370000
2.118,-0.239000,-0.753000,0.735000,-19.328000,10.489000,9.756000,30.410000
2.125,-0.218000,-0.771000,0.720000,-10.962000,2.924000,5.427000,30.270000
2.138,-0.170000,-0.763000,0.733000,-7.817000,1.977000,0.145000,30.370000
2.146,-0.123000,-0.731000,0.738000,-4.275000,1.748000,-5.015000,30.320000
2.157,-0.099000,-0.699000,0.746000,-4.466000,0.420000,-8.901000,30.410000
2.169,-0.082000,-0.699000,0.734000,-3.214000,-2.023000,-10.740000,30.270000
2.175,-0.052000,-0.720000,0.721000,-0.550000,-4.435000,-12.435000,30.370000
2.189,-0.046000,-0.754000,0.737000,2.847000,-5.557000,-12.679000,30.410000
2.195,-0.070000,-0.782000,0.735000,7.115000,-8.443000,-9.824000,30.370000
2.207,-0.098000,-0.775000,0.770000,8.924000,-13.359000,-6.008000,30.370000
2.219,-0.091000,-0.758000,0.801000,9.824000,-13.237000,-4.893000,30.410000
2.226,-0.115000,-0.760000,0.851000,7.687000,-15.420000,-5.702000,30.320000
2.238,-0.110000,-0.748000,0.884000,6.504000,-14.962000,-5.863000,30.370000
2.245,-0.114000,-0.729000,0.921000,3.374000,-16.214000,-4.229000,30.460000
2.257,-0.109000,-0.729000,0.929000,-1.084000,-15.176000,-0.511000,30.370000
2.269,-0.103000,-0.715000,0.940000,-6.878000,-12.076000,4.382000,30.410000
2.276,-0.114000,-0.719000,0.919000,-12.511000,-9.748000,9.405000,30.370000
2.289,-0.120000,-0.719000,0.885000,-17.580000,-6.534000,12.847000,30.270000
2.295,-0.153000,-0.729000,0.829000,-21.908000,-4.565000,14.473000,30.320000
2.307,-0.181000,-0.756000,0.792000,-21.779000,-7.038000,14.733000,30.410000
2.319,-0.206000,-0.796000,0.763000,-20.832000,-10.344000,14.160000,30.370000
2.325,-0.193000,-0.791000,0.729000,-19.595000,-11.336000,11.527000,30.320000
2.339,-0.167000,-0.797000,0.724000,-19.321000,-11.710000,9.695000,30.320000
2.345,-0.146000,-0.837000,0.716000,-15.000000,-12.153000,9.183000,30.370000
2.356,-0.122000,-0.858000,0.727000,-9.794000,-9.107000,8.756000,30.370000
2.369,-0.108000,-0.844000,0.725000,-6.092000,-4.763000,8.557000,30.320000
2.376,-0.125000,-0.860000,0.739000,-4.435000,-2.847000,8.252000,30.320000
2.388,-0.137000,-0.874000,0.752000,-2.527000,-3.221000,7.908000,30.460000
2.396,-0.148000,-0.875000,0.776000,1.214000,-5.313000,6.939000,30.270000
2.407,-0.162000,-0.944000,0.771000,5.397000,-12.244000,14.710000,30.460000
2.419,-0.150000,-0.925000,0.827000,7.137000,-19.496000,22.130000,30.320000
2.426,-0.138000,-0.851000,0.868000,-1.237000,-19.130000,20.962000,30.370000
2.439,-0.149000,-0.864000,0.923000,-2.832000,-11.160000,12.504000,30.270000
2.446,-0.178000,-0.892000,0.942000,-6.038000,-4.718000,2.542000,30.320000
2.457,-0.205000,-0.943000,0.920000,-6.817000,-3.405000,-7.130000,30.320000
2.469,-0.252000,-0.999000,0.921000,-5.244000,-9.603000,-13.931000,30.370000
2.476,-0.251000,-1.006000,0.933000,-1.298000,-18.443000,-18.641000,30.410000
2.489,-0.190000,-0.979000,0.976000,2.588000,-22.687000,-23.412000,30.320000
2.495,-0.149000,-0.953000,1.020000,2.687000,-23.252000,-23.550000,30.370000
2.507,-0.094000,-0.933000,1.063000,2.221000,-20.221000,-20.985000,30.370000
2.519,-0.070000,-0.892000,1.076000,0.573000,-11.969000,-19.000000,30.410000
2.526,-0.046000,-0.911000,1.036000,-0.817000,-4.504000,-18.252000,30.410000
2.539,-0.062000,-0.924000,0.990000,-1.565000,0.649000,-15.053000,30.460000
2.545,-0.072000,-0.940000,0.936000,-1.183000,1.870000,-9.420000,30.370000
2.557,-0.057000,-0.964000,0.877000,1.603000,3.336000,-2.427000,30.370000
2.569,-0.046000,-0.986000,0.820000,7.748000,7.458000,5.305000,30.320000
2.576,-0.041000,-0.962000,0.806000,16.298000,14.794000,10.557000,30.370000
2.589,-0.088000,-0.913000,0.793000,22.924000,20.427000,14.504000,30.370000
2.596,-0.156000,-0.861000,0.785000,25.969000,20.687000,15.916000,30.320000
2.608,-0.240000,-0.851000,0.774000,27.023000,15.160000,15.260000,30.320000
2.614,-0.273000,-0.828000,0.780000,28.344000,5.702000,13.985000,30.270000
2.627,-0.256000,-0.837000,0.794000,31.466000,-2.626000,10.695000,30.410000
2.639,-0.202000,-0.840000,0.792000,37.313000,-4.962000,5.244000,30.320000
2.646,-0.136000,-0.783000,0.832000,37.496000,0.977000,-0.336000,30.270000
2.658,-0.134000,-0.780000,0.860000,35.748000,4.855000,-1.473000,30.270000
2.665,-0.124000,-0.734000,0.871000,32.115000,8.679000,1.427000,30.320000
2.677,-0.094000,-0.721000,0.857000,26.397000,13.237000,7.405000,30.320000
2.689,-0.062000,-0.725000,0.838000,24.244000,23.412000,15.870000,30.370000
2.697,-0.082000,-0.751000,0.836000,28.244000,37.405000,25.046000,30.370000
2.708,-0.213000,-0.770000,0.894000,41.115000,39.656000,31.229000,30.410000
2.715,-0.402000,-0.668000,1.013000,46.695000,38.198000,30.084000,30.320000
2.728,-0.513000,-0.561000,1.103000,38.603000,26.061000,22.145000,30.270000
2.736,-0.523000,-0.494000,1.143000,23.412000,10.061000,10.832000,30.320000
2.748,-0.439000,-0.505000,1.098000,2.710000,-4.366000,0.824000,30.320000
2.759,-0.290000,-0.559000,0.963000,-16.008000,-12.443000,-3.061000,30.370000
2.765,-0.158000,-0.611000,0.800000,-32.237000,-12.504000,-3.145000,30.180000
2.777,-0.069000,-0.708000,0.642000,-38.565000,-8.718000,1.053000,30.320000
2.786,0.001000,-0.790000,0.485000,-40.099000,-4.244000,5.252000,30.320000
2.797,0.009000,-0.889000,0.388000,-28.794000,-1.496000,12.420000,30.270000
2.809,-0.020000,-1.001000,0.390000,-3.840000,-1.992000,16.573000,30.370000
2.816,0.023000,-0.964000,0.471000,23.023000,10.260000,12.992000,30.320000
2.828,0.016000,-0.808000,0.578000,44.092000,18.496000,8.496000,30.320000
2.836,0.005000,-0.647000,0.689000,52.496000,28.511000,7.992000,30.270000
2.847,-0.069000,-0.494000,0.770000,49.038000,30.282000,7.870000,30.270000
2.859,-0.092000,-0.360000,0.789000,35.405000,26.664000,9.176000,30.410000
2.866,-0.167000,-0.425000,0.789000,21.626000,13.389000,12.405000,30.220000
2.878,-0.163000,-0.536000,0.756000,23.710000,6.557000,11.489000,30.270000
2.887,-0.151000,-0.572000,0.789000,26.069000,6.420000,9.328000,30.370000
2.899,-0.164000,-0.615000,0.795000,33.137000,7.183000,6.046000,30.220000
2.906,-0.182000,-0.634000,0.776000,38.733000,3.824000,4.137000,30.270000
2.917,-0.220000,-0.603000,0.754000,38.969000,-1.382000,6.855000,30.180000
2.929,-0.220000,-0.447000,0.723000,17.015000,-15.840000,8.153000,30.320000
2.937,-0.210000,-0.414000,0.693000,0.687000,-22.649000,5.718000,30.320000
2.948,-0.175000,-0.496000,0.636000,-8.466000,-29.542000,1.382000,30.370000
2.956,-0.187000,-0.591000,0.611000,-6.008000,-35.725000,-6.122000,30.270000
2.967,-0.166000,-0.640000,0.611000,6.626000,-42.206000,-16.420000,30.410000
2.979,-0.128000,-0.626000,0.671000,19.450000,-44.282000,-26.931000,30.320000
2.986,-0.076000,-0.571000,0.701000,25.802000,-43.359000,-36.924000,30.270000
2.998,-0.016000,-0.481000,0.749000,27.290000,-36.977000,-44.672000,30.270000
3.005,0.014000,-0.401000,0.762000,21.229000,-31.969000,-46.740000,30.270000
3.017,0.043000,-0.379000,0.736000,11.840000,-29.351000,-43.214000,30.320000
3.029,0.048000,-0.423000,0.721000,4.992000,-30.160000,-36.916000,30.370000
3.036,0.064000,-0.429000,0.673000,6.076000,-31.374000,-29.359000,30.270000
3.048,0.060000,-0.386000,0.667000,3.427000,-27.924000,-21.344000,30.220000
3.055,0.073000,-0.423000,0.653000,6.099000,-25.527000,-14.496000,30.370000
3.067,0.091000,-0.423000,0.636000,6.351000,-19.855000,-9.305000,30.270000
3.079,0.116000,-0.406000,0.611000,4.878000,-11.786000,-5.214000,30.220000
3.087,0.164000,-0.439000,0.596000,4.260000,0.840000,-4.863000,30.320000
3.099,0.191000,-0.458000,0.590000,4.618000,21.901000,-3.458000,30.370000
3.106,0.117000,-0.447000,0.585000,5.344000,35.527000,0.962000,30.270000
3.118,0.014000,-0.460000,0.576000,8.000000,39.885000,3.908000,30.220000
3.125,-0.073000,-0.449000,0.584000,7.748000,37.947000,5.046000,30.320000
3.139,-0.132000,-0.439000,0.588000,5.053000,28.916000,3.947000,30.270000
3.145,-0.139000,-0.444000,0.573000,-0.137000,17.168000,3.504000,30.370000
3.157,-0.138000,-0.485000,0.566000,-4.382000,4.443000,4.603000,30.370000
3.169,-0.106000,-0.582000,0.548000,-4.122000,-15.519000,10.939000,30.320000
3.175,-0.052000,-0.607000,0.552000,-0.534000,-28.756000,17.580000,30.270000
3.188,0.000000,-0.625000,0.576000,4.603000,-24.260000,17.939000,30.370000
3.195,0.018000,-0.596000,0.603000,11.672000,-17.229000,18.748000,30.220000
3.207,-0.015000,-0.558000,0.638000,15.550000,-6.130000,17.977000,30.320000
3.219,-0.081000,-0.525000,0.666000,19.176000,-3.168000,18.557000,30.270000
3.226,-0.124000,-0.474000,0.677000,17.076000,-5.718000,17.916000,30.270000
3.239,-0.161000,-0.444000,0.705000,14.870000,-13.847000,17.939000,30.320000
3.245,-0.170000,-0.443000,0.715000,11.427000,-23.611000,17.374000,30.320000
3.257,-0.147000,-0.424000,0.705000,5.107000,-27.282000,16.160000,30.270000
3.269,-0.093000,-0.410000,0.720000,-0.557000,-23.511000,13.336000,30.180000
3.276,-0.025000,-0.416000,0.719000,-4.214000,-8.580000,9.298000,30.320000
3.289,0.021000,-0.447000,0.711000,-7.069000,10.305000,5.618000,30.270000
3.296,0.006000,-0.489000,0.668000,-6.191000,24.756000,4.595000,30.180000
3.307,-0.026000,-0.490000,0.646000,-6.580000,35.183000,6.885000,30.370000
3.319,-0.122000,-0.490000,0.624000,-7.275000,32.176000,13.397000,30.220000
3.326,-0.182000,-0.482000,0.625000,-10.328000,24.893000,19.107000,30.180000
3.339,-0.243000,-0.498000,0.617000,-14.168000,11.221000,24.855000,30.270000
3.346,-0.261000,-0.523000,0.604000,-16.550000,-0.733000,29.000000,30.220000
3.357,-0.242000,-0.552000,0.593000,-15.099000,-5.931000,29.244000,30.320000
3.369,-0.236000,-0.564000,0.572000,-10.198000,-6.802000,27.527000,30.370000
3.376,-0.215000,-0.605000,0.577000,-1.145000,-5.382000,23.550000,30.270000
3.389,-0.226000,-0.605000,0.579000,10.374000,-2.458000,18.427000,30.320000
3.396,-0.216000,-0.588000,0.654000,19.992000,0.969000,13.389000,30.320000
3.407,-0.237000,-0.555000,0.699000,28.542000,3.053000,8.107000,30.270000
3.414,-0.256000,-0.528000,0.741000,34.634000,1.374000,3.206000,30.270000
3.427,-0.272000,-0.489000,0.774000,37.916000,-4.977000,-0.336000,30.220000
3.439,-0.319000,-0.427000,0.823000,35.908000,-19.824000,0.168000,30.320000
3.447,-0.374000,-0.390000,0.861000,31.130000,-48.435000,3.908000,30.270000
3.458,-0.406000,-0.329000,0.874000,22.168000,-80.679000,4.855000,30.370000
3.465,-0.445000,-0.292000,0.876000,6.824000,-112.450000,1.443000,30.270000
3.477,-0.413000,-0.293000,0.853000,-9.702000,-134.656000,-3.740000,30.220000
3.489,-0.369000,-0.328000,0.796000,-21.725000,-147.565000,-10.847000,30.180000
3.495,-0.276000,-0.363000,0.739000,-29.557000,-156.420000,-16.901000,30.370000
3.507,-0.182000,-0.416000,0.667000,-31.550000,-155.725000,-22.908000,30.320000
3.519,-0.053000,-0.484000,0.613000,-24.137000,-145.649000,-31.687000,30.320000
3.525,0.102000,-0.449000,0.586000,-15.313000,-121.641000,-41.519000,30.370000
3.537,0.215000,-0.437000,0.583000,-7.496000,-88.916000,-49.611000,30.370000
3.550,0.239000,-0.417000,0.588000,2.809000,-59.809000,-53.191000,30.320000
3.556,0.212000,-0.378000,0.636000,14.122000,-38.000000,-54.260000,30.270000
3.569,0.159000,-0.327000,0.673000,19.664000,-24.779000,-54.710000,30.270000
3.575,0.094000,-0.273000,0.721000,19.542000,-23.206000,-54.389000,30.220000
3.588,0.111000,-0.265000,0.751000,15.183000,-28.664000,-54.931000,30.220000
3.600,0.146000,-0.262000,0.780000,8.634000,-35.397000,-53.458000,30.270000
3.606,0.239000,-0.304000,0.765000,3.634000,-35.565000,-53.565000,30.370000
3.618,0.361000,-0.321000,0.747000,1.191000,-26.687000,-54.160000,30.370000
3.625,0.474000,-0.355000,0.701000,-1.947000,-15.969000,-50.260000,30.320000
3.637,0.516000,-0.352000,0.704000,-7.115000,-3.817000,-40.008000,30.270000
3.649,0.534000,-0.364000,0.669000,-10.573000,9.435000,-28.107000,30.370000
3.656,0.532000,-0.409000,0.647000,-13.038000,21.298000,-13.931000,30.320000
3.668,0.475000,-0.520000,0.583000,-11.763000,30.603000,0.878000,30.320000
3.675,0.423000,-0.628000,0.544000,-4.565000,38.366000,14.031000,30.370000
3.689,0.334000,-0.708000,0.545000,7.351000,42.489000,25.740000,30.270000
3.695,0.229000,-0.784000,0.558000,19.695000,41.847000,33.237000,30.320000
3.707,0.132000,-0.807000,0.615000,29.916000,36.763000,36.336000,30.220000
3.719,0.053000,-0.798000,0.692000,44.977000,28.618000,33.702000,30.270000
3.726,0.025000,-0.722000,0.804000,57.954000,20.252000,25.855000,30.270000
3.739,0.004000,-0.635000,0.926000,66.916000,10.908000,15.076000,30.220000
3.746,-0.019000,-0.560000,1.054000,69.725000,-4.977000,5.908000,30.320000
3.757,0.009000,-0.469000,1.166000,65.908000,-22.076000,-1.870000,30.270000
3.769,0.128000,-0.311000,1.252000,56.084000,-28.511000,-9.809000,30.270000
3.776,0.272000,-0.227000,1.327000,38.641000,-20.847000,-14.344000,30.220000
3.789,0.361000,-0.184000,1.314000,19.313000,-4.298000,-15.450000,30.320000
3.796,0.393000,-0.224000,1.253000,3.443000,12.374000,-11.244000,30.270000
3.808,0.389000,-0.298000,1.154000,-6.916000,24.641000,-4.198000,30.270000
3.814,0.385000,-0.369000,1.052000,-11.481000,32.229000,3.603000,30.320000
3.827,0.361000,-0.425000,0.944000,-16.435000,37.290000,11.206000,30.270000
3.840,0.334000,-0.463000,0.836000,-18.084000,44.351000,16.282000,30.270000
3.846,0.291000,-0.514000,0.744000,-16.954000,48.191000,22.008000,30.410000
3.858,0.215000,-0.531000,0.650000,-17.336000,44.176000,29.206000,30.130000
3.865,0.138000,-0.557000,0.599000,-16.450000,32.809000,37.214000,30.180000
3.877,0.082000,-0.563000,0.573000,-13.710000,21.069000,43.168000,30.270000
3.890,0.062000,-0.554000,0.572000,-9.275000,11.382000,46.023000,30.320000
3.898,0.029000,-0.558000,0.576000,-5.504000,5.489000,46.733000,30.320000
3.909,0.009000,-0.562000,0.577000,1.618000,1.824000,43.893000,30.270000
3.915,-0.011000,-0.541000,0.618000,10.092000,-0.924000,38.786000,30.370000
3.927,-0.069000,-0.520000,0.647000,16.702000,-7.977000,32.855000,30.270000
3.936,-0.067000,-0.490000,0.728000,23.718000,-11.176000,24.725000,30.320000
3.946,-0.045000,-0.438000,0.760000,28.374000,-12.740000,13.527000,30.270000
3.958,-0.042000,-0.405000,0.822000,29.718000,-13.641000,3.260000,30.270000
3.965,-0.001000,-0.385000,0.863000,28.824000,-17.000000,-3.947000,30.320000
3.978,0.044000,-0.359000,0.896000,26.298000,-17.779000,-8.137000,30.320000
3.984,0.075000,-0.372000,0.913000,25.176000,-17.130000,-9.695000,30.370000
3.997,0.121000,-0.390000,0.897000,26.809000,-13.626000,-9.473000,30.270000
4.009,0.149000,-0.389000,0.893000,28.191000,-7.252000,-7.420000,30.320000
4.016,0.169000,-0.406000,0.873000,28.023000,-0.603000,-3.939000,30.270000
4.028,0.157000,-0.412000,0.839000,28.260000,7.382000,-0.687000,30.270000
4.036,0.130000,-0.431000,0.807000,29.214000,14.458000,2.198000,30.220000
4.048,0.099000,-0.425000,0.804000,28.221000,19.962000,2.374000,30.320000
4.055,0.083000,-0.419000,0.812000,29.252000,27.084000,1.305000,30.180000
4.067,0.030000,-0.407000,0.805000,27.573000,29.626000,1.824000,30.270000
4.079,-0.015000,-0.416000,0.788000,25.313000,25.160000,3.229000,30.270000
4.086,-0.049000,-0.412000,0.781000,23.557000,18.137000,3.328000,30.320000
4.099,-0.064000,-0.421000,0.783000,22.481000,8.191000,1.557000,30.270000
4.106,-0.050000,-0.441000,0.781000,25.496000,-1.382000,-1.527000,30.270000
4.117,-0.042000,-0.433000,0.787000,28.092000,-10.229000,-4.229000,30.320000
4.129,-0.010000,-0.443000,0.814000,33.985000,-17.901000,-6.031000,30.410000
4.136,0.020000,-0.400000,0.832000,37.489000,-22.748000,-7.710000,30.370000
4.148,0.046000,-0.391000,0.875000,38.023000,-21.748000,-8.229000,30.370000
4.155,0.090000,-0.363000,0.894000,36.756000,-17.389000,-8.053000,30.410000
4.167,0.106000,-0.343000,0.879000,34.817000,-10.756000,-7.267000,30.270000
4.179,0.091000,-0.352000,0.894000,36.107000,-6.252000,-6.053000,30.370000
4.186,0.101000,-0.346000,0.906000,38.641000,-1.160000,-5.679000,30.320000
4.199,0.068000,-0.324000,0.937000,38.595000,1.473000,-5.229000,30.320000
4.206,0.072000,-0.317000,0.956000,35.244000,5.733000,-5.985000,30.270000
4.218,0.043000,-0.305000,0.932000,32.893000,5.641000,-7.725000,30.270000
4.225,0.060000,-0.317000,0.930000,33.962000,8.656000,-9.977000,30.270000
4.237,0.072000,-0.336000,0.924000,32.107000,10.405000,-12.336000,30.320000
