time_sec,ax,ay,az,gx,gy,gz,temp_c
0.013,-0.083000,-0.267000,1.064000,-50.275000,27.382000,-24.168000,28.530000
0.017,-0.090000,-0.288000,1.087000,-44.573000,27.702000,-16.290000,28.620000
0.024,-0.106000,-0.234000,1.134000,-38.374000,27.840000,-10.977000,28.580000
0.036,-0.147000,-0.124000,1.173000,-43.115000,25.771000,-6.664000,28.580000
0.048,-0.181000,-0.053000,1.172000,-53.588000,17.786000,-7.626000,28.480000
0.054,-0.202000,-0.045000,1.111000,-66.672000,12.908000,-11.053000,28.620000
0.067,-0.183000,-0.088000,1.017000,-75.527000,8.244000,-17.809000,28.580000
0.073,-0.137000,-0.167000,0.896000,-77.824000,4.908000,-23.450000,28.480000
0.086,-0.050000,-0.239000,0.770000,-72.122000,7.031000,-26.267000,28.580000
0.100,0.018000,-0.267000,0.678000,-66.092000,14.443000,-26.565000,28.530000
0.105,0.070000,-0.272000,0.599000,-60.145000,26.000000,-25.802000,28.530000
0.118,0.037000,-0.260000,0.555000,-61.153000,32.740000,-19.198000,28.480000
0.123,-0.018000,-0.239000,0.523000,-66.786000,34.237000,-14.115000,28.580000
0.135,-0.042000,-0.255000,0.465000,-74.626000,33.298000,-10.527000,28.530000
0.147,-0.060000,-0.292000,0.432000,-84.573000,34.511000,-12.947000,28.620000
0.154,-0.059000,-0.393000,0.356000,-76.969000,29.244000,-7.527000,28.620000
0.166,-0.051000,-0.458000,0.345000,-69.328000,30.099000,-7.725000,28.580000
0.178,-0.058000,-0.490000,0.333000,-61.893000,31.511000,-9.252000,28.580000
0.186,-0.073000,-0.524000,0.352000,-50.588000,32.779000,-10.443000,28.620000
0.197,-0.102000,-0.539000,0.395000,-36.687000,33.908000,-11.527000,28.530000
0.203,-0.124000,-0.503000,0.454000,-26.046000,34.618000,-13.015000,28.580000
0.215,-0.158000,-0.471000,0.529000,-18.458000,36.198000,-15.443000,28.580000
0.227,-0.168000,-0.467000,0.621000,-11.107000,40.076000,-17.618000,28.580000
0.235,-0.228000,-0.467000,0.711000,-2.740000,41.611000,-20.885000,28.620000
0.246,-0.277000,-0.422000,0.792000,7.008000,41.740000,-25.634000,28.530000
0.258,-0.333000,-0.372000,0.853000,13.107000,36.481000,-29.901000,28.670000
0.265,-0.367000,-0.318000,0.911000,13.405000,28.000000,-33.969000,28.580000
0.277,-0.383000,-0.297000,0.925000,10.511000,16.137000,-36.794000,28.620000
0.284,-0.351000,-0.296000,0.945000,5.397000,4.405000,-37.443000,28.620000
0.297,-0.311000,-0.310000,0.955000,0.313000,-4.771000,-36.710000,28.480000
0.308,-0.260000,-0.336000,0.935000,-1.176000,-7.771000,-38.038000,28.670000
0.315,-0.203000,-0.321000,0.931000,-3.275000,-5.122000,-40.229000,28.620000
0.327,-0.176000,-0.332000,0.918000,-7.176000,-1.053000,-39.641000,28.620000
0.334,-0.165000,-0.345000,0.905000,-8.985000,1.695000,-38.832000,28.530000
0.347,-0.157000,-0.368000,0.876000,-9.656000,1.015000,-35.008000,28.670000
0.358,-0.148000,-0.376000,0.847000,-11.115000,-0.435000,-32.076000,28.580000
0.365,-0.145000,-0.404000,0.826000,-8.542000,-0.885000,-30.863000,28.530000
0.377,-0.126000,-0.406000,0.810000,-6.725000,0.168000,-30.832000,28.720000
0.384,-0.115000,-0.410000,0.802000,-7.130000,1.740000,-29.664000,28.670000
0.396,-0.117000,-0.422000,0.785000,-7.679000,1.374000,-27.649000,28.670000
0.408,-0.129000,-0.453000,0.765000,-6.122000,-0.267000,-24.603000,28.580000
0.415,-0.117000,-0.463000,0.755000,-1.985000,-0.649000,-23.130000,28.620000
0.427,-0.099000,-0.462000,0.766000,3.183000,2.450000,-24.038000,28.530000
0.435,-0.125000,-0.463000,0.781000,5.565000,11.855000,-30.626000,28.580000
0.447,-0.118000,-0.398000,0.809000,8.763000,13.405000,-31.130000,28.670000
0.458,-0.144000,-0.399000,0.805000,9.458000,12.542000,-26.847000,28.620000
0.465,-0.151000,-0.428000,0.787000,7.595000,8.687000,-19.099000,28.620000
0.478,-0.157000,-0.439000,0.776000,8.565000,3.313000,-11.656000,28.580000
0.485,-0.166000,-0.461000,0.767000,8.611000,-1.458000,-6.740000,28.580000
0.497,-0.177000,-0.486000,0.759000,10.748000,-5.145000,-4.214000,28.580000
0.504,-0.173000,-0.490000,0.763000,13.382000,-6.389000,-5.244000,28.530000
0.515,-0.178000,-0.496000,0.769000,16.145000,-6.137000,-7.733000,28.620000
0.528,-0.161000,-0.484000,0.771000,18.878000,-4.443000,-8.702000,28.670000
0.535,-0.145000,-0.469000,0.781000,19.832000,-1.466000,-8.473000,28.580000
0.547,-0.138000,-0.471000,0.788000,16.611000,0.450000,-5.489000,28.530000
0.554,-0.143000,-0.461000,0.798000,13.420000,2.092000,-2.023000,28.530000
0.566,-0.151000,-0.466000,0.763000,11.702000,4.863000,0.015000,28.480000
0.572,-0.158000,-0.467000,0.758000,13.702000,7.183000,0.092000,28.580000
0.585,-0.174000,-0.417000,0.756000,13.466000,6.855000,-0.176000,28.580000
0.598,-0.189000,-0.383000,0.744000,11.664000,4.588000,-1.595000,28.580000
0.605,-0.181000,-0.370000,0.740000,10.412000,-0.244000,-2.901000,28.620000
0.616,-0.154000,-0.362000,0.726000,10.550000,-2.244000,-4.550000,28.670000
0.623,-0.106000,-0.336000,0.714000,10.359000,-1.061000,-7.046000,28.580000
0.636,-0.093000,-0.311000,0.689000,10.557000,1.863000,-9.031000,28.620000
0.648,-0.075000,-0.290000,0.660000,6.977000,3.588000,-7.809000,28.620000
0.655,-0.069000,-0.274000,0.631000,0.664000,3.115000,-5.115000,28.530000
0.667,-0.058000,-0.282000,0.599000,-3.893000,2.954000,-2.939000,28.580000
0.674,-0.038000,-0.319000,0.544000,-8.840000,4.000000,-1.511000,28.670000
0.687,-0.049000,-0.406000,0.487000,-7.794000,5.748000,1.855000,28.620000
0.694,-0.067000,-0.452000,0.432000,-1.748000,8.374000,3.198000,28.620000
0.706,-0.130000,-0.490000,0.391000,6.511000,7.786000,2.405000,28.670000
0.718,-0.148000,-0.484000,0.430000,20.427000,8.069000,-0.588000,28.670000
0.725,-0.171000,-0.421000,0.498000,31.504000,8.504000,-3.840000,28.620000
0.742,-0.202000,-0.344000,0.583000,37.542000,8.901000,-7.221000,28.530000
0.745,-0.220000,-0.298000,0.688000,40.137000,7.328000,-9.847000,28.620000
0.757,-0.261000,-0.268000,0.749000,40.733000,1.855000,-8.580000,28.580000
0.763,-0.261000,-0.241000,0.827000,38.954000,-5.176000,-5.824000,28.670000
0.775,-0.229000,-0.188000,0.901000,33.221000,-7.122000,-3.542000,28.670000
0.789,-0.183000,-0.177000,0.944000,26.229000,-4.763000,-2.832000,28.620000
0.795,-0.148000,-0.160000,0.952000,16.244000,3.344000,-2.458000,28.530000
0.807,-0.168000,-0.192000,0.937000,8.992000,11.107000,-1.656000,28.580000
0.814,-0.241000,-0.174000,0.960000,5.206000,13.489000,-0.893000,28.670000
0.826,-0.326000,-0.139000,0.965000,-0.985000,6.481000,-0.908000,28.620000
0.838,-0.347000,-0.113000,0.961000,-10.405000,-3.817000,-3.595000,28.620000
0.845,-0.297000,-0.146000,0.923000,-19.260000,-9.145000,-9.290000,28.580000
0.857,-0.215000,-0.244000,0.878000,-22.481000,-8.641000,-13.359000,28.580000
0.863,-0.132000,-0.282000,0.832000,-22.534000,-0.847000,-14.595000,28.620000
0.875,-0.105000,-0.314000,0.781000,-23.305000,7.618000,-14.802000,28.620000
0.888,-0.132000,-0.324000,0.764000,-24.695000,8.969000,-11.847000,28.620000
0.895,-0.149000,-0.336000,0.740000,-25.878000,4.588000,-9.023000,28.580000
0.906,-0.146000,-0.352000,0.723000,-27.489000,-2.542000,-7.061000,28.670000
0.913,-0.096000,-0.430000,0.688000,-27.550000,-7.069000,-3.359000,28.620000
0.925,-0.030000,-0.473000,0.655000,-24.038000,-4.626000,0.160000,28.620000
0.938,0.011000,-0.502000,0.648000,-14.931000,5.115000,1.649000,28.670000
0.945,0.000000,-0.484000,0.646000,-9.313000,12.458000,5.008000,28.670000
0.957,-0.061000,-0.438000,0.667000,-7.450000,13.458000,8.603000,28.580000
0.964,-0.097000,-0.409000,0.687000,-5.893000,10.275000,11.542000,28.580000
0.976,-0.105000,-0.378000,0.707000,-6.153000,8.107000,12.840000,28.620000
0.985,-0.105000,-0.376000,0.739000,-7.275000,8.885000,13.656000,28.670000
0.995,-0.139000,-0.371000,0.737000,-9.183000,11.290000,14.412000,28.670000
1.007,-0.162000,-0.359000,0.754000,-13.534000,11.649000,15.573000,28.720000
1.014,-0.217000,-0.378000,0.748000,-16.176000,4.626000,18.954000,28.620000
1.026,-0.240000,-0.382000,0.738000,-21.183000,-1.244000,17.924000,28.620000
1.038,-0.258000,-0.430000,0.746000,-20.137000,-7.435000,15.183000,28.580000
1.046,-0.236000,-0.437000,0.757000,-16.618000,-7.015000,9.511000,28.670000
1.057,-0.214000,-0.423000,0.790000,-15.084000,0.725000,1.534000,28.620000
1.064,-0.256000,-0.404000,0.827000,-16.275000,4.244000,-2.122000,28.620000
1.076,-0.346000,-0.371000,0.837000,-23.595000,-3.489000,-2.053000,28.580000
1.083,-0.400000,-0.343000,0.844000,-36.107000,-22.008000,0.038000,28.770000
1.095,-0.372000,-0.376000,0.821000,-48.130000,-41.290000,-0.405000,28.670000
1.107,-0.255000,-0.431000,0.791000,-57.031000,-52.794000,0.855000,28.720000
1.114,-0.143000,-0.503000,0.749000,-57.427000,-52.840000,-1.015000,28.620000
1.126,-0.038000,-0.553000,0.720000,-50.298000,-42.802000,-3.130000,28.670000
1.138,-0.020000,-0.551000,0.720000,-42.885000,-29.290000,-2.534000,28.670000
1.145,-0.084000,-0.554000,0.719000,-39.229000,-24.702000,3.336000,28.580000
1.156,-0.153000,-0.563000,0.729000,-38.870000,-28.458000,13.458000,28.620000
1.163,-0.188000,-0.560000,0.732000,-37.962000,-35.756000,20.962000,28.620000
1.175,-0.191000,-0.572000,0.751000,-33.450000,-36.160000,20.221000,28.580000
1.188,-0.161000,-0.565000,0.784000,-26.626000,-29.664000,14.618000,28.670000
1.194,-0.169000,-0.558000,0.825000,-19.786000,-21.672000,5.489000,28.620000
1.206,-0.182000,-0.532000,0.889000,-14.015000,-18.214000,-1.496000,28.620000
1.218,-0.175000,-0.514000,0.918000,-13.336000,-18.656000,-6.076000,28.670000
1.225,-0.151000,-0.497000,0.956000,-17.840000,-20.420000,-8.107000,28.670000
1.237,-0.092000,-0.513000,0.946000,-20.267000,-18.710000,-8.023000,28.620000
1.245,-0.040000,-0.516000,0.949000,-23.504000,-10.389000,-7.885000,28.530000
1.256,0.007000,-0.545000,0.944000,-23.176000,3.275000,-6.336000,28.720000
1.268,0.002000,-0.535000,0.928000,-23.893000,18.618000,-6.374000,28.670000
1.274,-0.040000,-0.530000,0.910000,-23.519000,30.664000,-7.809000,28.670000
1.287,-0.124000,-0.527000,0.910000,-25.710000,31.634000,-9.038000,28.620000
1.294,-0.190000,-0.498000,0.896000,-31.374000,22.137000,-10.237000,28.530000
1.305,-0.196000,-0.532000,0.878000,-37.221000,7.916000,-11.038000,28.670000
1.317,-0.154000,-0.581000,0.853000,-40.198000,-3.695000,-10.702000,28.670000
1.324,-0.091000,-0.619000,0.851000,-38.458000,-8.153000,-10.137000,28.580000
1.336,-0.028000,-0.632000,0.840000,-36.634000,-4.878000,-10.145000,28.720000
1.348,-0.029000,-0.656000,0.812000,-33.985000,1.519000,-9.130000,28.620000
1.355,-0.047000,-0.638000,0.793000,-30.420000,7.168000,-7.863000,28.670000
1.367,-0.099000,-0.656000,0.778000,-27.481000,9.389000,-8.061000,28.670000
1.374,-0.137000,-0.636000,0.776000,-23.809000,7.740000,-8.298000,28.620000
1.387,-0.177000,-0.599000,0.799000,-26.000000,1.733000,-7.794000,28.720000
1.398,-0.185000,-0.630000,0.786000,-28.885000,-5.947000,-6.168000,28.670000
1.405,-0.146000,-0.649000,0.792000,-28.580000,-10.824000,-3.420000,28.670000
1.417,-0.115000,-0.676000,0.794000,-26.588000,-9.534000,-4.206000,28.580000
1.424,-0.091000,-0.694000,0.810000,-21.359000,-3.481000,-6.084000,28.720000
1.436,-0.077000,-0.695000,0.818000,-17.351000,4.863000,-5.580000,28.530000
1.448,-0.089000,-0.659000,0.841000,-16.939000,15.771000,-5.779000,28.670000
1.455,-0.145000,-0.641000,0.841000,-19.206000,23.374000,-5.191000,28.580000
1.467,-0.203000,-0.618000,0.814000,-22.557000,23.191000,-1.344000,28.620000
1.473,-0.268000,-0.590000,0.806000,-21.901000,15.901000,-0.076000,28.720000
1.486,-0.296000,-0.568000,0.815000,-24.672000,4.336000,-2.252000,28.670000
1.498,-0.282000,-0.579000,0.833000,-26.405000,-6.092000,-7.260000,28.580000
1.504,-0.196000,-0.587000,0.844000,-27.206000,-8.954000,-13.786000,28.670000
1.517,-0.097000,-0.605000,0.842000,-27.260000,-4.626000,-19.137000,28.620000
1.523,-0.032000,-0.640000,0.811000,-26.626000,3.519000,-20.229000,28.720000
1.536,-0.017000,-0.673000,0.778000,-25.122000,11.328000,-18.084000,28.670000
1.548,-0.038000,-0.673000,0.773000,-24.664000,12.588000,-14.168000,28.580000
1.554,-0.039000,-0.626000,0.780000,-29.145000,9.214000,-8.794000,28.620000
1.566,-0.037000,-0.667000,0.759000,-35.099000,4.626000,-3.160000,28.720000
1.573,-0.007000,-0.734000,0.745000,-37.023000,2.748000,3.481000,28.580000
1.586,0.002000,-0.805000,0.748000,-29.092000,6.344000,4.656000,28.670000
1.598,-0.012000,-0.801000,0.771000,-19.931000,13.565000,2.840000,28.620000
1.604,-0.065000,-0.772000,0.772000,-14.275000,18.237000,-1.527000,28.720000
1.616,-0.099000,-0.749000,0.771000,-10.687000,16.802000,-2.031000,28.620000
1.623,-0.142000,-0.718000,0.779000,-9.389000,9.374000,-1.092000,28.670000
1.636,-0.140000,-0.666000,0.786000,-8.260000,-1.718000,1.908000,28.670000
1.649,-0.148000,-0.582000,0.794000,-14.107000,-15.046000,6.557000,28.720000
1.654,-0.169000,-0.554000,0.775000,-23.969000,-29.366000,9.664000,28.620000
1.667,-0.104000,-0.607000,0.731000,-28.985000,-39.878000,10.412000,28.670000
1.673,0.005000,-0.704000,0.669000,-27.481000,-38.695000,10.534000,28.670000
1.686,0.115000,-0.815000,0.611000,-17.198000,-18.496000,7.855000,28.670000
1.698,0.137000,-0.887000,0.570000,-2.046000,9.435000,7.603000,28.720000
1.705,0.000000,-0.877000,0.552000,10.969000,31.069000,7.206000,28.620000
1.717,-0.162000,-0.894000,0.530000,9.626000,38.137000,14.985000,28.670000
1.724,-0.378000,-0.847000,0.538000,10.550000,26.023000,18.740000,28.670000
1.736,-0.476000,-0.870000,0.543000,13.412000,5.427000,18.244000,28.620000
1.749,-0.434000,-0.887000,0.594000,23.206000,-11.359000,9.794000,28.620000
1.755,-0.356000,-0.907000,0.698000,32.321000,-16.634000,-5.611000,28.670000
1.767,-0.285000,-0.935000,0.796000,41.443000,-15.214000,-21.511000,28.670000
1.774,-0.249000,-0.903000,0.919000,52.046000,-16.550000,-31.389000,28.620000
1.786,-0.232000,-0.810000,1.040000,57.931000,-19.992000,-34.733000,28.720000
1.798,-0.194000,-0.629000,1.148000,54.275000,-29.786000,-33.290000,28.720000
1.804,-0.121000,-0.502000,1.236000,42.397000,-39.489000,-28.832000,28.670000
1.816,-0.067000,-0.468000,1.259000,27.382000,-46.069000,-22.954000,28.670000
1.823,0.016000,-0.487000,1.224000,13.740000,-42.565000,-21.366000,28.720000
1.835,0.063000,-0.593000,1.157000,6.985000,-34.084000,-22.191000,28.620000
1.848,0.065000,-0.684000,1.096000,6.092000,-24.847000,-21.443000,28.770000
1.854,0.071000,-0.751000,1.030000,7.351000,-15.473000,-19.267000,28.670000
1.866,0.089000,-0.777000,0.976000,12.115000,-3.115000,-16.908000,28.670000
1.873,-0.029000,-0.752000,0.942000,15.160000,-1.405000,-11.282000,28.720000
1.886,-0.093000,-0.709000,0.924000,8.962000,-3.504000,-12.496000,28.620000
1.897,-0.126000,-0.744000,0.867000,2.702000,-12.107000,-14.275000,28.770000
1.904,-0.115000,-0.781000,0.827000,-2.153000,-26.893000,-12.870000,28.670000
1.916,-0.055000,-0.819000,0.797000,-6.145000,-38.458000,-10.298000,28.720000
1.930,0.034000,-0.867000,0.787000,-3.458000,-39.374000,-8.824000,28.720000
1.936,0.102000,-0.868000,0.819000,0.344000,-32.511000,-7.031000,28.670000
1.948,0.084000,-0.844000,0.827000,-0.084000,-21.634000,-4.626000,28.670000
1.954,0.053000,-0.815000,0.820000,-0.939000,-13.695000,-1.786000,28.670000
1.967,-0.004000,-0.785000,0.781000,-2.786000,-9.939000,6.725000,28.620000
1.973,-0.069000,-0.765000,0.764000,-3.634000,-7.557000,14.313000,28.620000
1.986,-0.122000,-0.752000,0.759000,-3.374000,-4.573000,18.107000,28.770000
1.998,-0.161000,-0.729000,0.771000,-3.695000,2.275000,13.427000,28.670000
2.005,-0.223000,-0.714000,0.815000,-5.588000,9.252000,3.168000,28.620000
2.017,-0.279000,-0.684000,0.826000,-10.695000,8.305000,-5.443000,28.720000
2.023,-0.287000,-0.678000,0.801000,-18.626000,-0.336000,-11.565000,28.620000
2.036,-0.220000,-0.691000,0.748000,-23.191000,-10.305000,-14.947000,28.580000
2.048,-0.116000,-0.732000,0.727000,-23.076000,-15.313000,-18.153000,28.670000
2.054,-0.019000,-0.755000,0.717000,-19.656000,-16.069000,-20.794000,28.580000
2.066,0.082000,-0.788000,0.737000,-14.412000,-10.267000,-21.435000,28.720000
2.080,0.148000,-0.769000,0.755000,-10.679000,-3.817000,-18.809000,28.670000
2.086,0.166000,-0.760000,0.760000,-9.740000,1.534000,-13.794000,28.670000
2.098,0.169000,-0.776000,0.750000,-8.176000,7.046000,-8.267000,28.670000
2.104,0.132000,-0.802000,0.755000,-5.969000,10.649000,-2.382000,28.620000
2.116,0.080000,-0.793000,0.771000,-4.221000,12.954000,0.565000,28.620000
2.123,0.031000,-0.775000,0.809000,-2.718000,11.450000,1.611000,28.580000
2.136,-0.020000,-0.753000,0.835000,-3.679000,6.641000,2.282000,28.670000
2.149,-0.060000,-0.748000,0.847000,-5.992000,-0.382000,4.466000,28.720000
2.155,-0.037000,-0.749000,0.868000,-8.916000,-7.061000,5.931000,28.620000
2.167,-0.007000,-0.752000,0.872000,-10.298000,-10.893000,6.710000,28.720000
2.174,0.031000,-0.740000,0.893000,-9.076000,-9.977000,7.664000,28.670000
2.186,0.064000,-0.713000,0.928000,-7.947000,-3.389000,6.595000,28.670000
2.194,0.067000,-0.671000,0.994000,-10.084000,2.626000,6.634000,28.620000
2.206,0.073000,-0.649000,1.038000,-19.924000,9.924000,5.710000,28.620000
2.218,0.098000,-0.691000,1.038000,-29.046000,20.405000,5.336000,28.670000
2.225,0.082000,-0.758000,1.003000,-35.015000,24.725000,6.977000,28.580000
2.237,0.076000,-0.852000,0.975000,-41.870000,25.183000,8.771000,28.580000
2.244,0.053000,-0.971000,0.903000,-33.710000,22.672000,17.641000,28.720000
2.256,0.037000,-0.989000,0.871000,-26.115000,21.634000,23.023000,28.720000
2.262,0.005000,-0.960000,0.890000,-20.252000,19.802000,29.053000,28.670000
2.275,-0.008000,-0.883000,0.894000,-21.061000,20.084000,30.496000,28.670000
2.287,-0.043000,-0.896000,0.853000,-21.542000,16.802000,29.740000,28.720000
2.294,-0.093000,-0.934000,0.798000,-17.176000,13.198000,27.824000,28.720000
2.306,-0.103000,-0.977000,0.765000,-11.023000,10.893000,23.000000,28.770000
2.318,-0.117000,-0.974000,0.742000,-1.496000,7.450000,18.397000,28.670000
2.325,-0.115000,-0.902000,0.770000,5.847000,6.977000,12.656000,28.620000
2.338,-0.136000,-0.858000,0.810000,10.366000,6.160000,5.740000,28.530000
2.345,-0.153000,-0.810000,0.812000,12.931000,3.481000,0.679000,28.620000
2.357,-0.163000,-0.768000,0.816000,11.229000,-2.947000,-3.206000,28.670000
2.364,-0.152000,-0.758000,0.804000,7.046000,-12.366000,-2.962000,28.580000
2.376,-0.111000,-0.785000,0.763000,5.626000,-20.206000,-0.176000,28.720000
2.389,-0.059000,-0.786000,0.730000,8.489000,-22.115000,-0.336000,28.720000
2.395,-0.011000,-0.752000,0.750000,11.779000,-20.519000,-0.252000,28.670000
2.407,0.016000,-0.704000,0.778000,12.458000,-14.053000,-0.420000,28.770000
2.414,0.017000,-0.683000,0.795000,12.496000,-6.076000,-0.290000,28.670000
2.426,0.001000,-0.685000,0.816000,12.206000,-1.611000,0.313000,28.720000
2.433,-0.009000,-0.669000,0.814000,9.298000,0.908000,2.107000,28.620000
2.446,-0.055000,-0.666000,0.835000,7.412000,-1.939000,4.427000,28.670000
2.458,-0.066000,-0.668000,0.860000,5.069000,-7.298000,8.924000,28.670000
2.465,-0.050000,-0.658000,0.864000,1.275000,-11.206000,12.382000,28.720000
2.477,-0.009000,-0.681000,0.852000,-0.511000,-13.748000,14.756000,28.620000
2.484,0.041000,-0.747000,0.817000,0.954000,-7.687000,18.092000,28.770000
2.497,0.095000,-0.771000,0.783000,5.580000,3.527000,20.344000,28.670000
2.504,0.070000,-0.785000,0.740000,11.115000,17.481000,21.176000,28.670000
2.515,-0.011000,-0.777000,0.711000,18.099000,27.863000,19.969000,28.720000
2.527,-0.125000,-0.737000,0.682000,22.321000,29.710000,18.328000,28.620000
2.535,-0.235000,-0.701000,0.673000,22.527000,23.626000,15.809000,28.580000
2.548,-0.290000,-0.684000,0.661000,20.802000,10.107000,11.840000,28.670000
2.554,-0.299000,-0.693000,0.667000,18.252000,-4.450000,8.145000,28.620000
2.565,-0.217000,-0.681000,0.651000,16.962000,-11.924000,1.878000,28.720000
2.578,-0.140000,-0.691000,0.669000,17.321000,-10.786000,-4.580000,28.670000
2.584,-0.074000,-0.684000,0.663000,19.832000,-3.076000,-9.695000,28.670000
2.598,-0.058000,-0.665000,0.673000,21.687000,6.427000,-11.733000,28.580000
2.604,-0.078000,-0.632000,0.684000,23.649000,15.130000,-12.901000,28.720000
2.615,-0.132000,-0.624000,0.699000,23.672000,16.794000,-18.153000,28.620000
2.627,-0.144000,-0.619000,0.706000,22.756000,13.794000,-26.473000,28.580000
2.636,-0.162000,-0.632000,0.704000,20.588000,3.298000,-31.954000,28.670000
2.646,-0.134000,-0.648000,0.715000,17.450000,-11.618000,-32.893000,28.720000
2.653,-0.063000,-0.631000,0.731000,13.802000,-24.626000,-30.748000,28.720000
2.665,0.016000,-0.625000,0.747000,11.580000,-26.611000,-27.870000,28.670000
2.677,0.063000,-0.591000,0.740000,12.137000,-19.489000,-25.824000,28.670000
2.684,0.037000,-0.549000,0.724000,12.779000,-7.382000,-25.542000,28.670000
2.698,0.013000,-0.581000,0.681000,6.000000,2.702000,-27.748000,28.720000
2.703,-0.036000,-0.581000,0.669000,5.229000,7.000000,-30.718000,28.720000
2.715,-0.031000,-0.650000,0.614000,6.298000,10.832000,-28.275000,28.580000
2.727,-0.045000,-0.728000,0.566000,12.496000,12.855000,-27.206000,28.770000
2.735,-0.040000,-0.773000,0.545000,20.481000,14.198000,-25.618000,28.720000
2.746,-0.043000,-0.785000,0.552000,28.626000,14.206000,-24.809000,28.620000
2.753,-0.043000,-0.728000,0.602000,33.336000,12.618000,-25.420000,28.720000
2.765,-0.080000,-0.688000,0.668000,33.160000,5.260000,-26.351000,28.670000
2.777,-0.073000,-0.673000,0.745000,29.504000,-6.321000,-27.779000,28.670000
2.784,-0.032000,-0.670000,0.794000,26.634000,-14.939000,-26.824000,28.580000
2.796,0.042000,-0.655000,0.876000,24.641000,-19.267000,-26.153000,28.720000
2.808,0.092000,-0.633000,0.926000,25.519000,-20.153000,-22.985000,28.770000
2.815,0.119000,-0.592000,0.960000,20.565000,-13.901000,-19.947000,28.670000
2.827,0.124000,-0.525000,0.967000,14.580000,-6.313000,-13.099000,28.720000
2.835,0.103000,-0.524000,0.972000,6.519000,3.351000,-9.939000,28.720000
2.847,0.075000,-0.550000,0.930000,0.336000,10.412000,-9.931000,28.720000
2.854,0.039000,-0.580000,0.869000,-3.618000,12.916000,-9.160000,28.670000
2.866,0.040000,-0.604000,0.815000,-6.374000,10.611000,-4.366000,28.670000
2.880,0.025000,-0.598000,0.761000,-10.588000,5.504000,3.328000,28.720000
2.886,0.027000,-0.619000,0.706000,-11.710000,2.328000,8.756000,28.720000
2.898,0.032000,-0.632000,0.662000,-8.405000,2.656000,12.206000,28.670000
2.905,0.003000,-0.639000,0.639000,-4.435000,6.321000,14.267000,28.670000
2.917,-0.075000,-0.621000,0.629000,-0.634000,6.229000,13.702000,28.720000
2.924,-0.142000,-0.617000,0.656000,3.504000,0.893000,10.229000,28.720000
2.936,-0.155000,-0.607000,0.678000,3.687000,-5.947000,4.405000,28.770000
2.948,-0.125000,-0.597000,0.674000,4.565000,-14.145000,1.351000,28.670000
2.955,-0.078000,-0.564000,0.668000,3.252000,-18.832000,1.565000,28.670000
2.968,-0.030000,-0.514000,0.669000,0.901000,-16.802000,4.466000,28.670000
2.974,-0.006000,-0.434000,0.642000,-4.557000,-11.351000,9.702000,28.620000
2.987,0.025000,-0.384000,0.620000,-12.809000,1.916000,14.069000,28.670000
2.993,-0.016000,-0.420000,0.549000,-21.336000,11.916000,15.939000,28.670000
3.005,-0.074000,-0.495000,0.471000,-18.519000,16.023000,15.061000,28.620000
3.018,-0.094000,-0.481000,0.415000,-13.221000,12.237000,12.305000,28.720000
3.024,-0.105000,-0.474000,0.406000,-5.427000,2.908000,9.092000,28.670000
3.037,-0.076000,-0.422000,0.418000,1.847000,-5.954000,3.817000,28.770000
3.044,-0.032000,-0.361000,0.427000,3.763000,-11.534000,1.382000,28.670000
3.056,0.011000,-0.299000,0.419000,2.244000,-15.931000,3.252000,28.720000
3.068,0.020000,-0.280000,0.421000,0.275000,-18.672000,8.954000,28.720000
3.075,0.042000,-0.231000,0.425000,-2.229000,-17.061000,13.244000,28.670000
3.088,0.034000,-0.258000,0.420000,-1.191000,-14.954000,17.145000,28.670000
3.095,0.023000,-0.244000,0.462000,-0.748000,-11.450000,15.275000,28.620000
3.106,0.018000,-0.196000,0.492000,-2.038000,-9.160000,11.809000,28.620000
3.113,-0.000000,-0.198000,0.497000,-1.679000,-10.878000,5.939000,28.770000
3.125,0.032000,-0.209000,0.510000,-4.069000,-10.710000,3.198000,28.670000
3.138,0.075000,-0.265000,0.519000,-3.779000,-7.130000,1.389000,28.670000
3.145,0.102000,-0.273000,0.538000,-4.053000,-0.496000,1.443000,28.720000
3.157,0.076000,-0.290000,0.546000,-6.672000,4.305000,5.252000,28.720000
3.164,0.037000,-0.297000,0.555000,-11.298000,7.786000,8.122000,28.670000
3.177,-0.005000,-0.307000,0.578000,-17.244000,6.527000,8.863000,28.670000
3.184,-0.003000,-0.340000,0.580000,-25.817000,4.702000,6.718000,28.620000
3.196,0.029000,-0.432000,0.589000,-34.168000,5.534000,3.771000,28.620000
3.208,0.093000,-0.556000,0.586000,-37.977000,11.260000,3.267000,28.670000
3.215,0.135000,-0.700000,0.591000,-39.664000,21.458000,6.115000,28.670000
3.227,0.142000,-0.821000,0.562000,-35.824000,33.473000,9.931000,28.670000
3.235,0.114000,-0.899000,0.531000,-25.870000,43.489000,14.847000,28.720000
3.246,0.051000,-0.911000,0.522000,-15.389000,48.290000,19.321000,28.720000
3.258,-0.007000,-0.881000,0.504000,-3.824000,47.046000,21.748000,28.670000
3.265,-0.043000,-0.839000,0.556000,7.176000,42.282000,21.420000,28.580000
3.277,-0.055000,-0.768000,0.603000,14.298000,38.092000,19.496000,28.620000
3.285,-0.077000,-0.729000,0.658000,16.962000,35.924000,16.069000,28.720000
3.297,-0.145000,-0.751000,0.709000,23.771000,28.954000,11.786000,28.770000
3.304,-0.160000,-0.681000,0.775000,30.198000,19.198000,6.557000,28.670000
3.316,-0.145000,-0.613000,0.827000,30.901000,9.496000,3.878000,28.670000
3.329,-0.146000,-0.552000,0.877000,27.641000,-1.115000,3.328000,28.720000
3.335,-0.129000,-0.506000,0.922000,22.954000,-11.931000,1.832000,28.720000
3.347,-0.068000,-0.446000,0.942000,14.908000,-17.183000,-1.191000,28.670000
3.354,0.021000,-0.430000,0.932000,5.916000,-15.015000,-4.626000,28.670000
3.366,0.079000,-0.454000,0.873000,-2.977000,-6.115000,-6.069000,28.620000
3.380,0.074000,-0.512000,0.797000,-8.672000,1.405000,-5.679000,28.720000
3.385,0.070000,-0.553000,0.725000,-9.916000,4.733000,-5.153000,28.770000
3.398,0.038000,-0.597000,0.667000,-9.275000,3.710000,-3.298000,28.670000
3.404,0.021000,-0.622000,0.631000,-8.191000,-0.588000,-0.634000,28.770000
3.417,0.020000,-0.650000,0.619000,-8.550000,-3.489000,2.031000,28.620000
3.424,0.023000,-0.696000,0.605000,-6.565000,-4.542000,4.878000,28.720000
3.436,0.023000,-0.709000,0.594000,-4.076000,-2.046000,7.725000,28.670000
3.443,-0.001000,-0.701000,0.591000,-1.695000,2.183000,11.702000,28.670000
3.455,-0.046000,-0.698000,0.603000,1.710000,6.641000,15.725000,28.670000
3.468,-0.088000,-0.686000,0.614000,7.634000,10.000000,18.786000,28.720000
3.474,-0.130000,-0.666000,0.639000,11.939000,12.679000,18.885000,28.720000
3.487,-0.146000,-0.659000,0.651000,17.191000,16.427000,16.481000,28.670000
3.493,-0.126000,-0.690000,0.649000,25.802000,25.145000,10.634000,28.580000
3.506,-0.118000,-0.703000,0.652000,38.069000,37.191000,4.076000,28.670000
3.518,-0.133000,-0.707000,0.652000,46.618000,47.267000,-4.305000,28.720000
3.525,-0.141000,-0.690000,0.703000,55.481000,53.405000,-16.137000,28.670000
3.537,-0.155000,-0.629000,0.784000,60.046000,54.466000,-29.053000,28.670000
3.544,-0.176000,-0.572000,0.854000,57.130000,50.473000,-35.405000,28.670000
3.556,-0.178000,-0.509000,0.923000,46.977000,39.916000,-38.664000,28.810000
3.568,-0.171000,-0.477000,0.964000,35.870000,27.481000,-39.573000,28.720000
3.574,-0.083000,-0.442000,0.975000,22.527000,20.725000,-36.458000,28.670000
3.587,-0.052000,-0.480000,0.957000,8.176000,19.847000,-35.092000,28.670000
3.595,-0.005000,-0.531000,0.910000,0.130000,27.527000,-31.267000,28.720000
3.605,-0.000000,-0.583000,0.849000,-1.191000,32.863000,-22.099000,28.720000
3.618,-0.065000,-0.623000,0.800000,2.336000,31.870000,-9.908000,28.770000
3.625,-0.182000,-0.597000,0.787000,3.153000,19.023000,5.740000,28.770000
3.638,-0.272000,-0.566000,0.798000,-0.290000,-1.061000,19.115000,28.770000
3.645,-0.262000,-0.536000,0.812000,-5.794000,-17.137000,23.290000,28.810000
3.656,-0.246000,-0.534000,0.828000,-8.267000,-24.634000,20.191000,28.810000
3.668,-0.237000,-0.548000,0.818000,-9.153000,-25.878000,13.824000,28.670000
3.675,-0.217000,-0.578000,0.813000,-6.405000,-24.641000,5.443000,28.670000
3.687,-0.197000,-0.599000,0.790000,-2.160000,-21.359000,-3.183000,28.670000
3.693,-0.150000,-0.624000,0.784000,3.695000,-18.305000,-10.389000,28.620000
3.706,-0.106000,-0.612000,0.797000,9.412000,-14.252000,-15.435000,28.770000
3.718,-0.064000,-0.589000,0.817000,13.420000,-9.031000,-17.443000,28.770000
3.724,-0.054000,-0.583000,0.841000,14.046000,-3.031000,-17.618000,28.720000
3.737,-0.025000,-0.564000,0.870000,14.122000,2.313000,-17.351000,28.810000
3.745,0.006000,-0.569000,0.863000,14.641000,11.504000,-18.000000,28.810000
3.757,0.021000,-0.568000,0.855000,14.527000,20.992000,-18.260000,28.670000
3.768,0.003000,-0.577000,0.837000,13.237000,28.427000,-17.519000,28.770000
3.774,-0.046000,-0.566000,0.809000,11.527000,28.206000,-15.557000,28.720000
3.787,-0.069000,-0.548000,0.797000,9.840000,23.687000,-14.160000,28.720000
3.795,-0.092000,-0.565000,0.782000,7.763000,15.809000,-11.435000,28.670000
3.806,-0.077000,-0.579000,0.760000,6.924000,10.733000,-6.557000,28.770000
3.818,-0.067000,-0.559000,0.758000,6.344000,7.405000,-1.733000,28.720000
3.825,-0.059000,-0.559000,0.770000,6.794000,6.779000,2.962000,28.720000
3.838,-0.071000,-0.548000,0.738000,6.099000,7.664000,6.840000,28.770000
3.845,-0.081000,-0.550000,0.741000,5.611000,8.504000,9.466000,28.770000
3.857,-0.134000,-0.555000,0.734000,6.412000,7.863000,9.565000,28.670000
3.864,-0.144000,-0.546000,0.732000,7.863000,6.443000,6.290000,28.720000
3.877,-0.148000,-0.544000,0.730000,7.992000,3.580000,3.244000,28.810000
3.884,-0.148000,-0.540000,0.744000,8.511000,-0.031000,1.000000,28.770000
3.897,-0.153000,-0.540000,0.738000,8.504000,-2.824000,-0.885000,28.770000
3.908,-0.144000,-0.538000,0.748000,8.038000,-6.496000,-1.099000,28.720000
3.915,-0.161000,-0.555000,0.741000,9.405000,-9.740000,-0.679000,28.720000
3.927,-0.146000,-0.552000,0.755000,12.145000,-12.015000,0.260000,28.670000
3.935,-0.136000,-0.541000,0.776000,14.000000,-13.000000,-0.130000,28.670000
3.947,-0.113000,-0.518000,0.793000,14.824000,-10.664000,-1.649000,28.720000
3.958,-0.111000,-0.495000,0.797000,13.542000,-8.718000,-3.412000,28.720000
3.965,-0.104000,-0.498000,0.803000,11.237000,-6.504000,-5.122000,28.720000
3.977,-0.112000,-0.495000,0.795000,9.023000,-6.809000,-5.718000,28.670000
3.985,-0.095000,-0.504000,0.789000,7.550000,-6.450000,-5.794000,28.770000
3.996,-0.082000,-0.532000,0.748000,7.756000,-7.000000,-5.237000,28.720000
4.004,-0.085000,-0.573000,0.734000,9.076000,-5.969000,-2.786000,28.720000
4.015,-0.090000,-0.601000,0.728000,12.137000,-5.252000,-0.740000,28.670000
4.028,-0.109000,-0.643000,0.723000,18.527000,-5.924000,-0.611000,28.770000
4.034,-0.127000,-0.623000,0.761000,25.122000,-6.290000,-1.840000,28.770000
4.047,-0.136000,-0.566000,0.836000,26.817000,-7.908000,-4.282000,28.810000
4.054,-0.138000,-0.531000,0.868000,25.664000,-8.519000,-6.870000,28.720000
4.066,-0.138000,-0.505000,0.896000,22.519000,-10.427000,-8.656000,28.770000
