time_sec,ax,ay,az,gx,gy,gz,temp_c
0.012,-0.337000,-0.179000,1.228000,9.427000,51.389000,-10.847000,29.890000
0.017,-0.344000,-0.134000,1.247000,-0.725000,45.863000,-10.534000,29.890000
0.029,-0.343000,-0.108000,1.249000,-14.244000,41.321000,-10.702000,29.850000
0.036,-0.350000,-0.112000,1.217000,-26.939000,33.168000,-10.870000,29.850000
0.048,-0.347000,-0.118000,1.153000,-32.687000,22.031000,-11.458000,29.800000
0.060,-0.346000,-0.110000,1.081000,-38.916000,9.649000,-11.511000,29.890000
0.067,-0.314000,-0.099000,1.006000,-46.374000,-1.679000,-11.267000,29.800000
0.079,-0.239000,-0.077000,0.974000,-54.145000,-7.748000,-12.397000,29.850000
0.090,-0.206000,-0.073000,0.930000,-67.489000,-7.412000,-12.458000,29.890000
0.098,-0.204000,-0.101000,0.884000,-78.962000,-10.481000,-10.794000,29.890000
0.112,-0.198000,-0.156000,0.829000,-84.145000,-15.481000,-9.481000,29.750000
0.116,-0.177000,-0.197000,0.783000,-85.924000,-17.359000,-8.557000,29.850000
0.128,-0.170000,-0.232000,0.759000,-83.702000,-21.153000,-7.137000,29.890000
0.140,-0.168000,-0.297000,0.720000,-80.573000,-26.244000,-5.634000,29.890000
0.147,-0.179000,-0.348000,0.680000,-72.527000,-32.656000,-4.176000,29.850000
0.159,-0.141000,-0.410000,0.662000,-65.725000,-37.130000,-2.511000,29.850000
0.165,-0.164000,-0.460000,0.626000,-56.740000,-37.618000,-1.252000,29.800000
0.177,-0.139000,-0.464000,0.637000,-47.527000,-37.115000,1.855000,29.990000
0.190,-0.091000,-0.439000,0.685000,-39.145000,-31.519000,5.252000,29.940000
0.196,-0.044000,-0.414000,0.734000,-31.160000,-19.710000,8.260000,29.850000
0.209,-0.030000,-0.383000,0.774000,-23.679000,-6.878000,13.763000,29.890000
0.220,-0.027000,-0.346000,0.816000,-17.015000,4.817000,17.496000,29.800000
0.227,-0.031000,-0.315000,0.833000,-11.718000,19.733000,18.977000,29.890000
0.240,-0.062000,-0.302000,0.822000,-8.176000,33.176000,19.290000,29.850000
0.247,-0.072000,-0.292000,0.787000,-5.916000,46.130000,17.282000,29.890000
0.259,-0.110000,-0.304000,0.766000,-2.924000,56.580000,12.954000,29.890000
0.265,-0.173000,-0.325000,0.729000,0.695000,63.275000,5.878000,29.940000
0.278,-0.212000,-0.322000,0.721000,3.817000,70.046000,-6.282000,29.850000
0.290,-0.244000,-0.334000,0.718000,4.718000,64.405000,-15.084000,29.800000
0.298,-0.266000,-0.337000,0.693000,4.794000,57.496000,-23.466000,29.890000
0.309,-0.275000,-0.349000,0.677000,2.031000,46.771000,-31.489000,29.940000
0.320,-0.265000,-0.406000,0.679000,0.160000,34.748000,-37.107000,29.940000
0.328,-0.253000,-0.427000,0.689000,0.771000,20.206000,-38.779000,29.890000
0.341,-0.239000,-0.444000,0.722000,-0.824000,5.450000,-36.687000,29.890000
0.347,-0.209000,-0.446000,0.750000,-0.435000,-5.847000,-31.489000,29.850000
0.359,-0.174000,-0.444000,0.779000,-0.931000,-13.435000,-26.115000,29.850000
0.365,-0.141000,-0.438000,0.797000,-1.412000,-14.672000,-21.443000,29.890000
0.378,-0.121000,-0.438000,0.807000,-1.718000,-10.473000,-18.107000,29.800000
0.390,-0.148000,-0.443000,0.813000,0.389000,-7.366000,-15.939000,29.800000
0.397,-0.158000,-0.439000,0.829000,3.740000,-5.191000,-14.817000,29.850000
0.409,-0.159000,-0.435000,0.849000,7.954000,-3.397000,-13.786000,29.890000
0.415,-0.170000,-0.418000,0.862000,10.405000,-1.053000,-14.214000,29.890000
0.427,-0.174000,-0.406000,0.882000,11.519000,-1.725000,-13.519000,29.940000
0.440,-0.181000,-0.389000,0.914000,12.695000,-2.420000,-11.618000,29.850000
0.446,-0.171000,-0.373000,0.925000,12.389000,-3.191000,-11.618000,29.890000
0.458,-0.162000,-0.344000,0.944000,11.412000,-1.137000,-12.550000,29.890000
0.471,-0.149000,-0.339000,0.947000,10.740000,0.389000,-13.298000,29.850000
0.477,-0.147000,-0.334000,0.966000,9.298000,0.687000,-13.374000,29.940000
0.490,-0.177000,-0.340000,0.954000,7.763000,-1.145000,-12.527000,29.890000
0.498,-0.176000,-0.338000,0.933000,6.603000,-3.137000,-11.802000,29.800000
0.509,-0.172000,-0.318000,0.928000,1.626000,-5.763000,-12.374000,29.850000
0.515,-0.160000,-0.340000,0.901000,-2.977000,-7.168000,-11.824000,29.940000
0.527,-0.141000,-0.374000,0.882000,-5.374000,-5.679000,-9.985000,29.890000
0.540,-0.128000,-0.382000,0.865000,-5.977000,-6.008000,-7.771000,29.890000
0.548,-0.117000,-0.401000,0.854000,-4.290000,-4.183000,-6.031000,29.890000
0.559,-0.115000,-0.401000,0.864000,-3.458000,-3.870000,-3.985000,29.940000
0.565,-0.114000,-0.400000,0.864000,-1.313000,-2.771000,-1.725000,29.890000
0.578,-0.129000,-0.392000,0.871000,1.542000,-2.832000,-0.008000,29.890000
0.591,-0.134000,-0.385000,0.852000,3.664000,-2.351000,0.053000,29.750000
0.598,-0.149000,-0.374000,0.849000,4.305000,-0.893000,-0.771000,29.850000
0.610,-0.162000,-0.381000,0.837000,5.748000,1.527000,-0.084000,29.800000
0.616,-0.161000,-0.373000,0.836000,7.565000,1.908000,0.611000,29.890000
0.629,-0.153000,-0.354000,0.841000,8.084000,3.107000,0.779000,29.940000
0.639,-0.146000,-0.353000,0.826000,7.649000,4.763000,1.183000,29.850000
0.649,-0.157000,-0.354000,0.810000,8.107000,4.580000,2.359000,29.890000
0.656,-0.159000,-0.344000,0.797000,9.794000,5.137000,3.336000,29.890000
0.668,-0.152000,-0.337000,0.807000,12.290000,4.458000,3.260000,29.850000
0.680,-0.142000,-0.321000,0.806000,17.107000,7.702000,1.977000,29.850000
0.687,-0.147000,-0.331000,0.807000,24.870000,5.771000,1.908000,29.800000
0.700,-0.137000,-0.330000,0.811000,35.611000,5.000000,1.305000,29.890000
0.707,-0.088000,-0.260000,0.793000,37.061000,14.756000,0.824000,29.890000
0.719,-0.098000,-0.210000,0.780000,32.366000,23.076000,-0.595000,29.850000
0.727,-0.118000,-0.208000,0.757000,24.878000,31.282000,-4.328000,29.800000
0.738,-0.116000,-0.199000,0.727000,15.931000,42.359000,-8.786000,29.890000
0.751,-0.153000,-0.223000,0.679000,8.924000,46.153000,-10.947000,29.850000
0.758,-0.154000,-0.266000,0.630000,4.099000,45.733000,-8.908000,29.850000
0.769,-0.198000,-0.336000,0.585000,1.618000,44.061000,-4.466000,29.890000
0.776,-0.192000,-0.369000,0.587000,2.710000,41.931000,-0.580000,29.890000
0.788,-0.218000,-0.361000,0.582000,2.137000,34.489000,3.962000,29.850000
0.800,-0.247000,-0.342000,0.576000,1.252000,24.885000,5.076000,29.750000
0.808,-0.287000,-0.334000,0.594000,0.244000,13.573000,4.359000,29.890000
0.820,-0.294000,-0.315000,0.595000,0.832000,1.321000,2.542000,29.890000
0.827,-0.282000,-0.258000,0.620000,-0.679000,-8.687000,-0.885000,29.850000
0.840,-0.219000,-0.217000,0.656000,-4.221000,-10.656000,-7.382000,29.850000
0.846,-0.167000,-0.226000,0.691000,-7.908000,-6.748000,-12.046000,29.890000
0.858,-0.146000,-0.251000,0.693000,-9.580000,-1.122000,-12.908000,29.890000
0.870,-0.140000,-0.271000,0.683000,-10.733000,3.565000,-11.916000,29.990000
0.876,-0.170000,-0.308000,0.655000,-10.496000,3.802000,-10.626000,29.940000
0.890,-0.192000,-0.302000,0.654000,-10.924000,1.076000,-9.275000,29.800000
0.897,-0.224000,-0.309000,0.656000,-12.382000,-8.794000,-8.634000,29.990000
0.908,-0.223000,-0.301000,0.665000,-14.443000,-17.916000,-8.962000,29.940000
0.919,-0.198000,-0.307000,0.681000,-15.397000,-23.489000,-8.542000,29.850000
0.926,-0.161000,-0.323000,0.694000,-13.282000,-26.924000,-8.908000,29.890000
0.940,-0.102000,-0.326000,0.712000,-9.298000,-20.695000,-11.740000,29.890000
0.950,-0.087000,-0.329000,0.737000,-4.496000,-8.947000,-14.290000,29.850000
0.958,-0.073000,-0.325000,0.741000,-1.458000,4.053000,-17.267000,29.940000
0.969,-0.079000,-0.317000,0.750000,-3.137000,16.321000,-20.420000,29.890000
0.976,-0.098000,-0.324000,0.727000,-6.305000,24.870000,-20.985000,29.890000
0.988,-0.141000,-0.319000,0.731000,-10.282000,26.092000,-17.588000,29.850000
1.000,-0.182000,-0.320000,0.737000,-14.023000,19.168000,-14.634000,29.850000
1.007,-0.185000,-0.315000,0.751000,-18.443000,13.214000,-12.855000,29.800000
1.018,-0.196000,-0.332000,0.760000,-23.229000,4.107000,-10.901000,29.990000
1.031,-0.165000,-0.370000,0.751000,-24.740000,-1.214000,-10.443000,29.890000
1.037,-0.118000,-0.412000,0.747000,-22.641000,-2.985000,-9.344000,29.850000
1.050,-0.070000,-0.405000,0.756000,-19.573000,-0.550000,-8.069000,29.890000
1.057,-0.033000,-0.382000,0.760000,-19.092000,6.374000,-8.504000,29.890000
1.068,-0.019000,-0.398000,0.779000,-17.901000,16.366000,-9.947000,29.850000
1.080,-0.029000,-0.400000,0.781000,-18.481000,27.496000,-9.679000,29.850000
1.088,-0.108000,-0.400000,0.797000,-18.435000,32.603000,-6.802000,29.800000
1.099,-0.193000,-0.406000,0.763000,-18.550000,29.863000,-2.023000,29.890000
1.106,-0.222000,-0.401000,0.779000,-21.962000,25.565000,3.023000,29.940000
1.118,-0.237000,-0.435000,0.747000,-25.290000,13.122000,5.366000,29.940000
1.131,-0.206000,-0.492000,0.734000,-22.840000,12.031000,5.748000,29.890000
1.138,-0.195000,-0.519000,0.732000,-16.481000,15.969000,4.664000,29.890000
1.150,-0.198000,-0.502000,0.727000,-8.931000,19.466000,3.511000,29.850000
1.157,-0.249000,-0.476000,0.761000,-2.908000,20.863000,-0.145000,29.850000
1.168,-0.280000,-0.447000,0.788000,-2.756000,17.702000,-5.336000,29.890000
1.180,-0.264000,-0.439000,0.821000,-3.595000,15.107000,-10.344000,29.890000
1.189,-0.213000,-0.421000,0.853000,-7.374000,15.275000,-13.550000,29.890000
1.200,-0.182000,-0.449000,0.845000,-8.962000,12.137000,-12.794000,29.850000
1.207,-0.148000,-0.456000,0.835000,-7.718000,13.427000,-8.206000,29.890000
1.219,-0.149000,-0.440000,0.842000,-8.511000,13.855000,-2.992000,29.800000
1.231,-0.183000,-0.451000,0.848000,-9.351000,16.824000,-0.382000,29.850000
1.238,-0.221000,-0.461000,0.827000,-7.565000,19.908000,-0.534000,29.850000
1.250,-0.235000,-0.511000,0.826000,-5.672000,23.832000,-1.206000,29.800000
1.257,-0.240000,-0.502000,0.812000,-0.947000,29.099000,-4.824000,29.990000
1.269,-0.260000,-0.463000,0.822000,2.122000,31.901000,-8.038000,29.940000
1.275,-0.312000,-0.410000,0.856000,-0.557000,26.427000,-5.893000,29.850000
1.288,-0.350000,-0.363000,0.865000,-6.137000,16.824000,-3.107000,29.890000
1.300,-0.320000,-0.374000,0.884000,-10.008000,10.718000,1.023000,29.890000
1.307,-0.236000,-0.419000,0.923000,-6.489000,17.481000,2.504000,29.850000
1.319,-0.145000,-0.372000,1.005000,-2.053000,42.290000,-0.351000,29.850000
1.326,-0.212000,-0.319000,1.085000,-2.466000,68.725000,-3.405000,29.890000
1.340,-0.276000,-0.309000,1.080000,-2.374000,83.130000,-3.137000,29.890000
1.350,-0.406000,-0.296000,1.066000,-6.168000,91.321000,-4.565000,29.890000
1.357,-0.524000,-0.315000,1.016000,-10.687000,90.107000,-9.336000,29.940000
1.369,-0.631000,-0.326000,0.969000,-18.878000,74.008000,-13.626000,29.890000
1.375,-0.688000,-0.339000,0.925000,-27.076000,43.061000,-12.504000,29.890000
1.388,-0.681000,-0.371000,0.885000,-40.275000,3.710000,-10.901000,29.850000
1.400,-0.521000,-0.413000,0.851000,-51.450000,-23.664000,-10.435000,29.850000
1.407,-0.315000,-0.474000,0.828000,-56.588000,-33.626000,-10.336000,29.800000
1.418,-0.129000,-0.565000,0.800000,-53.847000,-22.053000,-10.359000,29.890000
1.430,-0.033000,-0.618000,0.765000,-42.038000,3.359000,-10.649000,29.850000
1.438,-0.066000,-0.632000,0.761000,-28.817000,29.183000,-12.183000,29.850000
1.449,-0.162000,-0.605000,0.759000,-18.397000,48.916000,-15.649000,29.890000
1.456,-0.291000,-0.555000,0.781000,-16.115000,53.809000,-18.855000,29.800000
1.467,-0.434000,-0.500000,0.807000,-22.481000,41.366000,-18.137000,29.850000
1.480,-0.503000,-0.495000,0.803000,-30.947000,16.153000,-16.321000,29.850000
1.488,-0.481000,-0.551000,0.779000,-37.832000,-8.779000,-12.412000,29.890000
1.499,-0.389000,-0.582000,0.789000,-38.550000,-28.695000,-6.779000,29.890000
1.511,-0.279000,-0.598000,0.809000,-34.427000,-32.351000,-6.679000,29.990000
1.517,-0.188000,-0.608000,0.833000,-29.229000,-22.511000,-9.359000,29.850000
1.529,-0.192000,-0.596000,0.845000,-22.038000,-9.832000,-11.374000,29.800000
1.538,-0.229000,-0.587000,0.855000,-16.977000,2.008000,-12.137000,29.890000
1.548,-0.299000,-0.524000,0.849000,-17.008000,7.366000,-12.336000,29.940000
1.560,-0.364000,-0.497000,0.851000,-21.779000,4.939000,-13.405000,29.850000
1.566,-0.384000,-0.499000,0.806000,-27.779000,-4.924000,-14.626000,29.890000
1.578,-0.368000,-0.534000,0.783000,-31.473000,-18.107000,-14.336000,29.890000
1.590,-0.324000,-0.555000,0.755000,-34.023000,-30.092000,-13.275000,29.800000
1.598,-0.265000,-0.639000,0.729000,-34.427000,-37.053000,-10.496000,29.850000
1.609,-0.211000,-0.692000,0.703000,-31.855000,-36.565000,-9.336000,29.850000
1.615,-0.175000,-0.716000,0.687000,-25.649000,-29.939000,-8.710000,29.990000
1.627,-0.184000,-0.715000,0.693000,-18.580000,-24.718000,-6.672000,29.890000
1.640,-0.193000,-0.655000,0.734000,-13.176000,-17.359000,-7.351000,29.940000
1.647,-0.248000,-0.614000,0.775000,-15.137000,-13.756000,-7.336000,29.850000
1.658,-0.290000,-0.624000,0.790000,-18.718000,-15.573000,-4.061000,29.890000
1.670,-0.309000,-0.609000,0.801000,-22.687000,-17.565000,-0.557000,29.990000
1.677,-0.320000,-0.631000,0.807000,-23.840000,-18.679000,1.336000,29.850000
1.690,-0.313000,-0.631000,0.810000,-21.718000,-18.863000,0.450000,29.940000
1.696,-0.303000,-0.620000,0.812000,-21.099000,-12.756000,-2.817000,29.890000
1.708,-0.310000,-0.624000,0.794000,-19.962000,-11.374000,-6.550000,29.800000
1.720,-0.298000,-0.591000,0.803000,-20.679000,-9.947000,-8.580000,29.940000
1.726,-0.290000,-0.587000,0.798000,-25.115000,-12.191000,-9.366000,29.890000
1.740,-0.250000,-0.635000,0.776000,-27.595000,-12.687000,-11.176000,29.890000
1.750,-0.224000,-0.667000,0.779000,-28.794000,-8.901000,-10.069000,29.850000
1.757,-0.164000,-0.685000,0.769000,-29.901000,-0.802000,-9.351000,29.850000
1.769,-0.133000,-0.685000,0.767000,-29.298000,12.115000,-6.931000,29.890000
1.776,-0.207000,-0.663000,0.759000,-32.305000,15.504000,-0.595000,29.800000
1.788,-0.266000,-0.670000,0.713000,-32.672000,7.557000,7.824000,29.940000
1.801,-0.302000,-0.672000,0.675000,-35.656000,-4.786000,15.382000,29.850000
1.807,-0.280000,-0.698000,0.653000,-37.618000,-15.412000,19.198000,29.890000
1.819,-0.235000,-0.732000,0.633000,-35.473000,-14.870000,19.458000,29.800000
1.825,-0.215000,-0.759000,0.618000,-30.412000,-9.618000,17.534000,29.800000
1.838,-0.226000,-0.839000,0.615000,-19.992000,-3.580000,11.931000,29.940000
1.850,-0.248000,-0.871000,0.632000,-12.519000,5.122000,11.901000,29.800000
1.857,-0.295000,-0.895000,0.642000,-5.382000,9.885000,16.450000,29.890000
1.869,-0.328000,-0.827000,0.710000,-0.740000,15.351000,21.122000,29.940000
1.876,-0.366000,-0.772000,0.759000,-0.908000,19.809000,19.565000,29.850000
1.890,-0.416000,-0.761000,0.820000,-0.336000,26.740000,15.382000,29.890000
1.901,-0.469000,-0.691000,0.856000,-5.229000,31.015000,10.145000,29.890000
1.908,-0.517000,-0.688000,0.876000,-12.389000,29.718000,0.550000,29.850000
1.919,-0.543000,-0.710000,0.875000,-16.405000,27.901000,-11.710000,29.850000
1.925,-0.523000,-0.720000,0.890000,-18.763000,24.855000,-21.527000,29.890000
1.938,-0.487000,-0.732000,0.861000,-20.473000,23.031000,-27.931000,29.890000
1.949,-0.450000,-0.789000,0.820000,-17.481000,16.183000,-28.160000,29.850000
1.957,-0.398000,-0.845000,0.758000,-13.832000,9.687000,-22.023000,29.940000
1.968,-0.346000,-0.926000,0.699000,-8.519000,1.183000,-11.015000,29.890000
1.974,-0.272000,-0.944000,0.647000,-3.794000,-3.534000,-1.947000,29.800000
1.988,-0.240000,-1.007000,0.598000,3.328000,-4.336000,4.626000,29.800000
2.001,-0.201000,-1.049000,0.575000,13.008000,0.916000,10.031000,29.850000
2.008,-0.194000,-1.012000,0.577000,25.145000,8.145000,10.969000,29.890000
2.019,-0.207000,-0.966000,0.610000,37.824000,14.779000,9.458000,29.800000
2.026,-0.240000,-0.870000,0.673000,46.992000,19.649000,8.908000,29.940000
2.040,-0.299000,-0.785000,0.738000,48.336000,21.939000,8.214000,29.850000
2.050,-0.374000,-0.727000,0.783000,45.496000,20.634000,7.733000,29.890000
2.058,-0.419000,-0.701000,0.833000,39.221000,13.374000,6.489000,29.990000
2.070,-0.442000,-0.684000,0.871000,33.099000,6.466000,5.305000,29.850000
2.077,-0.459000,-0.671000,0.907000,27.802000,-0.885000,4.084000,29.940000
2.089,-0.442000,-0.657000,0.926000,21.557000,-4.847000,-0.260000,29.890000
2.097,-0.425000,-0.669000,0.935000,15.710000,-6.267000,-6.588000,29.800000
2.108,-0.406000,-0.683000,0.919000,12.275000,-8.420000,-10.595000,29.850000
2.120,-0.384000,-0.688000,0.900000,9.191000,-9.008000,-10.924000,29.850000
2.127,-0.377000,-0.690000,0.878000,3.725000,-11.733000,-11.191000,29.890000
2.140,-0.361000,-0.708000,0.851000,-1.221000,-14.023000,-12.573000,29.890000
2.144,-0.341000,-0.736000,0.818000,-4.084000,-16.198000,-13.565000,29.850000
2.158,-0.292000,-0.778000,0.807000,-4.557000,-17.015000,-14.649000,29.800000
2.169,-0.260000,-0.780000,0.777000,-5.908000,-14.916000,-14.466000,29.800000
2.176,-0.266000,-0.803000,0.764000,-3.672000,-18.832000,-10.214000,29.850000
2.189,-0.242000,-0.813000,0.769000,-2.489000,-17.565000,-6.351000,29.940000
2.200,-0.210000,-0.830000,0.781000,-1.260000,-13.298000,-2.046000,29.800000
2.208,-0.222000,-0.844000,0.793000,2.641000,-9.031000,2.366000,29.890000
2.220,-0.248000,-0.835000,0.793000,8.855000,-7.443000,3.687000,29.850000
2.226,-0.281000,-0.853000,0.808000,13.763000,-7.412000,2.969000,29.750000
2.240,-0.306000,-0.855000,0.839000,18.481000,-8.702000,2.672000,29.890000
2.246,-0.328000,-0.835000,0.876000,23.160000,-10.779000,4.046000,29.890000
2.258,-0.344000,-0.783000,0.927000,26.206000,-11.672000,4.527000,29.850000
2.270,-0.351000,-0.736000,0.991000,27.298000,-13.695000,2.641000,29.940000
2.276,-0.380000,-0.667000,1.010000,23.573000,-17.740000,-0.481000,29.890000
2.290,-0.355000,-0.639000,1.018000,17.145000,-21.779000,-3.748000,29.890000
2.296,-0.299000,-0.640000,1.021000,10.481000,-23.023000,-6.466000,29.890000
2.308,-0.228000,-0.646000,1.012000,2.015000,-17.603000,-6.519000,29.850000
2.320,-0.200000,-0.694000,0.967000,-4.626000,-11.809000,-3.176000,29.890000
2.326,-0.198000,-0.743000,0.890000,-4.061000,-5.771000,3.931000,29.800000
2.339,-0.233000,-0.773000,0.820000,-0.565000,-1.206000,13.313000,29.850000
2.347,-0.293000,-0.776000,0.801000,0.718000,-1.053000,20.305000,29.850000
2.358,-0.356000,-0.780000,0.766000,6.092000,-4.069000,23.466000,29.890000
2.370,-0.393000,-0.761000,0.779000,9.733000,-9.412000,22.321000,29.890000
2.377,-0.400000,-0.733000,0.771000,12.374000,-16.595000,18.496000,29.850000
2.391,-0.366000,-0.714000,0.792000,14.382000,-23.183000,13.427000,29.850000
2.396,-0.317000,-0.708000,0.801000,16.137000,-26.122000,10.069000,29.890000
2.408,-0.261000,-0.710000,0.793000,18.664000,-23.992000,12.397000,29.890000
2.420,-0.272000,-0.651000,0.819000,19.679000,-21.550000,17.832000,29.850000
2.427,-0.280000,-0.612000,0.838000,18.321000,-17.824000,21.748000,29.940000
2.440,-0.289000,-0.558000,0.885000,14.221000,-9.634000,20.527000,29.890000
2.446,-0.331000,-0.568000,0.907000,9.183000,-8.115000,16.947000,29.800000
2.458,-0.319000,-0.615000,0.902000,9.198000,-7.137000,12.435000,29.750000
2.470,-0.320000,-0.646000,0.904000,9.389000,-8.321000,8.031000,29.890000
2.477,-0.255000,-0.593000,0.882000,7.412000,-11.183000,5.137000,29.890000
2.490,-0.229000,-0.603000,0.870000,3.130000,-15.206000,8.954000,29.850000
2.496,-0.209000,-0.592000,0.837000,-1.191000,-19.634000,15.603000,29.850000
2.508,-0.203000,-0.586000,0.811000,-4.466000,-22.725000,22.336000,29.800000
2.520,-0.199000,-0.583000,0.765000,-4.840000,-22.664000,26.832000,29.890000
2.527,-0.196000,-0.582000,0.755000,-2.504000,-18.481000,26.908000,29.850000
2.540,-0.220000,-0.604000,0.724000,1.947000,-12.779000,21.359000,29.940000
2.548,-0.182000,-0.605000,0.729000,8.756000,-0.145000,7.557000,29.800000
2.559,-0.195000,-0.593000,0.756000,9.649000,10.794000,-2.405000,29.800000
2.565,-0.219000,-0.583000,0.773000,9.260000,11.405000,-7.733000,29.940000
2.578,-0.252000,-0.539000,0.793000,5.008000,5.153000,-9.374000,29.850000
2.590,-0.287000,-0.523000,0.800000,-3.626000,-11.160000,-7.962000,29.800000
2.598,-0.298000,-0.548000,0.772000,-9.221000,-29.840000,-4.046000,29.890000
2.609,-0.244000,-0.585000,0.760000,-10.939000,-42.573000,0.618000,29.850000
2.615,-0.119000,-0.644000,0.733000,-5.870000,-42.374000,6.305000,29.750000
2.628,-0.042000,-0.635000,0.741000,3.328000,-26.809000,12.176000,29.800000
2.640,-0.028000,-0.610000,0.746000,10.916000,-4.931000,13.656000,29.890000
2.649,-0.092000,-0.574000,0.743000,16.023000,17.695000,11.557000,29.940000
2.660,-0.204000,-0.560000,0.720000,18.878000,29.710000,9.122000,29.800000
2.666,-0.313000,-0.530000,0.719000,19.580000,30.122000,7.214000,29.890000
2.678,-0.360000,-0.478000,0.689000,13.534000,22.023000,5.969000,29.850000
2.691,-0.423000,-0.472000,0.665000,5.969000,-0.664000,3.122000,29.940000
2.699,-0.381000,-0.480000,0.653000,-1.450000,-20.267000,-1.794000,29.890000
2.709,-0.306000,-0.505000,0.648000,-4.427000,-38.237000,-6.092000,29.890000
2.716,-0.181000,-0.561000,0.630000,0.511000,-41.405000,-10.779000,29.850000
2.728,-0.064000,-0.591000,0.643000,10.214000,-32.466000,-13.328000,29.850000
2.740,-0.027000,-0.585000,0.644000,18.076000,-17.336000,-13.802000,29.800000
2.749,-0.029000,-0.566000,0.663000,22.786000,-2.130000,-14.046000,29.800000
2.760,-0.040000,-0.548000,0.680000,25.519000,10.366000,-14.427000,29.890000
2.766,-0.041000,-0.506000,0.668000,23.122000,20.733000,-15.160000,29.850000
2.778,-0.058000,-0.488000,0.681000,17.664000,27.771000,-13.046000,29.800000
2.790,-0.125000,-0.490000,0.673000,12.992000,28.076000,-9.595000,29.800000
2.798,-0.152000,-0.493000,0.652000,11.176000,25.458000,-7.489000,29.850000
2.809,-0.181000,-0.507000,0.656000,10.939000,20.939000,-6.733000,29.850000
2.815,-0.205000,-0.509000,0.655000,12.664000,15.260000,-5.031000,29.890000
2.828,-0.209000,-0.480000,0.676000,13.397000,10.771000,-4.916000,29.890000
2.840,-0.205000,-0.487000,0.692000,14.794000,9.458000,-5.229000,29.850000
2.849,-0.205000,-0.463000,0.703000,17.405000,7.786000,-4.687000,29.850000
2.860,-0.187000,-0.443000,0.698000,13.885000,9.802000,-3.802000,29.890000
2.866,-0.198000,-0.421000,0.706000,9.565000,11.496000,-2.153000,29.890000
2.878,-0.197000,-0.426000,0.691000,4.481000,11.947000,-3.008000,29.850000
2.888,-0.190000,-0.449000,0.664000,1.153000,14.084000,-4.099000,29.750000
2.899,-0.196000,-0.511000,0.634000,2.221000,13.702000,-2.947000,29.800000
2.910,-0.191000,-0.538000,0.629000,6.420000,14.969000,-3.466000,29.800000
2.917,-0.195000,-0.536000,0.619000,11.038000,15.702000,-5.191000,29.940000
2.929,-0.194000,-0.528000,0.633000,17.527000,16.313000,-6.908000,29.890000
2.937,-0.223000,-0.528000,0.650000,21.183000,12.893000,-7.893000,29.890000
2.948,-0.235000,-0.490000,0.671000,23.176000,7.496000,-7.481000,29.850000
2.961,-0.233000,-0.457000,0.669000,20.824000,1.824000,-7.069000,29.750000
2.967,-0.221000,-0.442000,0.681000,16.321000,-3.725000,-6.427000,29.800000
2.979,-0.206000,-0.424000,0.697000,10.947000,-7.473000,-4.374000,29.890000
2.988,-0.202000,-0.410000,0.696000,5.847000,-11.695000,-2.305000,29.850000
2.999,-0.199000,-0.434000,0.698000,1.878000,-15.832000,0.840000,29.750000
3.011,-0.200000,-0.467000,0.695000,1.511000,-17.779000,2.893000,29.890000
3.017,-0.192000,-0.477000,0.704000,3.710000,-18.351000,3.916000,29.800000
3.030,-0.155000,-0.469000,0.729000,5.267000,-13.901000,4.206000,29.850000
3.039,-0.137000,-0.467000,0.722000,6.427000,-6.489000,4.458000,29.850000
3.049,-0.120000,-0.477000,0.731000,8.389000,3.344000,4.359000,29.800000
3.057,-0.133000,-0.467000,0.723000,8.786000,13.244000,5.328000,29.890000
3.068,-0.196000,-0.473000,0.722000,10.389000,15.298000,6.641000,29.890000
3.075,-0.266000,-0.448000,0.711000,9.924000,11.550000,7.779000,29.940000
3.090,-0.293000,-0.448000,0.710000,8.313000,3.305000,7.313000,29.890000
3.101,-0.303000,-0.447000,0.713000,5.595000,-6.962000,6.504000,29.800000
3.107,-0.278000,-0.437000,0.718000,1.450000,-16.565000,5.481000,29.850000
3.119,-0.236000,-0.465000,0.700000,-1.130000,-23.702000,5.397000,29.940000
3.126,-0.175000,-0.491000,0.673000,0.443000,-26.328000,6.321000,29.890000
3.140,-0.127000,-0.472000,0.673000,2.588000,-23.115000,7.626000,29.800000
3.144,-0.113000,-0.460000,0.670000,4.412000,-19.305000,8.374000,29.850000
3.158,-0.101000,-0.462000,0.671000,5.702000,-14.702000,9.481000,29.850000
3.170,-0.099000,-0.405000,0.660000,5.412000,-7.611000,12.298000,29.890000
3.177,-0.076000,-0.358000,0.650000,3.374000,-1.443000,13.656000,29.890000
3.190,-0.067000,-0.334000,0.621000,1.298000,4.527000,16.198000,29.940000
3.196,-0.073000,-0.321000,0.577000,-0.107000,9.099000,18.389000,29.850000
3.208,-0.127000,-0.316000,0.549000,-0.008000,8.824000,20.153000,29.890000
3.220,-0.201000,-0.300000,0.545000,1.519000,3.427000,21.275000,29.800000
3.227,-0.262000,-0.263000,0.567000,0.298000,-6.672000,21.687000,29.850000
3.240,-0.280000,-0.259000,0.590000,-2.076000,-17.779000,20.069000,29.800000
3.249,-0.264000,-0.250000,0.617000,-5.366000,-24.015000,16.939000,29.800000
3.259,-0.247000,-0.278000,0.629000,-8.924000,-25.901000,13.542000,29.940000
3.270,-0.231000,-0.335000,0.628000,-11.046000,-23.221000,9.534000,29.850000
3.277,-0.234000,-0.398000,0.624000,-9.412000,-18.115000,6.061000,29.890000
3.290,-0.246000,-0.448000,0.641000,-3.832000,-12.275000,2.878000,29.800000
3.299,-0.229000,-0.443000,0.677000,1.908000,-4.389000,-1.427000,29.850000
3.309,-0.248000,-0.419000,0.719000,5.763000,-1.008000,-5.374000,29.850000
3.316,-0.240000,-0.403000,0.760000,8.397000,0.183000,-9.038000,29.890000
3.328,-0.216000,-0.390000,0.784000,7.962000,3.214000,-11.748000,29.890000
3.340,-0.199000,-0.385000,0.807000,4.740000,3.985000,-13.275000,29.750000
3.349,-0.168000,-0.417000,0.785000,0.924000,6.412000,-13.557000,29.940000
3.360,-0.145000,-0.472000,0.744000,-3.115000,8.725000,-10.931000,29.800000
3.366,-0.144000,-0.545000,0.676000,-3.954000,10.435000,-5.252000,29.890000
3.378,-0.159000,-0.620000,0.630000,-0.237000,7.145000,2.084000,29.890000
3.387,-0.178000,-0.683000,0.588000,8.641000,3.420000,7.366000,29.850000
3.399,-0.187000,-0.696000,0.595000,18.160000,0.321000,11.840000,29.890000
3.411,-0.185000,-0.662000,0.647000,27.252000,0.649000,13.908000,29.800000
3.417,-0.199000,-0.580000,0.731000,34.153000,-0.031000,15.405000,29.850000
3.429,-0.194000,-0.463000,0.836000,34.237000,4.176000,14.885000,29.850000
3.441,-0.231000,-0.384000,0.902000,27.099000,6.542000,14.901000,29.800000
3.450,-0.278000,-0.376000,0.920000,18.397000,5.122000,14.664000,29.800000
3.460,-0.312000,-0.375000,0.918000,11.947000,0.840000,12.229000,29.850000
3.467,-0.331000,-0.403000,0.897000,8.328000,-6.504000,8.176000,29.940000
3.480,-0.351000,-0.439000,0.890000,8.382000,-16.290000,2.878000,29.890000
3.490,-0.332000,-0.443000,0.887000,10.695000,-23.969000,-4.573000,29.890000
3.499,-0.298000,-0.438000,0.906000,10.893000,-30.450000,-11.832000,29.850000
3.511,-0.249000,-0.426000,0.923000,10.412000,-36.298000,-17.237000,29.940000
3.517,-0.179000,-0.388000,0.960000,4.786000,-37.046000,-20.710000,29.890000
3.529,-0.140000,-0.386000,0.952000,-4.977000,-37.580000,-20.282000,29.800000
3.536,-0.081000,-0.415000,0.917000,-13.710000,-38.733000,-15.672000,29.850000
3.549,-0.036000,-0.475000,0.851000,-17.924000,-36.206000,-10.901000,29.850000
3.560,-0.014000,-0.528000,0.796000,-18.389000,-32.481000,-4.832000,29.890000
3.566,0.004000,-0.565000,0.745000,-14.412000,-26.252000,1.725000,29.890000
3.579,0.010000,-0.581000,0.727000,-8.519000,-17.931000,8.824000,29.940000
3.588,0.005000,-0.581000,0.697000,-1.282000,-8.679000,14.580000,29.800000
3.599,-0.023000,-0.584000,0.684000,6.237000,0.794000,19.427000,29.800000
3.612,-0.073000,-0.565000,0.687000,14.191000,8.176000,22.885000,29.850000
3.617,-0.138000,-0.521000,0.719000,19.626000,11.183000,24.412000,29.850000
3.630,-0.196000,-0.481000,0.751000,21.443000,9.702000,22.282000,29.800000
3.638,-0.241000,-0.473000,0.767000,22.221000,5.702000,16.969000,29.800000
3.649,-0.260000,-0.448000,0.768000,21.725000,0.061000,10.634000,29.850000
3.656,-0.264000,-0.460000,0.769000,21.382000,-7.824000,4.947000,29.850000
3.668,-0.238000,-0.474000,0.782000,23.267000,-16.397000,0.901000,29.890000
3.680,-0.198000,-0.459000,0.835000,25.260000,-20.557000,-1.710000,29.890000
3.689,-0.182000,-0.457000,0.857000,24.733000,-23.656000,-1.931000,29.890000
3.699,-0.172000,-0.443000,0.883000,22.504000,-24.870000,-1.527000,29.750000
3.705,-0.149000,-0.422000,0.906000,18.634000,-24.305000,-1.450000,29.800000
3.717,-0.147000,-0.439000,0.918000,14.794000,-24.611000,-1.344000,29.890000
3.729,-0.115000,-0.438000,0.924000,10.290000,-21.840000,-0.076000,29.850000
3.739,-0.117000,-0.434000,0.930000,5.237000,-20.870000,4.420000,29.850000
3.749,-0.143000,-0.437000,0.918000,1.565000,-20.771000,9.122000,29.800000
3.757,-0.158000,-0.433000,0.918000,-1.214000,-23.084000,12.733000,29.890000
3.767,-0.169000,-0.427000,0.903000,-4.450000,-26.351000,15.031000,29.850000
3.780,-0.151000,-0.426000,0.907000,-6.985000,-27.252000,16.290000,29.850000
3.790,-0.144000,-0.434000,0.886000,-9.595000,-27.214000,16.351000,29.800000
3.799,-0.132000,-0.443000,0.877000,-9.718000,-25.244000,13.557000,29.800000
3.812,-0.139000,-0.453000,0.883000,-8.176000,-22.122000,11.198000,30.040000
3.817,-0.136000,-0.455000,0.859000,-7.031000,-19.405000,8.870000,29.850000
3.830,-0.120000,-0.459000,0.856000,-5.458000,-15.679000,6.076000,29.890000
3.840,-0.105000,-0.456000,0.836000,-3.985000,-11.366000,3.008000,29.890000
3.849,-0.103000,-0.467000,0.837000,-1.565000,-7.611000,-0.885000,29.890000
3.857,-0.132000,-0.471000,0.835000,1.344000,-7.351000,-3.977000,29.850000
3.868,-0.131000,-0.488000,0.842000,4.824000,-6.321000,-6.611000,29.890000
3.880,-0.117000,-0.488000,0.865000,8.618000,-5.137000,-9.282000,29.990000
3.888,-0.099000,-0.475000,0.875000,11.153000,-3.427000,-10.153000,29.940000
3.899,-0.088000,-0.473000,0.888000,13.550000,0.053000,-10.092000,29.850000
3.907,-0.081000,-0.469000,0.901000,15.977000,3.366000,-9.206000,29.800000
3.918,-0.078000,-0.448000,0.913000,17.710000,6.481000,-7.817000,29.800000
3.930,-0.110000,-0.431000,0.900000,17.412000,5.443000,-6.198000,29.850000
3.941,-0.112000,-0.412000,0.916000,16.359000,2.176000,-5.405000,29.940000
3.950,-0.123000,-0.399000,0.927000,13.130000,-0.038000,-5.443000,29.890000
3.958,-0.143000,-0.401000,0.934000,9.137000,-7.489000,-4.336000,29.800000
3.968,-0.127000,-0.396000,0.913000,5.214000,-10.718000,-4.695000,29.850000
3.981,-0.096000,-0.409000,0.914000,2.275000,-11.718000,-5.603000,29.890000
3.989,-0.065000,-0.418000,0.897000,1.031000,-10.061000,-5.885000,29.890000
4.000,-0.053000,-0.419000,0.885000,1.031000,-6.588000,-5.985000,29.890000
4.007,-0.048000,-0.435000,0.870000,2.069000,-2.855000,-6.076000,29.850000
4.019,-0.045000,-0.462000,0.844000,5.733000,1.595000,-6.115000,29.890000
4.026,-0.050000,-0.459000,0.835000,8.710000,4.893000,-5.458000,29.890000
4.040,-0.053000,-0.468000,0.837000,12.443000,7.733000,-4.519000,29.940000
4.051,-0.044000,-0.460000,0.843000,14.786000,11.710000,-2.550000,29.850000
4.057,-0.057000,-0.441000,0.848000,16.321000,14.863000,-0.305000,29.800000
4.070,-0.092000,-0.417000,0.852000,15.740000,15.450000,1.878000,29.890000
4.076,-0.117000,-0.400000,0.858000,14.740000,13.992000,1.282000,29.850000
4.091,-0.124000,-0.411000,0.855000,13.695000,9.588000,-0.565000,29.850000
4.096,-0.126000,-0.408000,0.850000,13.099000,5.076000,-2.420000,29.890000
4.108,-0.100000,-0.409000,0.865000,11.962000,1.695000,-3.214000,29.990000
4.120,-0.084000,-0.393000,0.866000,11.099000,-1.405000,-1.962000,29.850000
