time_sec,ax,ay,az,gx,gy,gz,temp_c
0.014,-0.109000,-0.548000,0.770000,-8.267000,-5.885000,7.855000,31.590000
0.017,-0.097000,-0.570000,0.754000,-7.679000,-13.573000,6.069000,31.540000
0.024,-0.032000,-0.565000,0.743000,-5.031000,-12.466000,1.397000,31.590000
0.036,-0.006000,-0.559000,0.750000,-4.366000,-8.420000,-1.885000,31.490000
0.043,0.026000,-0.556000,0.765000,-4.282000,-2.183000,-0.450000,31.540000
0.055,0.015000,-0.568000,0.739000,-5.794000,0.450000,1.702000,31.490000
0.068,0.015000,-0.563000,0.734000,-3.183000,2.756000,1.099000,31.490000
0.075,-0.004000,-0.565000,0.742000,-1.588000,3.794000,-0.122000,31.540000
0.090,-0.028000,-0.541000,0.756000,0.397000,4.756000,-2.076000,31.490000
0.096,-0.063000,-0.534000,0.748000,-0.947000,2.252000,-1.786000,31.490000
0.107,-0.081000,-0.523000,0.752000,-3.160000,-2.397000,-1.473000,31.540000
0.114,-0.080000,-0.553000,0.725000,-3.160000,-7.924000,-2.634000,31.450000
0.126,-0.042000,-0.573000,0.714000,-1.160000,-10.137000,-3.977000,31.490000
0.137,0.007000,-0.556000,0.723000,-0.137000,-6.389000,-4.824000,31.490000
0.144,0.027000,-0.568000,0.742000,-0.122000,-0.664000,-5.542000,31.540000
0.157,0.047000,-0.563000,0.753000,1.015000,6.206000,-4.115000,31.490000
0.164,0.052000,-0.575000,0.741000,0.031000,13.794000,1.115000,31.490000
0.177,0.001000,-0.592000,0.733000,0.534000,16.145000,4.252000,31.450000
0.184,-0.044000,-0.575000,0.729000,0.832000,13.855000,5.611000,31.490000
0.196,-0.084000,-0.578000,0.721000,1.267000,6.580000,5.687000,31.490000
0.208,-0.083000,-0.589000,0.716000,5.092000,-1.771000,3.420000,31.540000
0.215,-0.055000,-0.585000,0.708000,7.206000,-6.702000,2.435000,31.490000
0.229,-0.007000,-0.583000,0.721000,10.420000,-7.305000,2.496000,31.590000
0.235,-0.001000,-0.567000,0.731000,11.214000,-5.504000,3.695000,31.350000
0.247,0.000000,-0.564000,0.748000,11.076000,-3.901000,6.504000,31.540000
0.253,-0.005000,-0.553000,0.751000,10.740000,-3.137000,7.786000,31.490000
0.266,-0.027000,-0.559000,0.747000,10.122000,-2.366000,9.076000,31.400000
0.279,-0.040000,-0.576000,0.750000,11.626000,-2.618000,9.145000,31.640000
0.285,-0.036000,-0.569000,0.774000,12.214000,-1.916000,7.885000,31.490000
0.297,-0.047000,-0.561000,0.788000,12.023000,-2.779000,8.374000,31.540000
0.304,-0.053000,-0.540000,0.803000,10.282000,-6.802000,9.504000,31.540000
0.316,-0.042000,-0.543000,0.777000,7.412000,-10.618000,10.733000,31.590000
0.323,-0.017000,-0.587000,0.736000,7.588000,-11.504000,11.160000,31.490000
0.336,0.015000,-0.606000,0.714000,12.328000,-6.878000,10.420000,31.450000
0.348,-0.018000,-0.607000,0.721000,16.611000,-4.550000,10.115000,31.590000
0.354,-0.087000,-0.605000,0.825000,23.695000,-8.038000,7.863000,31.490000
0.367,-0.064000,-0.496000,0.929000,22.863000,-9.115000,4.023000,31.450000
0.373,-0.010000,-0.461000,1.018000,16.130000,-4.687000,2.443000,31.540000
0.386,0.044000,-0.447000,1.043000,7.603000,-0.725000,2.626000,31.490000
0.394,0.045000,-0.498000,0.969000,0.534000,-2.366000,9.962000,31.490000
0.405,0.061000,-0.544000,0.849000,-5.771000,-7.290000,23.122000,31.450000
0.418,0.078000,-0.585000,0.764000,-7.336000,-9.931000,35.061000,31.590000
0.424,0.079000,-0.594000,0.707000,-3.534000,-6.939000,43.534000,31.540000
0.438,0.030000,-0.563000,0.692000,0.756000,-0.466000,45.908000,31.540000
0.444,-0.051000,-0.530000,0.692000,3.985000,3.725000,42.603000,31.490000
0.456,-0.117000,-0.513000,0.686000,5.580000,2.580000,36.328000,31.490000
0.463,-0.138000,-0.522000,0.666000,8.656000,-1.947000,30.374000,31.540000
0.475,-0.142000,-0.532000,0.705000,12.916000,-7.504000,24.427000,31.490000
0.488,-0.115000,-0.532000,0.729000,17.191000,-9.298000,17.977000,31.590000
0.495,-0.098000,-0.515000,0.755000,19.443000,-9.588000,15.366000,31.540000
0.506,-0.106000,-0.523000,0.769000,18.626000,-11.366000,13.214000,31.450000
0.513,-0.083000,-0.516000,0.766000,17.305000,-13.023000,12.061000,31.490000
0.525,-0.050000,-0.542000,0.731000,16.847000,-13.046000,12.969000,31.490000
0.538,-0.021000,-0.588000,0.701000,20.382000,-13.527000,13.176000,31.540000
0.545,-0.020000,-0.584000,0.701000,25.420000,-10.565000,12.305000,31.590000
0.556,-0.026000,-0.570000,0.729000,28.687000,-7.763000,12.282000,31.490000
0.563,-0.042000,-0.539000,0.788000,31.145000,-6.817000,12.489000,31.640000
0.575,-0.071000,-0.514000,0.799000,31.641000,-7.153000,11.847000,31.590000
0.589,-0.090000,-0.493000,0.790000,29.107000,-9.336000,11.298000,31.490000
0.595,-0.072000,-0.499000,0.754000,28.618000,-13.084000,9.824000,31.540000
0.606,-0.028000,-0.513000,0.694000,29.870000,-14.664000,9.481000,31.540000
0.613,0.002000,-0.522000,0.662000,33.641000,-15.344000,10.344000,31.490000
0.625,0.036000,-0.481000,0.627000,35.588000,-15.359000,12.588000,31.540000
0.638,0.045000,-0.475000,0.612000,37.267000,-15.565000,14.656000,31.540000
0.645,0.097000,-0.481000,0.553000,39.992000,-13.580000,15.412000,31.590000
0.656,0.147000,-0.508000,0.485000,45.344000,-8.145000,16.115000,31.590000
0.663,0.195000,-0.528000,0.406000,53.351000,1.962000,16.611000,31.540000
0.676,0.199000,-0.519000,0.387000,62.802000,11.794000,17.618000,31.490000
0.689,0.171000,-0.493000,0.424000,72.718000,20.809000,17.382000,31.490000
0.696,0.176000,-0.452000,0.443000,78.366000,29.718000,17.908000,31.540000
0.707,0.163000,-0.433000,0.463000,81.756000,35.931000,22.725000,31.490000
0.714,0.087000,-0.413000,0.460000,85.664000,36.847000,30.763000,31.490000
0.726,-0.084000,-0.364000,0.514000,90.931000,19.954000,41.122000,31.540000
0.733,-0.204000,-0.315000,0.559000,96.290000,-8.588000,47.183000,31.450000
0.747,-0.230000,-0.307000,0.603000,105.702000,-40.458000,48.985000,31.590000
0.758,-0.163000,-0.265000,0.699000,114.595000,-59.427000,47.832000,31.540000
0.764,-0.055000,-0.188000,0.805000,119.611000,-58.763000,44.481000,31.540000
0.776,0.075000,-0.118000,0.875000,121.015000,-41.809000,37.924000,31.590000
0.789,0.124000,-0.063000,0.975000,117.237000,-15.382000,32.634000,31.490000
0.795,0.136000,-0.039000,0.994000,109.817000,16.023000,27.489000,31.540000
0.807,0.034000,-0.090000,0.969000,104.313000,32.198000,29.756000,31.590000
0.814,-0.151000,-0.069000,0.974000,103.244000,25.718000,38.527000,31.490000
0.826,-0.219000,-0.094000,0.931000,100.191000,6.977000,42.969000,31.540000
0.838,-0.121000,-0.178000,0.877000,104.763000,-3.298000,43.733000,31.540000
0.846,0.017000,-0.196000,0.846000,115.947000,7.267000,40.695000,31.590000
0.857,0.071000,-0.202000,0.829000,128.153000,31.053000,37.214000,31.540000
0.864,0.085000,-0.180000,0.810000,140.092000,59.939000,32.031000,31.540000
0.876,0.040000,-0.130000,0.806000,150.863000,87.863000,26.557000,31.590000
0.883,-0.106000,-0.038000,0.816000,158.450000,97.817000,26.603000,31.590000
0.896,-0.387000,0.130000,0.885000,150.122000,68.855000,35.618000,31.450000
0.907,-0.524000,0.265000,0.980000,124.053000,15.405000,42.412000,31.590000
0.914,-0.428000,0.277000,1.000000,93.511000,-32.008000,46.664000,31.490000
0.926,-0.165000,0.146000,0.956000,79.748000,-51.382000,51.076000,31.590000
0.934,0.086000,0.104000,0.956000,83.534000,-37.779000,54.603000,31.450000
0.946,0.154000,0.250000,0.992000,84.382000,-10.870000,60.389000,31.590000
0.958,0.024000,0.165000,0.969000,91.198000,10.702000,61.359000,31.450000
0.964,-0.086000,0.286000,0.978000,93.137000,20.733000,60.008000,31.540000
0.977,-0.206000,0.316000,0.953000,89.450000,14.069000,56.992000,31.590000
0.984,-0.231000,0.312000,0.850000,80.038000,0.443000,53.214000,31.590000
0.997,-0.193000,0.278000,0.789000,75.359000,-16.435000,52.351000,31.540000
1.002,-0.117000,0.257000,0.766000,76.137000,-24.031000,51.786000,31.490000
1.015,-0.114000,0.292000,0.805000,84.198000,-31.069000,50.282000,31.490000
1.027,-0.137000,0.404000,0.923000,86.985000,-39.435000,49.710000,31.540000
1.034,-0.109000,0.469000,0.983000,80.618000,-47.504000,48.992000,31.540000
1.047,-0.014000,0.418000,0.979000,79.008000,-43.588000,46.229000,31.490000
1.053,0.085000,0.418000,0.952000,84.382000,-21.855000,40.992000,31.490000
1.066,0.051000,0.397000,0.920000,86.992000,0.740000,36.489000,31.450000
1.079,-0.027000,0.430000,0.925000,85.504000,17.802000,35.000000,31.590000
1.085,-0.198000,0.412000,0.922000,83.534000,15.321000,36.153000,31.490000
1.097,-0.248000,0.399000,0.933000,89.687000,7.061000,32.366000,31.540000
1.104,-0.253000,0.453000,0.947000,95.107000,0.863000,25.550000,31.490000
1.116,-0.250000,0.488000,0.976000,97.809000,-6.107000,17.366000,31.490000
1.123,-0.214000,0.471000,0.972000,95.008000,-12.031000,10.466000,31.640000
1.136,-0.099000,0.449000,0.996000,96.412000,-10.878000,5.840000,31.590000
1.148,0.032000,0.436000,0.971000,100.153000,1.290000,2.511000,31.490000
1.155,0.075000,0.491000,0.999000,98.565000,15.023000,4.153000,31.540000
1.167,0.024000,0.594000,1.030000,85.718000,18.954000,7.733000,31.450000
1.174,-0.092000,0.558000,0.958000,66.885000,1.076000,14.580000,31.490000
1.187,-0.112000,0.493000,0.843000,52.336000,-28.756000,25.916000,31.490000
1.194,0.028000,0.391000,0.742000,46.832000,-45.489000,36.221000,31.540000
1.205,0.162000,0.331000,0.697000,56.351000,-41.870000,41.076000,31.590000
1.218,0.200000,0.363000,0.731000,72.275000,-21.252000,43.328000,31.490000
1.225,0.111000,0.478000,0.779000,80.198000,-1.046000,43.275000,31.450000
1.238,-0.066000,0.518000,0.802000,78.450000,0.878000,39.901000,31.590000
1.244,-0.145000,0.562000,0.813000,74.725000,-11.519000,37.092000,31.490000
1.256,-0.150000,0.605000,0.865000,70.618000,-29.443000,36.420000,31.640000
1.263,-0.091000,0.710000,0.971000,57.481000,-45.252000,34.832000,31.540000
1.275,-0.008000,0.719000,0.983000,39.847000,-48.519000,31.130000,31.590000
1.288,0.086000,0.608000,0.914000,28.565000,-41.687000,25.992000,31.540000
1.295,0.151000,0.542000,0.825000,27.916000,-28.695000,23.519000,31.540000
1.306,0.196000,0.457000,0.753000,40.809000,-11.870000,23.397000,31.490000
1.314,0.158000,0.471000,0.790000,60.282000,2.481000,27.137000,31.490000
1.326,0.033000,0.659000,0.944000,67.908000,6.183000,30.924000,31.540000
1.333,-0.087000,0.736000,1.001000,60.832000,-7.260000,35.718000,31.490000
1.345,-0.112000,0.729000,0.944000,48.695000,-29.458000,38.313000,31.490000
1.357,-0.060000,0.627000,0.815000,38.046000,-48.550000,38.496000,31.540000
1.364,0.059000,0.528000,0.719000,39.733000,-55.015000,36.557000,31.540000
1.377,0.181000,0.479000,0.684000,50.221000,-45.153000,33.275000,31.490000
1.384,0.243000,0.547000,0.757000,62.290000,-22.954000,29.435000,31.450000
1.396,0.258000,0.711000,0.910000,64.878000,1.221000,26.802000,31.540000
1.402,0.170000,0.809000,0.945000,54.008000,15.786000,26.893000,31.590000
1.415,-0.011000,0.791000,0.936000,43.885000,9.473000,24.527000,31.450000
1.427,-0.105000,0.778000,0.839000,34.000000,-17.435000,25.634000,31.450000
1.435,-0.069000,0.660000,0.738000,28.015000,-43.527000,27.504000,31.590000
1.447,0.062000,0.575000,0.622000,29.687000,-53.870000,30.863000,31.590000
1.453,0.190000,0.536000,0.560000,37.656000,-47.298000,31.878000,31.450000
1.466,0.230000,0.557000,0.559000,49.328000,-30.389000,30.557000,31.490000
1.479,0.206000,0.577000,0.545000,59.420000,-14.168000,27.527000,31.490000
1.485,0.118000,0.619000,0.547000,66.420000,-11.275000,26.092000,31.540000
1.498,-0.011000,0.676000,0.547000,68.939000,-25.267000,25.626000,31.640000
1.504,-0.097000,0.727000,0.586000,61.481000,-55.489000,25.481000,31.590000
1.516,-0.062000,0.775000,0.610000,49.000000,-87.176000,21.412000,31.540000
1.530,0.069000,0.752000,0.624000,38.092000,-108.794000,18.206000,31.450000
1.535,0.296000,0.760000,0.691000,34.092000,-108.298000,18.802000,31.590000
1.547,0.452000,0.798000,0.762000,29.046000,-86.359000,22.275000,31.490000
1.554,0.543000,0.756000,0.793000,29.435000,-56.511000,23.924000,31.540000
1.566,0.561000,0.754000,0.797000,31.954000,-21.061000,26.939000,31.490000
1.573,0.451000,0.807000,0.775000,31.855000,-2.031000,34.221000,31.680000
1.586,0.198000,0.789000,0.775000,28.977000,-11.931000,40.359000,31.540000
1.598,0.086000,0.837000,0.735000,20.962000,-34.122000,40.756000,31.590000
1.605,0.104000,0.791000,0.646000,11.115000,-59.977000,40.183000,31.490000
1.617,0.240000,0.677000,0.619000,15.053000,-68.473000,36.740000,31.450000
1.624,0.384000,0.667000,0.619000,29.328000,-56.550000,30.603000,31.540000
1.636,0.451000,0.685000,0.636000,45.687000,-30.695000,22.794000,31.590000
1.645,0.440000,0.709000,0.662000,57.595000,-4.634000,15.924000,31.490000
1.656,0.384000,0.747000,0.657000,64.725000,14.008000,11.435000,31.540000
1.668,0.286000,0.747000,0.674000,66.603000,17.290000,10.137000,31.490000
1.675,0.276000,0.760000,0.655000,66.786000,14.550000,8.878000,31.490000
1.688,0.245000,0.820000,0.656000,60.473000,4.725000,8.740000,31.540000
1.695,0.266000,0.824000,0.660000,52.336000,-6.229000,8.321000,31.590000
1.707,0.320000,0.829000,0.609000,43.153000,-11.527000,7.634000,31.490000
1.714,0.351000,0.781000,0.561000,39.267000,-14.634000,5.756000,31.590000
1.727,0.390000,0.744000,0.519000,41.687000,-10.267000,4.939000,31.640000
1.734,0.389000,0.674000,0.479000,47.710000,-5.137000,5.031000,31.490000
1.746,0.412000,0.673000,0.465000,59.580000,4.504000,5.336000,31.640000
1.752,0.374000,0.724000,0.495000,69.870000,13.748000,9.397000,31.540000
1.765,0.316000,0.798000,0.556000,77.198000,15.870000,15.260000,31.490000
1.779,0.195000,0.929000,0.638000,75.412000,6.695000,21.481000,31.490000
1.785,0.099000,0.970000,0.698000,64.809000,-15.237000,21.160000,31.450000
1.798,0.147000,0.980000,0.719000,50.466000,-31.725000,16.542000,31.490000
1.804,0.232000,0.963000,0.692000,37.580000,-39.878000,17.832000,31.590000
1.816,0.290000,0.893000,0.615000,29.954000,-41.382000,23.443000,31.540000
1.822,0.283000,0.851000,0.574000,31.374000,-41.176000,30.389000,31.540000
1.836,0.250000,0.812000,0.538000,41.542000,-41.931000,33.237000,31.490000
1.848,0.210000,0.814000,0.527000,52.550000,-44.489000,30.374000,31.590000
1.854,0.265000,0.864000,0.500000,54.382000,-38.603000,25.244000,31.540000
1.866,0.303000,0.918000,0.483000,46.145000,-29.863000,17.817000,31.490000
1.873,0.353000,0.855000,0.446000,41.198000,-21.107000,10.962000,31.400000
1.887,0.419000,0.829000,0.403000,43.672000,-11.031000,7.740000,31.450000
1.898,0.440000,0.829000,0.396000,47.405000,-6.183000,11.519000,31.400000
1.905,0.453000,0.796000,0.397000,51.191000,-3.435000,16.458000,31.400000
1.918,0.438000,0.827000,0.433000,53.824000,-3.275000,22.511000,31.540000
1.924,0.363000,0.823000,0.460000,53.534000,-8.084000,26.130000,31.450000
1.937,0.268000,0.935000,0.468000,45.947000,-21.374000,29.298000,31.490000
1.944,0.215000,0.865000,0.448000,40.626000,-39.611000,20.237000,31.540000
1.956,0.271000,0.921000,0.418000,34.786000,-49.244000,7.206000,31.540000
1.962,0.327000,0.846000,0.356000,28.779000,-55.466000,-6.947000,31.490000
1.975,0.426000,0.763000,0.305000,29.313000,-51.725000,-17.779000,31.400000
1.987,0.520000,0.758000,0.289000,29.573000,-44.328000,-23.221000,31.540000
1.994,0.602000,0.727000,0.293000,38.092000,-34.382000,-23.298000,31.590000
2.006,0.545000,0.894000,0.341000,38.221000,-31.328000,-10.313000,31.590000
2.013,0.456000,0.885000,0.365000,33.695000,-39.122000,-3.779000,31.450000
2.025,0.493000,0.984000,0.353000,29.420000,-42.084000,-0.282000,31.540000
2.038,0.441000,0.968000,0.323000,18.359000,-51.954000,0.588000,31.590000
2.045,0.503000,0.886000,0.261000,15.489000,-54.084000,-7.763000,31.540000
2.057,0.570000,0.758000,0.209000,20.061000,-49.061000,-17.130000,31.540000
2.063,0.669000,0.673000,0.209000,33.824000,-35.183000,-20.817000,31.490000
2.076,0.697000,0.762000,0.286000,44.542000,-19.542000,-14.145000,31.400000
2.088,0.633000,0.862000,0.364000,45.557000,-11.382000,-3.130000,31.540000
2.096,0.568000,0.942000,0.414000,38.550000,-8.115000,6.702000,31.490000
2.107,0.487000,0.989000,0.452000,24.847000,-9.573000,13.710000,31.590000
2.114,0.454000,0.912000,0.453000,11.427000,-11.962000,14.389000,31.450000
2.127,0.462000,0.874000,0.413000,0.679000,-9.649000,12.863000,31.450000
2.134,0.469000,0.813000,0.366000,-7.260000,-9.794000,12.473000,31.490000
2.147,0.500000,0.800000,0.322000,-6.649000,-5.725000,16.626000,31.640000
2.153,0.447000,0.859000,0.269000,-8.443000,-6.771000,26.084000,31.540000
2.165,0.413000,0.775000,0.213000,-1.733000,-5.802000,27.679000,31.490000
2.180,0.347000,0.829000,0.216000,4.237000,-8.084000,26.229000,31.640000
2.185,0.316000,0.812000,0.227000,10.153000,-12.832000,17.763000,31.450000
2.197,0.344000,0.842000,0.275000,12.702000,-13.412000,9.931000,31.590000
2.204,0.391000,0.841000,0.333000,11.031000,-12.366000,3.183000,31.400000
2.217,0.492000,0.864000,0.394000,7.137000,-5.282000,-0.076000,31.450000
2.223,0.498000,0.956000,0.407000,-4.977000,-1.069000,4.832000,31.490000
2.237,0.510000,0.927000,0.327000,-15.214000,-1.153000,8.618000,31.490000
2.243,0.490000,0.820000,0.246000,-14.534000,0.458000,12.427000,31.540000
2.255,0.451000,0.725000,0.209000,-2.809000,2.000000,14.870000,31.490000
2.268,0.388000,0.749000,0.277000,12.511000,1.046000,15.802000,31.490000
2.275,0.371000,0.846000,0.401000,17.298000,-0.221000,14.840000,31.540000
2.288,0.389000,0.957000,0.488000,11.321000,-0.534000,11.664000,31.450000
2.296,0.389000,0.995000,0.485000,-5.389000,-1.145000,4.931000,31.490000
2.307,0.424000,0.917000,0.376000,-20.649000,-1.634000,-4.000000,31.540000
2.313,0.457000,0.878000,0.255000,-28.573000,-5.916000,-6.611000,31.540000
2.326,0.488000,0.754000,0.165000,-23.763000,-14.603000,-3.847000,31.590000
2.338,0.542000,0.718000,0.171000,-12.603000,-19.137000,3.855000,31.490000
2.346,0.564000,0.710000,0.246000,-1.878000,-17.328000,11.466000,31.540000
2.357,0.588000,0.793000,0.365000,5.656000,-6.672000,16.450000,31.490000
2.364,0.553000,0.952000,0.398000,-5.794000,2.038000,20.649000,31.590000
2.376,0.496000,0.907000,0.327000,-21.374000,8.084000,15.916000,31.400000
2.384,0.464000,0.833000,0.208000,-30.046000,7.702000,9.107000,31.540000
2.397,0.477000,0.786000,0.121000,-31.206000,-1.489000,4.153000,31.490000
2.403,0.468000,0.698000,0.088000,-21.664000,-13.763000,5.840000,31.450000
2.415,0.468000,0.660000,0.132000,-6.832000,-22.527000,11.298000,31.450000
2.429,0.494000,0.714000,0.280000,7.939000,-20.977000,13.695000,31.400000
2.435,0.503000,0.766000,0.455000,21.046000,-8.527000,13.221000,31.490000
2.447,0.476000,0.905000,0.604000,27.229000,8.824000,12.603000,31.450000
2.454,0.420000,1.139000,0.731000,12.771000,22.237000,10.328000,31.400000
2.466,0.342000,1.288000,0.731000,-16.298000,27.176000,11.405000,31.590000
2.473,0.263000,1.195000,0.598000,-44.305000,21.786000,2.412000,31.450000
2.485,0.246000,1.039000,0.457000,-55.305000,20.305000,-15.198000,31.450000
2.499,0.278000,0.922000,0.375000,-60.969000,20.931000,-29.756000,31.490000
2.505,0.388000,0.785000,0.319000,-58.565000,26.885000,-34.679000,31.590000
2.516,0.528000,0.746000,0.382000,-50.076000,39.656000,-33.153000,31.450000
2.523,0.664000,0.818000,0.554000,-51.031000,68.580000,-24.267000,31.590000
2.536,0.642000,0.931000,0.683000,-65.962000,93.893000,-17.275000,31.400000
2.548,0.541000,0.934000,0.729000,-86.893000,107.710000,-15.763000,31.540000
2.554,0.452000,0.902000,0.694000,-101.931000,113.924000,-21.099000,31.400000
2.566,0.401000,0.855000,0.633000,-109.977000,110.031000,-25.305000,31.590000
2.572,0.405000,0.824000,0.582000,-110.084000,103.130000,-27.779000,31.540000
2.585,0.455000,0.855000,0.581000,-111.794000,97.878000,-27.817000,31.450000
2.597,0.503000,0.885000,0.586000,-112.679000,93.718000,-22.489000,31.590000
2.604,0.494000,0.915000,0.613000,-114.573000,86.557000,-16.443000,31.540000
2.616,0.521000,0.982000,0.688000,-121.855000,79.115000,-11.359000,31.540000
2.630,0.503000,0.983000,0.694000,-132.168000,71.580000,-5.687000,31.490000
2.635,0.467000,0.889000,0.610000,-134.626000,63.534000,2.038000,31.490000
2.647,0.446000,0.796000,0.529000,-132.053000,60.618000,9.122000,31.540000
2.654,0.432000,0.700000,0.451000,-123.366000,58.450000,11.519000,31.490000
2.666,0.414000,0.671000,0.430000,-109.176000,61.084000,13.443000,31.400000
2.673,0.371000,0.630000,0.451000,-95.687000,59.496000,11.427000,31.540000
2.686,0.324000,0.638000,0.559000,-87.336000,55.359000,9.656000,31.590000
2.698,0.266000,0.690000,0.670000,-85.145000,47.374000,6.458000,31.490000
2.705,0.259000,0.736000,0.750000,-87.649000,37.702000,1.122000,31.640000
2.717,0.303000,0.729000,0.804000,-94.412000,31.695000,-3.679000,31.540000
2.724,0.402000,0.721000,0.802000,-99.122000,36.863000,-5.145000,31.400000
2.736,0.446000,0.689000,0.759000,-100.160000,48.489000,-0.389000,31.450000
2.744,0.370000,0.636000,0.727000,-101.969000,54.420000,7.458000,31.450000
2.755,0.224000,0.643000,0.705000,-103.618000,49.122000,13.397000,31.490000
2.767,0.118000,0.593000,0.741000,-102.542000,34.649000,10.290000,31.490000
2.774,0.193000,0.655000,0.758000,-102.458000,26.481000,5.344000,31.540000
2.787,0.255000,0.662000,0.757000,-104.153000,27.435000,2.397000,31.490000
2.794,0.297000,0.652000,0.723000,-106.725000,31.725000,2.710000,31.490000
2.806,0.286000,0.636000,0.677000,-106.031000,38.618000,4.053000,31.450000
2.818,0.228000,0.576000,0.631000,-101.328000,40.779000,4.328000,31.490000
2.825,0.221000,0.512000,0.593000,-88.977000,46.076000,6.786000,31.490000
2.838,0.147000,0.521000,0.620000,-80.519000,48.481000,8.099000,31.450000
2.845,0.104000,0.553000,0.670000,-75.237000,47.977000,7.214000,31.490000
2.856,0.117000,0.579000,0.713000,-73.901000,49.252000,5.244000,31.490000
2.864,0.047000,0.573000,0.749000,-74.893000,43.947000,2.298000,31.540000
2.876,-0.013000,0.555000,0.849000,-73.382000,33.328000,-4.344000,31.540000
2.888,0.029000,0.609000,0.915000,-76.855000,27.824000,-11.519000,31.400000
2.895,0.041000,0.568000,0.906000,-83.947000,22.443000,-18.824000,31.490000
2.907,0.125000,0.481000,0.884000,-81.641000,25.206000,-28.557000,31.450000
2.914,0.209000,0.511000,0.824000,-80.969000,34.679000,-35.267000,31.490000
2.926,0.196000,0.435000,0.788000,-78.282000,36.992000,-35.115000,31.490000
2.938,0.151000,0.409000,0.832000,-74.511000,35.649000,-31.092000,31.450000
2.946,0.129000,0.466000,0.856000,-72.695000,29.443000,-27.107000,31.490000
2.957,0.064000,0.392000,0.874000,-72.313000,17.183000,-25.595000,31.400000
2.964,0.086000,0.387000,0.907000,-70.092000,10.550000,-29.832000,31.540000
2.977,0.151000,0.380000,0.877000,-71.153000,8.832000,-35.656000,31.450000
2.984,0.200000,0.295000,0.875000,-69.550000,10.069000,-39.122000,31.400000
2.996,0.256000,0.288000,0.862000,-66.366000,18.313000,-42.260000,31.540000
3.007,0.199000,0.247000,0.894000,-61.725000,17.328000,-40.336000,31.450000
3.014,0.163000,0.283000,0.998000,-54.122000,17.496000,-42.641000,31.490000
3.026,0.224000,0.427000,1.020000,-60.534000,20.481000,-44.435000,31.400000
3.034,0.222000,0.371000,0.950000,-71.389000,18.305000,-38.160000,31.450000
3.046,0.229000,0.313000,0.892000,-76.221000,16.000000,-32.534000,31.490000
3.058,0.182000,0.273000,0.840000,-78.603000,9.542000,-29.107000,31.490000
3.064,0.073000,0.149000,0.866000,-75.336000,-4.198000,-27.733000,31.540000
3.076,0.085000,0.230000,0.934000,-73.603000,-16.008000,-34.435000,31.490000
3.084,0.171000,0.190000,0.979000,-73.260000,-28.481000,-38.427000,31.400000
3.096,0.288000,0.165000,0.993000,-68.634000,-23.832000,-38.557000,31.450000
3.107,0.381000,0.219000,0.953000,-69.382000,-11.099000,-33.397000,31.450000
3.114,0.348000,0.153000,0.872000,-66.260000,1.015000,-21.557000,31.400000
3.127,0.269000,0.135000,0.794000,-61.626000,7.931000,-13.771000,31.540000
3.134,0.182000,0.132000,0.809000,-61.031000,7.008000,-8.985000,31.450000
3.146,0.175000,0.140000,0.878000,-58.824000,10.519000,-9.435000,31.490000
3.158,0.219000,0.218000,0.889000,-60.092000,17.252000,-8.137000,31.400000
3.165,0.102000,0.138000,0.885000,-61.412000,13.924000,-4.191000,31.450000
3.177,0.081000,0.115000,0.864000,-56.557000,10.084000,-6.313000,31.490000
3.185,0.062000,0.137000,0.844000,-53.939000,3.443000,-9.122000,31.490000
3.198,0.033000,0.079000,0.878000,-48.183000,-1.275000,-12.634000,31.450000
3.204,0.045000,0.163000,0.959000,-45.000000,1.901000,-20.450000,31.450000
3.215,0.036000,0.136000,0.992000,-45.656000,3.939000,-25.351000,31.490000
3.229,0.046000,0.104000,1.061000,-43.992000,7.855000,-28.702000,31.450000
3.235,0.135000,0.178000,1.067000,-46.840000,19.794000,-32.687000,31.540000
3.247,0.169000,0.071000,1.005000,-44.878000,31.992000,-29.649000,31.490000
3.254,0.173000,0.067000,0.926000,-39.977000,45.794000,-24.588000,31.450000
3.266,0.087000,0.062000,0.879000,-40.695000,50.565000,-17.901000,31.450000
3.278,-0.046000,-0.023000,0.870000,-34.183000,46.725000,-16.336000,31.490000
3.285,-0.064000,0.051000,0.908000,-30.885000,42.145000,-17.336000,31.490000
3.297,-0.129000,0.012000,1.017000,-29.702000,33.069000,-18.977000,31.450000
3.304,-0.145000,0.014000,1.165000,-26.305000,26.489000,-26.931000,31.400000
3.315,-0.087000,0.102000,1.202000,-31.489000,25.206000,-36.718000,31.490000
3.329,-0.029000,0.080000,1.152000,-36.321000,27.771000,-45.733000,31.450000
3.335,0.055000,0.043000,1.062000,-42.595000,36.130000,-50.374000,31.450000
3.347,0.119000,0.012000,0.955000,-44.061000,48.771000,-47.099000,31.490000
3.354,0.017000,-0.026000,0.929000,-44.344000,54.809000,-39.725000,31.450000
3.365,-0.102000,-0.013000,0.920000,-44.275000,51.656000,-37.450000,31.450000
3.377,-0.186000,-0.020000,0.937000,-41.176000,40.168000,-41.145000,31.400000
3.385,-0.250000,-0.102000,0.966000,-34.870000,19.443000,-49.099000,31.490000
3.396,-0.238000,-0.138000,1.042000,-21.450000,-2.534000,-57.351000,31.540000
3.409,-0.130000,-0.007000,1.115000,-19.252000,-17.244000,-62.504000,31.490000
3.415,0.068000,0.114000,1.065000,-30.595000,-16.756000,-58.176000,31.490000
3.427,0.252000,0.026000,0.878000,-40.840000,-2.443000,-41.374000,31.450000
3.434,0.312000,-0.043000,0.764000,-44.740000,23.290000,-23.046000,31.400000
3.447,0.281000,-0.115000,0.734000,-39.977000,53.107000,-4.588000,31.400000
3.458,0.119000,-0.082000,0.775000,-34.260000,72.061000,4.786000,31.540000
3.465,-0.091000,-0.013000,0.858000,-29.580000,69.687000,9.908000,31.450000
3.477,-0.261000,0.060000,0.934000,-30.695000,49.511000,6.443000,31.490000
3.484,-0.265000,0.128000,0.922000,-37.008000,22.260000,-2.763000,31.450000
3.497,-0.229000,0.066000,0.911000,-42.053000,-0.366000,-13.229000,31.540000
3.508,-0.029000,0.071000,0.824000,-46.458000,-1.939000,-25.672000,31.490000
3.515,0.114000,-0.023000,0.710000,-46.779000,6.794000,-30.397000,31.490000
3.527,0.111000,-0.181000,0.707000,-30.160000,17.290000,-26.702000,31.450000
3.535,0.098000,-0.109000,0.790000,-17.985000,27.542000,-23.641000,31.490000
3.546,0.020000,-0.032000,0.893000,-18.832000,28.420000,-20.397000,31.490000
3.558,-0.081000,-0.029000,0.952000,-18.687000,17.992000,-15.832000,31.450000
3.565,-0.188000,-0.037000,0.967000,-20.756000,-0.885000,-15.328000,31.450000
3.577,-0.216000,-0.081000,0.996000,-20.198000,-25.389000,-18.000000,31.400000
3.584,-0.085000,-0.033000,1.011000,-23.885000,-34.260000,-25.244000,31.450000
3.595,0.081000,-0.036000,0.973000,-34.221000,-27.710000,-30.573000,31.450000
3.607,0.172000,-0.136000,0.926000,-40.519000,-7.557000,-30.313000,31.490000
3.614,0.170000,-0.197000,0.850000,-40.374000,11.771000,-27.260000,31.350000
3.627,0.065000,-0.241000,0.814000,-36.061000,18.908000,-21.969000,31.450000
3.638,-0.057000,-0.246000,0.843000,-31.618000,14.786000,-19.084000,31.590000
3.645,-0.191000,-0.240000,0.888000,-27.870000,-1.779000,-22.382000,31.590000
3.656,-0.221000,-0.208000,0.962000,-27.252000,-18.931000,-28.695000,31.450000
3.663,-0.216000,-0.195000,1.007000,-31.244000,-36.466000,-29.947000,31.400000
3.675,-0.156000,-0.189000,1.062000,-35.298000,-45.702000,-32.763000,31.490000
3.687,0.009000,-0.184000,1.027000,-38.443000,-40.947000,-35.603000,31.490000
3.694,0.100000,-0.223000,0.975000,-41.176000,-26.084000,-35.321000,31.540000
3.706,0.140000,-0.237000,0.955000,-40.305000,-7.916000,-34.160000,31.400000
3.718,0.108000,-0.207000,0.946000,-40.939000,6.870000,-31.260000,31.450000
3.725,0.045000,-0.210000,0.940000,-42.794000,12.061000,-27.779000,31.540000
3.738,0.011000,-0.207000,0.911000,-45.344000,9.290000,-23.634000,31.400000
3.744,0.013000,-0.221000,0.824000,-48.420000,3.313000,-18.542000,31.490000
3.756,0.040000,-0.267000,0.752000,-46.626000,2.053000,-16.076000,31.450000
3.768,0.012000,-0.318000,0.712000,-39.824000,3.809000,-14.725000,31.590000
3.775,-0.039000,-0.293000,0.750000,-32.122000,2.336000,-18.328000,31.490000
3.787,-0.039000,-0.288000,0.786000,-26.298000,-0.931000,-22.580000,31.450000
3.794,-0.000000,-0.246000,0.824000,-23.298000,-0.947000,-21.397000,31.400000
3.805,0.034000,-0.260000,0.836000,-21.756000,-1.840000,-21.420000,31.590000
3.818,0.089000,-0.239000,0.846000,-20.756000,4.099000,-20.985000,31.490000
3.824,0.052000,-0.250000,0.881000,-23.664000,5.275000,-18.046000,31.450000
3.837,-0.007000,-0.242000,0.936000,-24.183000,5.588000,-18.099000,31.490000
3.844,-0.044000,-0.228000,0.960000,-27.496000,1.611000,-19.947000,31.540000
3.855,-0.025000,-0.253000,1.005000,-26.985000,-1.290000,-24.359000,31.350000
3.868,0.011000,-0.236000,1.000000,-27.450000,-2.924000,-27.305000,31.590000
3.874,0.069000,-0.226000,0.945000,-31.931000,-5.160000,-25.252000,31.400000
3.886,0.145000,-0.261000,0.872000,-35.756000,-1.000000,-18.916000,31.450000
3.894,0.160000,-0.307000,0.798000,-37.550000,5.580000,-11.931000,31.490000
3.905,0.091000,-0.304000,0.787000,-40.130000,8.557000,-6.069000,31.490000
3.918,0.050000,-0.332000,0.766000,-40.267000,8.107000,-2.565000,31.450000
3.924,0.027000,-0.386000,0.836000,-31.733000,6.939000,-2.962000,31.490000
3.938,0.020000,-0.298000,0.916000,-28.573000,7.237000,-2.802000,31.490000
3.944,-0.041000,-0.304000,0.984000,-31.924000,1.534000,-0.008000,31.490000
3.956,0.024000,-0.261000,0.933000,-37.405000,-0.084000,1.443000,31.450000
3.961,0.055000,-0.353000,0.870000,-41.878000,2.328000,4.389000,31.400000
3.975,0.080000,-0.399000,0.829000,-36.511000,11.840000,3.939000,31.540000
3.988,0.055000,-0.386000,0.780000,-33.130000,20.198000,4.695000,31.450000
3.994,-0.009000,-0.428000,0.748000,-29.244000,22.565000,8.977000,31.400000
4.006,-0.060000,-0.400000,0.731000,-26.298000,18.397000,13.809000,31.490000
4.013,-0.111000,-0.382000,0.732000,-27.290000,12.290000,14.985000,31.540000
4.025,-0.084000,-0.394000,0.717000,-24.237000,13.893000,10.267000,31.400000
4.037,-0.090000,-0.378000,0.703000,-21.725000,16.557000,5.473000,31.490000
4.044,-0.127000,-0.370000,0.680000,-20.023000,14.679000,1.412000,31.450000
4.056,-0.119000,-0.397000,0.674000,-19.321000,9.969000,-2.908000,31.450000
4.063,-0.030000,-0.450000,0.684000,-13.397000,10.985000,-6.534000,31.400000
4.075,0.024000,-0.434000,0.744000,-8.427000,16.550000,-9.153000,31.490000
4.088,0.018000,-0.380000,0.836000,-7.863000,23.947000,-8.473000,31.450000
4.094,-0.023000,-0.356000,0.897000,-10.626000,27.084000,-7.214000,31.490000
4.106,-0.028000,-0.366000,0.905000,-14.160000,27.679000,-5.191000,31.400000
4.113,-0.016000,-0.389000,0.885000,-16.107000,28.779000,-4.191000,31.540000
4.125,-0.016000,-0.409000,0.873000,-17.153000,28.084000,-2.420000,31.490000
4.138,-0.019000,-0.432000,0.889000,-17.344000,28.008000,1.061000,31.490000
4.145,-0.071000,-0.419000,0.919000,-19.466000,24.183000,5.725000,31.450000
4.156,-0.145000,-0.379000,0.948000,-24.198000,13.931000,8.168000,31.540000
4.163,-0.148000,-0.367000,0.940000,-34.855000,4.489000,9.527000,31.490000
4.176,-0.065000,-0.447000,0.871000,-38.092000,4.878000,6.893000,31.450000
4.188,0.027000,-0.464000,0.815000,-37.557000,17.389000,2.435000,31.350000
4.195,0.025000,-0.480000,0.778000,-37.374000,32.359000,-3.282000,31.400000
4.207,-0.009000,-0.460000,0.760000,-39.252000,44.580000,-9.405000,31.490000
4.213,-0.102000,-0.457000,0.781000,-46.053000,48.061000,-14.611000,31.450000
4.225,-0.165000,-0.481000,0.747000,-49.756000,45.336000,-19.779000,31.490000
4.237,-0.211000,-0.519000,0.723000,-47.947000,37.962000,-24.244000,31.400000
4.244,-0.237000,-0.519000,0.717000,-44.107000,28.901000,-24.168000,31.540000
4.256,-0.267000,-0.491000,0.715000,-41.664000,19.748000,-25.534000,31.450000
4.268,-0.239000,-0.492000,0.758000,-35.847000,10.504000,-33.275000,31.400000
4.275,-0.171000,-0.487000,0.800000,-32.649000,6.748000,-40.321000,31.540000
4.288,-0.114000,-0.496000,0.871000,-30.229000,7.344000,-44.924000,31.450000
4.295,-0.017000,-0.453000,0.931000,-30.779000,19.000000,-49.718000,31.490000
4.305,-0.014000,-0.461000,0.987000,-36.260000,28.206000,-49.794000,31.490000
4.318,-0.046000,-0.460000,0.959000,-43.763000,33.603000,-46.496000,31.350000
4.324,-0.089000,-0.551000,0.844000,-48.130000,30.321000,-38.183000,31.490000
4.336,-0.085000,-0.591000,0.730000,-45.962000,22.908000,-30.359000,31.490000
4.342,-0.032000,-0.633000,0.651000,-36.084000,19.863000,-24.802000,31.490000
4.355,-0.021000,-0.626000,0.639000,-27.366000,20.267000,-17.977000,31.450000
4.367,-0.031000,-0.584000,0.654000,-22.031000,20.840000,-13.580000,31.490000
4.374,-0.033000,-0.557000,0.687000,-18.649000,23.183000,-12.214000,31.450000
4.386,-0.071000,-0.547000,0.709000,-17.718000,22.450000,-11.725000,31.450000
4.398,-0.089000,-0.568000,0.735000,-15.962000,19.550000,-12.817000,31.490000
4.404,-0.121000,-0.536000,0.739000,-13.794000,13.214000,-14.031000,31.490000
4.416,-0.132000,-0.582000,0.733000,-10.679000,3.115000,-16.305000,31.540000
4.423,-0.089000,-0.595000,0.707000,-4.634000,-3.321000,-18.328000,31.590000
4.435,-0.047000,-0.660000,0.657000,2.099000,-7.519000,-17.450000,31.490000
4.448,-0.026000,-0.685000,0.648000,12.260000,-7.557000,-14.053000,31.450000
4.454,-0.051000,-0.677000,0.692000,19.427000,-7.626000,-10.420000,31.450000
4.466,-0.054000,-0.622000,0.749000,21.924000,-7.061000,-8.046000,31.490000
4.473,-0.061000,-0.590000,0.793000,20.885000,-4.244000,-8.191000,31.590000
4.486,-0.083000,-0.575000,0.838000,18.153000,-2.687000,-7.290000,31.450000
4.498,-0.132000,-0.549000,0.833000,12.679000,-4.649000,-5.450000,31.590000
4.505,-0.153000,-0.565000,0.791000,8.954000,-10.389000,-4.977000,31.450000
4.516,-0.133000,-0.588000,0.763000,8.824000,-16.458000,-5.733000,31.540000
4.523,-0.057000,-0.586000,0.782000,10.672000,-15.145000,-7.763000,31.490000
4.536,-0.009000,-0.557000,0.779000,9.786000,-8.718000,-7.718000,31.400000
4.548,0.000000,-0.571000,0.781000,7.435000,-5.328000,-2.954000,31.450000
4.555,-0.009000,-0.547000,0.808000,4.740000,-3.504000,4.023000,31.400000
4.567,-0.022000,-0.506000,0.841000,-0.618000,-1.977000,9.397000,31.400000
