time_sec,ax,ay,az,gx,gy,gz,temp_c
0.015,-0.147000,-0.405000,0.799000,-34.382000,13.718000,8.229000,29.470000
0.024,-0.197000,-0.428000,0.723000,-35.344000,4.397000,6.359000,29.470000
0.031,-0.158000,-0.478000,0.680000,-30.573000,0.107000,2.252000,29.420000
0.043,-0.141000,-0.523000,0.656000,-23.580000,-4.321000,-1.214000,29.520000
0.049,-0.120000,-0.573000,0.693000,-11.489000,-7.099000,-5.557000,29.520000
0.062,-0.070000,-0.523000,0.786000,-0.466000,-5.031000,-11.092000,29.470000
0.074,-0.113000,-0.453000,0.905000,2.939000,-6.687000,-14.275000,29.470000
0.085,-0.131000,-0.323000,0.955000,-3.969000,-10.046000,-11.710000,29.520000
0.093,-0.059000,-0.323000,0.892000,-19.275000,-11.718000,-5.565000,29.520000
0.105,0.002000,-0.474000,0.781000,-22.687000,-3.573000,-0.496000,29.470000
0.112,0.011000,-0.489000,0.736000,-19.053000,8.107000,1.076000,29.470000
0.124,-0.091000,-0.558000,0.735000,-11.107000,10.489000,1.382000,29.520000
0.131,-0.117000,-0.488000,0.780000,-4.092000,8.214000,-1.550000,29.380000
0.143,-0.100000,-0.447000,0.823000,-5.519000,6.206000,-2.366000,29.470000
0.150,-0.080000,-0.444000,0.817000,-8.710000,5.053000,1.092000,29.420000
0.162,-0.034000,-0.399000,0.744000,-14.061000,6.198000,6.137000,29.420000
0.174,-0.077000,-0.443000,0.620000,-20.038000,4.939000,14.031000,29.380000
0.181,-0.155000,-0.566000,0.540000,-11.641000,-2.748000,14.649000,29.470000
0.193,-0.195000,-0.567000,0.553000,2.229000,-12.351000,7.885000,29.520000
0.200,-0.205000,-0.557000,0.652000,13.534000,-22.924000,0.359000,29.420000
0.213,-0.101000,-0.503000,0.760000,21.740000,-26.145000,-5.893000,29.520000
0.224,-0.020000,-0.479000,0.844000,22.282000,-21.817000,-4.840000,29.470000
0.231,-0.028000,-0.492000,0.884000,25.374000,-18.168000,-1.344000,29.520000
0.244,-0.071000,-0.389000,0.910000,21.298000,-20.260000,-0.427000,29.420000
0.252,-0.089000,-0.369000,0.905000,8.382000,-24.458000,1.084000,29.470000
0.263,-0.014000,-0.432000,0.865000,3.725000,-27.443000,1.069000,29.470000
0.275,0.094000,-0.478000,0.756000,0.000000,-18.908000,4.634000,29.610000
0.284,0.112000,-0.577000,0.660000,2.939000,-6.618000,11.870000,29.420000
0.294,0.038000,-0.594000,0.615000,11.351000,0.397000,17.473000,29.470000
0.302,-0.080000,-0.558000,0.619000,17.885000,0.336000,21.817000,29.470000
0.314,-0.197000,-0.580000,0.669000,27.870000,-8.435000,20.198000,29.420000
0.320,-0.231000,-0.479000,0.751000,36.374000,-18.893000,14.244000,29.520000
0.334,-0.204000,-0.411000,0.801000,34.069000,-27.649000,12.237000,29.380000
0.344,-0.172000,-0.427000,0.802000,30.328000,-34.763000,14.061000,29.470000
0.351,-0.095000,-0.398000,0.768000,27.573000,-33.649000,15.840000,29.420000
0.363,-0.037000,-0.457000,0.692000,26.817000,-25.542000,15.595000,29.520000
0.370,-0.022000,-0.573000,0.611000,37.008000,-12.832000,11.443000,29.520000
0.384,-0.039000,-0.510000,0.619000,48.305000,-4.145000,8.939000,29.470000
0.394,-0.155000,-0.519000,0.643000,52.908000,-8.740000,13.328000,29.420000
0.401,-0.173000,-0.456000,0.705000,63.634000,-19.664000,11.290000,29.420000
0.413,-0.156000,-0.338000,0.715000,61.939000,-31.542000,12.145000,29.470000
0.420,-0.131000,-0.356000,0.704000,58.824000,-45.534000,9.840000,29.380000
0.434,-0.048000,-0.309000,0.724000,58.183000,-54.763000,4.405000,29.520000
0.444,0.068000,-0.312000,0.664000,53.221000,-60.198000,6.557000,29.420000
0.451,0.119000,-0.481000,0.670000,60.198000,-63.573000,7.756000,29.470000
0.463,0.159000,-0.308000,0.718000,69.756000,-61.496000,5.962000,29.470000
0.470,0.117000,-0.204000,0.739000,61.641000,-64.496000,9.229000,29.520000
0.484,0.083000,-0.347000,0.741000,58.893000,-73.603000,11.466000,29.420000
0.495,0.209000,-0.368000,0.766000,66.893000,-69.145000,9.557000,29.470000
0.502,0.288000,-0.424000,0.819000,76.473000,-57.237000,10.550000,29.380000
0.514,0.279000,-0.336000,0.906000,86.427000,-43.290000,11.931000,29.520000
0.520,0.217000,-0.228000,0.942000,79.221000,-37.817000,22.359000,29.520000
0.534,0.178000,-0.220000,0.850000,63.473000,-35.466000,37.000000,29.520000
0.545,0.193000,-0.251000,0.641000,50.771000,-28.634000,49.427000,29.380000
0.552,0.162000,-0.340000,0.405000,44.832000,-18.023000,63.504000,29.420000
0.564,0.095000,-0.519000,0.270000,54.061000,-1.107000,69.954000,29.520000
0.571,-0.002000,-0.421000,0.274000,75.832000,18.908000,65.702000,29.570000
0.584,-0.360000,-0.437000,0.462000,100.290000,8.519000,54.122000,29.470000
0.589,-0.475000,-0.129000,0.732000,126.130000,-17.588000,31.069000,29.610000
0.602,-0.430000,0.106000,0.912000,124.863000,-47.061000,12.046000,29.520000
0.614,-0.229000,0.134000,0.986000,107.511000,-69.908000,7.107000,29.380000
0.621,0.084000,0.077000,0.961000,97.466000,-62.466000,5.183000,29.470000
0.634,0.246000,0.021000,0.829000,87.313000,-34.084000,11.656000,29.520000
0.641,0.203000,-0.106000,0.729000,81.992000,-9.672000,20.313000,29.380000
0.655,0.140000,-0.116000,0.728000,89.740000,10.542000,22.534000,29.470000
0.665,-0.030000,-0.136000,0.801000,102.595000,9.053000,22.885000,29.520000
0.671,-0.240000,-0.077000,1.059000,128.496000,-16.565000,13.015000,29.520000
0.685,-0.263000,0.204000,1.325000,139.115000,-45.351000,-2.084000,29.520000
0.690,-0.071000,0.385000,1.390000,124.573000,-65.962000,-7.275000,29.570000
0.702,0.179000,0.350000,1.230000,98.496000,-71.008000,-2.725000,29.520000
0.714,0.408000,0.202000,0.874000,70.573000,-51.145000,17.985000,29.420000
0.721,0.466000,-0.114000,0.495000,61.443000,-13.168000,42.489000,29.470000
0.734,0.208000,-0.464000,0.302000,90.389000,17.275000,56.237000,29.380000
0.741,-0.080000,-0.288000,0.541000,144.954000,21.198000,51.824000,29.520000
0.753,-0.340000,0.108000,0.979000,185.916000,-4.649000,24.092000,29.420000
0.764,-0.383000,0.500000,1.271000,182.527000,-51.130000,1.618000,29.470000
0.771,-0.091000,0.579000,1.352000,152.870000,-91.527000,-6.977000,29.470000
0.784,0.339000,0.432000,1.260000,118.832000,-99.954000,0.366000,29.520000
0.791,0.776000,0.395000,1.151000,80.893000,-62.878000,16.115000,29.420000
0.803,0.909000,0.219000,0.929000,54.023000,4.634000,42.031000,29.470000
0.810,0.755000,0.062000,0.574000,39.740000,54.954000,72.847000,29.470000
0.822,0.346000,-0.138000,0.297000,47.763000,73.542000,94.260000,29.420000
0.835,-0.112000,-0.090000,0.254000,75.901000,43.275000,97.382000,29.420000
0.841,-0.376000,-0.046000,0.393000,113.450000,-14.267000,71.481000,29.520000
0.853,-0.203000,0.276000,0.680000,138.641000,-54.885000,30.702000,29.470000
0.860,0.090000,0.484000,0.826000,138.618000,-68.687000,2.802000,29.520000
0.872,0.409000,0.608000,0.820000,120.015000,-61.427000,1.786000,29.420000
0.885,0.550000,0.458000,0.632000,104.344000,-35.687000,22.779000,29.470000
0.892,0.541000,0.378000,0.426000,103.557000,-6.023000,46.992000,29.380000
0.904,0.291000,0.412000,0.451000,110.817000,5.420000,59.641000,29.520000
0.910,0.026000,0.635000,0.712000,119.573000,-9.443000,49.527000,29.330000
0.923,-0.104000,0.724000,1.011000,123.550000,-43.756000,24.931000,29.380000
0.928,0.028000,0.771000,1.293000,128.084000,-80.580000,2.137000,29.470000
0.942,0.396000,0.890000,1.531000,135.550000,-86.168000,-13.244000,29.420000
0.954,0.619000,1.008000,1.564000,125.756000,-64.290000,-11.214000,29.520000
0.961,0.607000,0.927000,1.374000,99.359000,-30.244000,7.534000,29.570000
0.973,0.431000,0.755000,1.047000,75.595000,-6.435000,28.107000,29.380000
0.980,0.170000,0.515000,0.812000,69.145000,-3.351000,34.519000,29.520000
0.993,0.004000,0.510000,0.797000,69.840000,-16.023000,27.656000,29.420000
1.004,0.040000,0.653000,0.880000,62.809000,-36.458000,13.214000,29.470000
1.011,0.161000,0.616000,0.881000,51.885000,-52.137000,7.122000,29.470000
1.024,0.278000,0.482000,0.751000,45.832000,-59.229000,6.496000,29.520000
1.031,0.353000,0.408000,0.567000,46.092000,-56.588000,12.084000,29.420000
1.044,0.450000,0.211000,0.492000,64.092000,-47.656000,17.824000,29.380000
1.052,0.624000,0.315000,0.729000,96.954000,-17.847000,10.496000,29.420000
1.062,0.517000,0.534000,1.077000,121.534000,6.397000,1.137000,29.520000
1.075,0.281000,0.846000,1.482000,122.359000,-5.931000,-5.168000,29.470000
1.081,0.271000,1.137000,1.699000,92.107000,-31.198000,-5.931000,29.570000
1.094,0.385000,1.028000,1.542000,51.557000,-44.206000,5.153000,29.520000
1.102,0.496000,0.769000,1.167000,29.191000,-38.015000,20.870000,29.520000
1.113,0.507000,0.543000,0.809000,26.092000,-16.038000,29.863000,29.470000
1.120,0.365000,0.377000,0.540000,39.260000,1.473000,27.947000,29.470000
1.134,0.279000,0.295000,0.430000,63.756000,10.573000,16.366000,29.420000
1.140,0.143000,0.341000,0.466000,85.634000,0.550000,6.840000,29.420000
1.152,0.109000,0.538000,0.600000,96.130000,-26.588000,-1.321000,29.420000
1.164,0.223000,0.617000,0.682000,96.031000,-48.771000,-5.901000,29.470000
1.171,0.344000,0.686000,0.724000,90.168000,-61.145000,-7.695000,29.420000
1.184,0.457000,0.832000,0.780000,77.443000,-59.305000,-6.832000,29.520000
1.190,0.525000,0.822000,0.818000,62.252000,-49.679000,-8.519000,29.380000
1.202,0.617000,0.822000,0.854000,51.916000,-31.534000,-8.176000,29.570000
1.215,0.623000,0.790000,0.754000,40.191000,-13.275000,-2.344000,29.420000
1.222,0.544000,0.645000,0.604000,38.802000,-0.992000,3.053000,29.520000
1.234,0.516000,0.615000,0.445000,43.145000,5.282000,8.817000,29.380000
1.241,0.253000,0.581000,0.386000,49.511000,-7.985000,17.901000,29.470000
1.254,0.169000,0.629000,0.434000,60.298000,-32.313000,14.618000,29.420000
1.260,0.250000,0.726000,0.583000,69.298000,-46.450000,1.504000,29.420000
1.273,0.471000,0.930000,0.868000,68.870000,-40.290000,-14.015000,29.470000
1.278,0.600000,1.065000,1.059000,50.183000,-19.748000,-14.611000,29.470000
1.293,0.552000,0.937000,0.988000,30.870000,-5.214000,-3.168000,29.420000
1.304,0.499000,0.820000,0.773000,21.916000,-0.855000,9.656000,29.520000
1.311,0.449000,0.731000,0.558000,19.130000,5.015000,14.786000,29.520000
1.324,0.360000,0.643000,0.421000,23.527000,6.649000,12.672000,29.470000
1.331,0.291000,0.672000,0.388000,29.107000,-0.573000,9.756000,29.520000
1.345,0.311000,0.645000,0.407000,33.611000,-11.603000,5.595000,29.610000
1.352,0.412000,0.660000,0.416000,39.099000,-13.000000,0.962000,29.470000
1.363,0.437000,0.646000,0.400000,46.260000,-6.756000,0.656000,29.470000
1.370,0.374000,0.620000,0.372000,58.450000,-0.573000,-2.374000,29.420000
1.384,0.297000,0.680000,0.346000,70.786000,1.191000,-9.107000,29.420000
1.395,0.231000,0.712000,0.417000,84.374000,-5.939000,-16.656000,29.470000
1.403,0.273000,0.900000,0.582000,87.832000,-7.992000,-26.824000,29.470000
1.414,0.290000,0.973000,0.677000,83.336000,-15.099000,-26.939000,29.420000
1.420,0.351000,0.947000,0.698000,72.947000,-20.733000,-18.969000,29.420000
1.434,0.460000,0.943000,0.677000,61.817000,-18.076000,-9.847000,29.470000
1.445,0.431000,0.918000,0.612000,52.901000,-13.954000,1.870000,29.380000
1.453,0.382000,0.859000,0.564000,47.366000,-13.038000,6.931000,29.420000
1.464,0.356000,0.839000,0.538000,46.252000,-13.985000,7.603000,29.420000
1.471,0.334000,0.777000,0.525000,49.916000,-15.740000,6.588000,29.470000
1.484,0.382000,0.822000,0.521000,54.756000,-11.695000,4.954000,29.470000
1.491,0.352000,0.877000,0.541000,54.420000,-5.954000,6.336000,29.420000
1.503,0.333000,0.882000,0.521000,52.870000,-0.351000,-0.122000,29.420000
1.510,0.291000,0.952000,0.471000,45.718000,2.168000,-6.267000,29.470000
1.522,0.240000,0.883000,0.393000,39.817000,-5.176000,-12.420000,29.470000
1.536,0.285000,0.825000,0.337000,40.244000,-10.779000,-21.305000,29.610000
1.541,0.335000,0.814000,0.299000,41.992000,-15.015000,-26.679000,29.520000
1.553,0.420000,0.768000,0.289000,49.679000,-13.466000,-33.756000,29.380000
1.560,0.492000,0.786000,0.346000,57.504000,-6.489000,-36.389000,29.470000
1.573,0.499000,0.807000,0.415000,63.634000,2.031000,-32.069000,29.330000
1.578,0.505000,0.914000,0.476000,66.412000,11.260000,-23.046000,29.470000
1.592,0.350000,1.070000,0.470000,48.939000,10.374000,-8.389000,29.470000
1.604,0.234000,0.985000,0.403000,36.450000,-2.420000,-5.405000,29.420000
1.611,0.251000,0.958000,0.319000,30.084000,-12.244000,-9.038000,29.330000
1.623,0.270000,0.893000,0.260000,26.931000,-17.160000,-16.458000,29.420000
1.630,0.355000,0.845000,0.248000,30.885000,-16.206000,-24.969000,29.470000
1.643,0.367000,0.832000,0.269000,37.786000,-12.458000,-29.153000,29.420000
1.655,0.343000,0.846000,0.308000,45.229000,-8.359000,-31.122000,29.520000
1.661,0.233000,0.885000,0.385000,47.718000,-15.382000,-27.779000,29.470000
1.673,0.263000,0.986000,0.426000,43.061000,-23.634000,-27.008000,29.470000
1.681,0.314000,1.081000,0.415000,21.878000,-29.863000,-25.718000,29.420000
1.694,0.446000,0.982000,0.371000,9.817000,-32.015000,-26.038000,29.520000
1.699,0.566000,0.957000,0.304000,1.656000,-21.573000,-14.779000,29.470000
1.712,0.628000,0.803000,0.242000,6.229000,-8.893000,-1.954000,29.380000
1.724,0.639000,0.756000,0.234000,20.855000,9.504000,11.008000,29.420000
1.731,0.503000,0.823000,0.277000,30.344000,19.405000,26.038000,29.420000
1.745,0.388000,0.966000,0.273000,28.435000,18.947000,37.282000,29.380000
1.752,0.143000,1.112000,0.214000,6.740000,0.458000,41.878000,29.380000
1.763,0.046000,0.965000,0.065000,2.092000,-31.656000,32.794000,29.420000
1.770,0.125000,0.810000,-0.019000,16.595000,-51.809000,19.160000,29.420000
1.784,0.330000,0.765000,0.078000,40.756000,-51.931000,7.305000,29.420000
1.796,0.504000,0.786000,0.322000,62.496000,-32.725000,-2.344000,29.470000
1.803,0.502000,0.887000,0.566000,72.366000,-7.573000,-4.840000,29.420000
1.814,0.392000,1.085000,0.719000,56.565000,8.237000,0.115000,29.420000
1.821,0.311000,1.122000,0.733000,23.511000,10.618000,3.313000,29.470000
1.834,0.277000,1.103000,0.595000,-9.344000,6.664000,4.076000,29.380000
1.842,0.311000,0.921000,0.382000,-25.374000,-1.015000,6.550000,29.420000
1.853,0.367000,0.808000,0.234000,-25.076000,-4.794000,6.802000,29.420000
1.860,0.423000,0.720000,0.173000,-11.924000,-3.229000,4.855000,29.470000
1.873,0.460000,0.667000,0.204000,6.924000,1.450000,2.908000,29.570000
1.879,0.408000,0.713000,0.338000,20.359000,5.008000,7.947000,29.420000
1.892,0.343000,0.839000,0.458000,20.305000,3.046000,9.313000,29.420000
1.905,0.344000,0.916000,0.538000,12.863000,6.435000,4.260000,29.470000
1.912,0.316000,0.954000,0.582000,1.504000,6.771000,4.153000,29.470000
1.924,0.366000,0.976000,0.624000,-10.649000,8.878000,1.374000,29.420000
1.931,0.426000,0.963000,0.672000,-24.069000,16.145000,2.611000,29.520000
1.944,0.423000,0.952000,0.693000,-36.351000,22.985000,8.427000,29.420000
1.951,0.347000,0.989000,0.683000,-51.389000,23.443000,13.672000,29.380000
1.963,0.269000,1.063000,0.581000,-73.206000,15.969000,19.519000,29.420000
1.970,0.256000,1.062000,0.373000,-98.176000,4.298000,21.389000,29.520000
1.984,0.323000,0.832000,0.122000,-101.137000,-2.542000,13.130000,29.470000
1.996,0.381000,0.633000,-0.024000,-81.038000,-4.435000,10.206000,29.380000
2.002,0.456000,0.575000,-0.019000,-48.977000,-0.679000,9.160000,29.420000
2.014,0.488000,0.635000,0.160000,-20.817000,9.962000,5.107000,29.420000
2.020,0.380000,0.776000,0.385000,-5.374000,15.176000,4.733000,29.470000
2.033,0.270000,1.018000,0.549000,-11.092000,13.031000,4.756000,29.470000
2.040,0.123000,1.138000,0.607000,-38.656000,-3.115000,3.015000,29.420000
2.052,0.148000,1.115000,0.547000,-65.038000,-18.160000,-7.298000,29.330000
2.064,0.290000,0.967000,0.432000,-81.679000,-25.870000,-20.099000,29.470000
2.071,0.485000,0.820000,0.358000,-81.382000,-22.450000,-25.023000,29.470000
2.084,0.598000,0.740000,0.381000,-70.443000,-10.481000,-19.718000,29.420000
2.091,0.630000,0.737000,0.461000,-59.099000,2.664000,-5.435000,29.420000
2.103,0.551000,0.817000,0.570000,-54.718000,13.038000,9.763000,29.420000
2.115,0.401000,0.933000,0.695000,-59.191000,15.893000,19.603000,29.470000
2.122,0.357000,1.020000,0.755000,-72.344000,19.756000,21.664000,29.420000
2.134,0.315000,1.031000,0.748000,-87.015000,22.191000,19.802000,29.520000
2.141,0.294000,1.006000,0.697000,-97.321000,25.611000,15.855000,29.470000
2.153,0.258000,0.956000,0.659000,-102.397000,26.099000,8.351000,29.470000
2.160,0.234000,0.900000,0.652000,-103.229000,21.260000,-0.053000,29.420000
2.172,0.249000,0.935000,0.685000,-103.550000,19.290000,-8.305000,29.520000
2.185,0.288000,0.935000,0.678000,-107.366000,17.214000,-12.847000,29.470000
2.192,0.294000,0.911000,0.640000,-112.122000,15.710000,-14.176000,29.380000
2.203,0.320000,0.901000,0.597000,-114.412000,16.641000,-14.122000,29.420000
2.210,0.351000,0.849000,0.548000,-113.489000,17.588000,-16.336000,29.420000
2.222,0.360000,0.755000,0.510000,-110.176000,18.611000,-19.366000,29.570000
2.234,0.358000,0.672000,0.539000,-99.626000,17.924000,-20.198000,29.470000
2.242,0.379000,0.700000,0.612000,-91.740000,17.473000,-22.321000,29.520000
2.253,0.396000,0.814000,0.673000,-92.618000,19.038000,-21.107000,29.520000
2.260,0.351000,0.878000,0.679000,-100.229000,18.832000,-11.954000,29.470000
2.272,0.292000,0.785000,0.572000,-106.588000,17.160000,-9.542000,29.380000
2.284,0.227000,0.676000,0.505000,-106.794000,10.519000,-13.870000,29.420000
2.291,0.171000,0.632000,0.560000,-99.336000,-2.954000,-21.191000,29.420000
2.303,0.241000,0.679000,0.753000,-89.122000,-13.061000,-36.023000,29.470000
2.310,0.385000,0.858000,0.917000,-85.954000,-10.756000,-47.405000,29.380000
2.322,0.424000,0.939000,0.972000,-96.427000,-4.450000,-40.573000,29.520000
2.334,0.390000,0.947000,0.889000,-114.069000,1.748000,-23.206000,29.380000
2.341,0.260000,0.874000,0.723000,-128.038000,2.252000,-0.710000,29.380000
2.354,0.187000,0.783000,0.566000,-134.878000,-0.794000,8.023000,29.420000
2.360,0.164000,0.673000,0.497000,-133.786000,-3.641000,-8.344000,29.420000
2.372,0.196000,0.490000,0.521000,-110.847000,-9.405000,-34.519000,29.380000
2.384,0.313000,0.484000,0.657000,-84.244000,-9.084000,-53.282000,29.380000
2.392,0.451000,0.604000,0.787000,-76.527000,-6.023000,-55.763000,29.420000
2.404,0.529000,0.638000,0.850000,-78.122000,3.779000,-40.786000,29.420000
2.410,0.529000,0.666000,0.834000,-84.519000,19.588000,-18.748000,29.520000
2.423,0.439000,0.625000,0.767000,-90.076000,33.069000,-4.992000,29.570000
2.436,0.275000,0.577000,0.732000,-90.443000,36.855000,-2.588000,29.420000
2.442,0.156000,0.632000,0.745000,-89.176000,28.748000,-6.298000,29.420000
2.454,0.122000,0.623000,0.803000,-87.237000,16.542000,-13.969000,29.380000
2.460,0.176000,0.624000,0.848000,-83.290000,10.412000,-22.481000,29.470000
2.473,0.246000,0.625000,0.897000,-81.214000,13.038000,-27.656000,29.420000
2.478,0.322000,0.666000,0.872000,-80.221000,24.885000,-27.275000,29.420000
2.492,0.290000,0.636000,0.805000,-81.137000,39.031000,-21.550000,29.380000
2.504,0.243000,0.575000,0.750000,-80.786000,50.908000,-19.824000,29.470000
2.511,0.145000,0.482000,0.753000,-76.252000,54.176000,-27.679000,29.420000
2.523,0.095000,0.475000,0.800000,-69.382000,46.557000,-42.092000,29.420000
2.530,0.085000,0.504000,0.854000,-68.557000,32.947000,-53.260000,29.380000
2.543,0.187000,0.536000,0.813000,-74.229000,21.840000,-52.443000,29.470000
2.555,0.242000,0.446000,0.761000,-79.031000,15.527000,-40.458000,29.520000
2.561,0.270000,0.386000,0.741000,-76.359000,17.145000,-30.214000,29.420000
2.573,0.197000,0.347000,0.773000,-72.282000,21.389000,-25.534000,29.470000
2.580,0.093000,0.319000,0.865000,-66.092000,18.992000,-32.466000,29.380000
2.592,0.092000,0.372000,0.982000,-59.763000,16.023000,-51.718000,29.520000
2.604,0.201000,0.513000,1.014000,-68.053000,14.710000,-65.305000,29.420000
2.611,0.259000,0.438000,0.915000,-81.321000,10.260000,-59.870000,29.380000
2.623,0.329000,0.365000,0.775000,-87.977000,8.412000,-44.267000,29.380000
2.630,0.326000,0.252000,0.653000,-88.214000,6.550000,-23.649000,29.520000
2.644,0.253000,0.180000,0.626000,-79.740000,5.412000,-12.992000,29.420000
2.655,0.210000,0.182000,0.734000,-70.351000,5.718000,-17.611000,29.380000
2.662,0.187000,0.193000,0.903000,-59.641000,5.740000,-28.603000,29.380000
2.674,0.256000,0.277000,1.024000,-52.878000,9.748000,-39.870000,29.420000
2.681,0.348000,0.339000,1.029000,-56.832000,18.427000,-35.344000,29.520000
2.694,0.432000,0.312000,0.899000,-62.779000,34.634000,-16.611000,29.380000
2.700,0.362000,0.261000,0.779000,-69.023000,50.718000,11.916000,29.470000
2.712,0.248000,0.193000,0.737000,-63.611000,62.672000,30.519000,29.520000
2.724,0.138000,0.241000,0.772000,-56.962000,69.885000,31.282000,29.420000
2.731,-0.014000,0.259000,0.920000,-47.450000,67.870000,18.275000,29.420000
2.744,-0.150000,0.397000,1.104000,-41.305000,54.450000,-5.076000,29.380000
2.751,-0.188000,0.480000,1.160000,-48.656000,29.679000,-26.099000,29.420000
2.762,-0.094000,0.399000,1.049000,-61.580000,4.275000,-36.481000,29.420000
2.774,0.121000,0.233000,0.861000,-68.221000,-6.282000,-35.344000,29.470000
2.781,0.233000,0.040000,0.729000,-64.191000,-3.664000,-26.000000,29.380000
2.794,0.266000,-0.046000,0.724000,-49.069000,7.817000,-19.664000,29.520000
2.800,0.201000,0.024000,0.782000,-39.649000,19.305000,-14.305000,29.420000
2.812,0.087000,0.077000,0.895000,-35.336000,20.641000,-13.771000,29.470000
2.825,0.029000,0.147000,0.962000,-39.351000,14.290000,-15.031000,29.470000
2.831,-0.051000,0.169000,0.995000,-48.313000,0.496000,-15.328000,29.420000
2.844,-0.042000,0.156000,1.015000,-51.595000,-13.298000,-20.206000,29.420000
2.851,0.059000,0.147000,0.946000,-59.099000,-18.863000,-23.855000,29.470000
2.862,0.081000,-0.007000,0.872000,-60.000000,-20.809000,-24.275000,29.380000
2.874,0.204000,-0.016000,0.794000,-55.771000,-13.794000,-23.466000,29.520000
2.881,0.244000,-0.063000,0.777000,-51.099000,-1.771000,-12.366000,29.420000
2.893,0.181000,-0.077000,0.875000,-40.473000,6.603000,-4.977000,29.470000
2.901,0.163000,0.044000,1.005000,-31.420000,17.519000,-7.122000,29.470000
2.912,0.058000,0.132000,1.089000,-34.695000,21.015000,-7.298000,29.420000
2.924,-0.040000,0.154000,1.146000,-41.786000,12.748000,-11.328000,29.520000
2.931,0.019000,0.189000,1.109000,-53.191000,5.115000,-14.840000,29.380000
2.945,0.132000,0.064000,0.991000,-61.214000,5.244000,-8.763000,29.470000
2.951,0.215000,-0.035000,0.882000,-58.290000,16.992000,-0.313000,29.330000
2.963,0.137000,-0.101000,0.845000,-49.954000,28.786000,6.252000,29.470000
2.969,0.019000,-0.057000,0.938000,-37.992000,32.351000,4.519000,29.380000
2.982,-0.116000,0.015000,1.021000,-33.603000,25.611000,-0.710000,29.420000
2.994,-0.199000,0.061000,1.099000,-34.061000,7.832000,-7.252000,29.520000
3.001,-0.060000,0.173000,1.103000,-41.107000,-0.305000,-15.931000,29.470000
3.013,0.068000,0.101000,0.969000,-51.656000,4.031000,-15.702000,29.470000
3.020,0.119000,-0.008000,0.863000,-54.237000,15.107000,-12.802000,29.420000
3.034,0.125000,-0.057000,0.774000,-53.733000,26.435000,-8.824000,29.330000
3.044,-0.019000,-0.139000,0.773000,-46.893000,23.221000,-3.282000,29.420000
3.052,-0.075000,-0.101000,0.920000,-31.443000,13.481000,-7.931000,29.380000
3.063,-0.050000,0.033000,1.047000,-29.069000,7.290000,-16.809000,29.420000
3.070,-0.034000,0.071000,1.082000,-36.878000,2.710000,-21.496000,29.330000
3.084,0.070000,0.056000,0.991000,-46.145000,3.550000,-21.618000,29.380000
3.094,0.094000,-0.065000,0.835000,-54.985000,9.229000,-13.870000,29.570000
3.101,0.069000,-0.214000,0.780000,-48.076000,13.901000,-11.023000,29.380000
3.113,0.021000,-0.188000,0.842000,-34.061000,15.000000,-15.122000,29.420000
3.120,0.026000,-0.096000,1.003000,-26.466000,16.977000,-23.076000,29.420000
3.134,0.074000,-0.062000,1.208000,-18.786000,24.931000,-34.015000,29.470000
3.144,0.178000,0.093000,1.307000,-22.618000,37.893000,-39.557000,29.380000
3.152,0.168000,0.097000,1.256000,-40.802000,48.611000,-31.321000,29.420000
3.163,0.079000,0.000000,1.089000,-58.023000,49.458000,-12.290000,29.420000
3.170,-0.045000,-0.095000,0.909000,-69.771000,40.603000,4.725000,29.470000
3.185,-0.152000,-0.202000,0.825000,-64.771000,25.969000,9.687000,29.380000
3.194,-0.169000,-0.141000,0.823000,-62.405000,14.557000,3.107000,29.420000
3.201,-0.145000,-0.130000,0.868000,-57.275000,8.794000,-11.046000,29.420000
3.213,-0.012000,-0.136000,0.807000,-57.229000,11.565000,-22.244000,29.520000
3.220,0.092000,-0.258000,0.720000,-51.084000,20.634000,-23.603000,29.470000
3.232,0.104000,-0.270000,0.650000,-45.504000,29.931000,-18.427000,29.420000
3.244,-0.029000,-0.273000,0.615000,-40.924000,30.084000,-10.588000,29.520000
3.251,-0.158000,-0.263000,0.619000,-33.282000,15.275000,-5.534000,29.380000
3.263,-0.263000,-0.199000,0.659000,-32.198000,-8.244000,-5.023000,29.470000
3.274,-0.235000,-0.173000,0.759000,-28.618000,-28.992000,-15.137000,29.420000
3.281,-0.118000,-0.119000,0.810000,-32.198000,-39.237000,-25.573000,29.520000
3.294,0.028000,-0.208000,0.891000,-32.122000,-36.130000,-33.344000,29.470000
3.300,0.167000,-0.221000,0.952000,-31.275000,-19.580000,-35.092000,29.470000
3.312,0.215000,-0.222000,1.044000,-31.672000,2.282000,-31.427000,29.420000
3.324,0.168000,-0.178000,1.083000,-35.115000,21.420000,-28.649000,29.420000
3.331,0.036000,-0.199000,1.119000,-41.931000,26.527000,-23.412000,29.470000
3.344,0.035000,-0.138000,1.092000,-49.771000,25.252000,-20.405000,29.470000
3.350,0.028000,-0.224000,1.001000,-63.824000,20.145000,-9.893000,29.420000
3.362,0.050000,-0.351000,0.905000,-63.099000,17.794000,-3.550000,29.420000
3.374,0.086000,-0.353000,0.814000,-61.954000,20.824000,0.122000,29.520000
3.381,0.056000,-0.434000,0.745000,-56.244000,23.931000,3.427000,29.470000
3.395,0.036000,-0.417000,0.722000,-46.176000,27.733000,1.840000,29.420000
3.400,-0.048000,-0.413000,0.683000,-40.527000,26.870000,0.992000,29.420000
3.412,-0.114000,-0.395000,0.676000,-32.382000,19.069000,-2.252000,29.470000
3.424,-0.092000,-0.306000,0.657000,-30.313000,12.504000,-5.702000,29.470000
3.431,-0.104000,-0.350000,0.622000,-32.534000,5.603000,-4.908000,29.420000
3.444,-0.042000,-0.354000,0.595000,-30.183000,2.305000,-8.519000,29.520000
3.451,0.005000,-0.368000,0.577000,-28.389000,4.763000,-8.817000,29.470000
3.462,0.028000,-0.408000,0.602000,-20.870000,7.649000,-9.756000,29.380000
3.474,0.031000,-0.360000,0.670000,-15.664000,13.053000,-12.221000,29.420000
3.481,0.014000,-0.373000,0.690000,-13.985000,15.511000,-10.115000,29.420000
3.494,-0.076000,-0.450000,0.724000,-6.038000,8.374000,-5.107000,29.380000
3.501,-0.094000,-0.370000,0.779000,-1.176000,-0.504000,-2.763000,29.470000
3.512,-0.125000,-0.365000,0.837000,-0.672000,-8.947000,-2.214000,29.330000
3.525,-0.067000,-0.368000,0.902000,6.053000,-9.893000,-8.618000,29.420000
3.534,-0.059000,-0.308000,0.955000,5.397000,-8.198000,-12.588000,29.420000
3.544,-0.070000,-0.302000,0.992000,0.122000,-10.748000,-11.534000,29.470000
3.551,-0.063000,-0.304000,1.031000,-8.489000,-15.634000,-7.908000,29.420000
3.562,0.008000,-0.307000,1.064000,-14.084000,-13.298000,-5.015000,29.520000
3.575,0.031000,-0.333000,1.073000,-19.733000,-4.748000,-3.573000,29.470000
3.582,0.033000,-0.318000,1.056000,-24.191000,5.298000,-2.443000,29.470000
3.594,0.000000,-0.347000,0.981000,-31.504000,12.573000,3.069000,29.420000
3.601,-0.031000,-0.414000,0.920000,-31.679000,14.641000,7.496000,29.330000
3.613,-0.031000,-0.418000,0.864000,-30.191000,16.870000,8.611000,29.470000
3.620,-0.061000,-0.469000,0.851000,-26.328000,16.450000,7.282000,29.470000
3.632,-0.025000,-0.414000,0.889000,-17.985000,20.359000,-0.855000,29.420000
3.645,-0.042000,-0.368000,0.931000,-19.160000,23.305000,-4.420000,29.420000
3.651,-0.145000,-0.371000,0.981000,-23.779000,12.962000,-2.573000,29.470000
3.663,-0.128000,-0.288000,1.003000,-32.931000,-0.008000,-0.382000,29.470000
3.675,-0.104000,-0.338000,0.936000,-45.885000,-10.427000,6.137000,29.420000
3.681,-0.026000,-0.434000,0.895000,-43.565000,-10.992000,4.748000,29.520000
3.694,0.078000,-0.378000,0.843000,-44.176000,1.725000,-1.244000,29.520000
3.701,0.061000,-0.467000,0.827000,-42.153000,10.931000,-8.229000,29.470000
3.713,0.062000,-0.428000,0.853000,-37.450000,17.328000,-21.069000,29.520000
3.725,-0.025000,-0.353000,0.903000,-46.420000,10.740000,-27.084000,29.420000
3.731,-0.127000,-0.354000,0.925000,-59.160000,-11.947000,-23.977000,29.470000
3.744,-0.057000,-0.402000,0.888000,-70.153000,-29.198000,-14.672000,29.470000
3.751,0.125000,-0.531000,0.770000,-70.023000,-19.473000,-0.573000,29.420000
3.762,0.234000,-0.575000,0.690000,-62.198000,11.748000,9.878000,29.420000
3.774,0.131000,-0.583000,0.627000,-48.412000,41.405000,13.069000,29.380000
3.781,-0.146000,-0.544000,0.587000,-41.557000,36.458000,17.702000,29.380000
3.794,-0.289000,-0.500000,0.578000,-40.992000,8.573000,17.992000,29.520000
3.801,-0.291000,-0.592000,0.540000,-33.473000,-22.092000,14.328000,29.420000
3.812,-0.137000,-0.623000,0.549000,-18.267000,-34.809000,4.977000,29.380000
3.824,0.020000,-0.590000,0.591000,-6.542000,-26.656000,-3.733000,29.380000
3.831,0.111000,-0.538000,0.642000,0.534000,-2.336000,-12.122000,29.420000
3.843,0.110000,-0.570000,0.676000,7.366000,24.435000,-20.901000,29.420000
3.850,0.029000,-0.550000,0.730000,9.863000,40.137000,-24.076000,29.420000
3.862,-0.216000,-0.487000,0.834000,5.664000,26.634000,-21.237000,29.380000
3.874,-0.281000,-0.451000,0.915000,-2.511000,-4.260000,-18.534000,29.420000
3.881,-0.172000,-0.498000,0.956000,-8.466000,-24.252000,-17.679000,29.420000
3.894,0.004000,-0.519000,0.973000,-7.450000,-20.802000,-18.924000,29.380000
3.900,0.076000,-0.467000,0.925000,-13.275000,-3.595000,-13.260000,29.470000
3.912,0.089000,-0.503000,0.786000,-19.878000,19.802000,-4.412000,29.420000
3.924,0.118000,-0.539000,0.595000,-21.618000,47.550000,-2.878000,29.420000
3.931,-0.040000,-0.650000,0.452000,-12.718000,61.427000,-2.557000,29.470000
3.943,-0.338000,-0.667000,0.432000,1.008000,39.069000,-1.076000,29.470000
3.950,-0.419000,-0.596000,0.522000,13.389000,-4.260000,-4.656000,29.420000
3.962,-0.203000,-0.537000,0.645000,22.290000,-30.626000,-10.183000,29.420000
3.975,0.000000,-0.534000,0.709000,27.786000,-33.031000,-9.595000,29.470000
3.981,0.134000,-0.480000,0.768000,30.038000,-20.389000,-5.901000,29.470000
3.993,0.206000,-0.460000,0.778000,28.534000,2.885000,-1.115000,29.420000
4.001,0.166000,-0.512000,0.775000,30.313000,25.557000,0.305000,29.520000
4.013,-0.048000,-0.497000,0.806000,29.328000,26.282000,4.855000,29.380000
4.019,-0.158000,-0.492000,0.840000,24.985000,11.260000,7.916000,29.470000
4.032,-0.106000,-0.497000,0.877000,24.076000,-2.931000,8.076000,29.520000
4.044,-0.032000,-0.468000,0.901000,20.496000,-6.626000,8.702000,29.420000
4.052,-0.052000,-0.491000,0.893000,13.809000,-7.321000,12.519000,29.380000
4.063,-0.029000,-0.488000,0.855000,10.710000,-2.947000,15.160000,29.470000
4.070,0.017000,-0.554000,0.768000,10.038000,9.160000,15.763000,29.420000
4.085,-0.004000,-0.642000,0.712000,19.053000,20.855000,15.214000,29.420000
4.095,-0.126000,-0.596000,0.736000,29.489000,22.237000,14.473000,29.470000
4.102,-0.195000,-0.529000,0.835000,32.588000,14.550000,10.733000,29.420000
4.114,-0.198000,-0.493000,0.902000,30.282000,4.107000,7.824000,29.520000
4.121,-0.182000,-0.497000,0.972000,28.779000,-6.809000,6.267000,29.380000
4.135,-0.109000,-0.436000,1.005000,22.985000,-11.588000,5.405000,29.470000
4.141,-0.042000,-0.426000,1.018000,16.748000,-9.924000,6.733000,29.420000
4.154,0.052000,-0.405000,0.999000,12.313000,0.092000,5.725000,29.420000
4.165,0.053000,-0.440000,0.947000,7.603000,9.611000,9.137000,29.520000
4.172,0.006000,-0.482000,0.862000,6.305000,15.870000,13.092000,29.470000
4.185,-0.073000,-0.481000,0.838000,6.809000,15.626000,14.832000,29.420000
4.192,-0.137000,-0.476000,0.811000,6.931000,8.824000,15.336000,29.520000
4.203,-0.141000,-0.484000,0.800000,7.282000,2.191000,13.008000,29.470000
4.210,-0.148000,-0.524000,0.787000,11.443000,-6.176000,11.901000,29.380000
4.222,-0.122000,-0.488000,0.808000,15.695000,-12.977000,9.534000,29.420000
4.236,-0.064000,-0.469000,0.852000,18.450000,-14.023000,8.145000,29.420000
4.242,-0.018000,-0.421000,0.918000,19.748000,-10.397000,8.008000,29.470000
4.253,-0.012000,-0.376000,0.974000,16.473000,-4.046000,8.015000,29.470000
4.260,-0.037000,-0.345000,1.009000,10.733000,2.168000,9.282000,29.420000
4.273,-0.080000,-0.333000,0.969000,2.641000,4.611000,11.183000,29.420000
4.279,-0.069000,-0.370000,0.892000,-5.290000,7.229000,12.115000,29.470000
4.292,-0.093000,-0.487000,0.791000,-3.702000,9.015000,10.275000,29.380000
4.304,-0.139000,-0.498000,0.731000,2.519000,3.794000,7.313000,29.520000
4.311,-0.119000,-0.505000,0.732000,10.214000,-7.023000,8.198000,29.420000
4.323,-0.083000,-0.509000,0.753000,17.519000,-14.130000,12.733000,29.520000
4.331,-0.034000,-0.461000,0.794000,23.565000,-13.000000,14.183000,29.380000
4.342,-0.058000,-0.410000,0.857000,25.031000,-7.969000,14.115000,29.420000
4.354,-0.092000,-0.388000,0.913000,25.985000,-5.023000,12.092000,29.330000
4.361,-0.098000,-0.336000,0.953000,22.053000,-2.595000,10.359000,29.470000
4.374,-0.093000,-0.364000,0.956000,16.809000,0.382000,9.000000,29.470000
4.381,-0.078000,-0.398000,0.919000,12.863000,3.962000,8.328000,29.420000
4.393,-0.085000,-0.429000,0.897000,11.832000,6.344000,8.328000,29.420000
4.401,-0.097000,-0.426000,0.852000,10.168000,7.985000,10.115000,29.380000
4.412,-0.137000,-0.448000,0.823000,10.756000,7.099000,9.870000,29.470000
4.424,-0.166000,-0.441000,0.795000,11.504000,3.702000,7.840000,29.520000
4.431,-0.162000,-0.448000,0.800000,13.481000,-0.313000,4.557000,29.420000
4.444,-0.118000,-0.458000,0.805000,15.687000,-1.053000,1.046000,29.470000
4.451,-0.101000,-0.477000,0.823000,19.458000,-2.084000,0.435000,29.380000
4.463,-0.098000,-0.428000,0.856000,19.962000,-4.053000,0.992000,29.420000
4.470,-0.078000,-0.421000,0.901000,18.901000,-4.855000,0.954000,29.330000
4.485,-0.043000,-0.383000,0.918000,16.130000,-2.595000,1.168000,29.470000
4.494,-0.051000,-0.419000,0.922000,13.405000,-0.344000,2.069000,29.380000
4.502,-0.038000,-0.402000,0.922000,14.366000,0.336000,3.061000,29.520000
4.514,-0.038000,-0.401000,0.919000,11.954000,3.595000,5.305000,29.420000
4.521,-0.031000,-0.399000,0.924000,11.618000,9.397000,6.344000,29.380000
4.534,-0.087000,-0.374000,0.922000,9.893000,12.969000,5.794000,29.420000
4.540,-0.151000,-0.368000,0.911000,6.328000,8.939000,5.702000,29.420000
4.553,-0.166000,-0.381000,0.892000,3.313000,2.527000,5.305000,29.470000
4.558,-0.112000,-0.401000,0.873000,3.412000,1.267000,3.275000,29.470000
4.572,-0.088000,-0.441000,0.866000,5.901000,2.824000,1.588000,29.420000
4.585,-0.073000,-0.398000,0.883000,7.901000,6.031000,0.695000,29.520000
4.592,-0.067000,-0.375000,0.906000,6.038000,7.939000,1.466000,29.570000
4.604,-0.049000,-0.365000,0.887000,3.382000,9.351000,3.267000,29.380000
4.611,-0.053000,-0.389000,0.860000,3.565000,11.427000,4.511000,29.520000
4.623,-0.099000,-0.390000,0.839000,2.832000,11.534000,5.847000,29.520000
4.630,-0.144000,-0.389000,0.809000,2.847000,9.008000,5.840000,29.420000
4.643,-0.161000,-0.400000,0.782000,4.954000,7.855000,2.420000,29.470000
4.650,-0.173000,-0.411000,0.777000,8.443000,7.794000,-1.618000,29.420000
4.662,-0.199000,-0.401000,0.812000,12.053000,4.992000,-5.893000,29.420000
4.674,-0.184000,-0.399000,0.837000,15.069000,-0.527000,-9.618000,29.470000
4.681,-0.125000,-0.390000,0.896000,18.115000,-4.939000,-10.527000,29.470000
4.693,-0.055000,-0.350000,0.946000,18.908000,-3.885000,-9.969000,29.420000
4.700,-0.029000,-0.320000,0.950000,16.115000,1.038000,-6.748000,29.420000
4.712,-0.031000,-0.312000,0.940000,11.282000,5.847000,-2.061000,29.470000
4.725,-0.054000,-0.339000,0.908000,8.939000,9.412000,1.786000,29.470000
4.732,-0.092000,-0.364000,0.861000,8.321000,13.328000,3.336000,29.420000
4.744,-0.157000,-0.400000,0.834000,11.374000,14.473000,2.802000,29.420000
4.751,-0.228000,-0.390000,0.835000,13.916000,9.168000,1.122000,29.470000
4.763,-0.256000,-0.391000,0.843000,16.168000,1.061000,-1.901000,29.570000
4.770,-0.243000,-0.389000,0.870000,19.412000,-5.565000,-5.542000,29.420000
4.784,-0.197000,-0.363000,0.907000,20.672000,-6.954000,-8.550000,29.520000
4.794,-0.170000,-0.362000,0.969000,21.519000,-6.275000,-10.542000,29.570000
4.802,-0.125000,-0.306000,1.025000,20.573000,-2.511000,-12.718000,29.570000
4.813,-0.090000,-0.287000,1.050000,15.733000,3.504000,-12.290000,29.520000
4.820,-0.058000,-0.275000,1.037000,12.183000,9.481000,-10.847000,29.520000
