time_sec,ax,ay,az,gx,gy,gz,temp_c
0.022,0.104000,0.421000,1.015000,-183.985000,56.321000,-107.977000,31.350000
0.029,0.018000,0.338000,0.911000,-193.076000,55.130000,-102.313000,31.400000
0.036,-0.112000,0.357000,0.840000,-211.496000,33.298000,-89.275000,31.400000
0.048,-0.150000,0.321000,0.673000,-236.901000,4.107000,-78.809000,31.260000
0.053,-0.048000,0.317000,0.439000,-250.137000,-22.031000,-72.931000,31.400000
0.066,0.149000,0.194000,0.070000,-250.137000,-29.275000,-71.321000,31.400000
0.078,0.579000,-0.093000,-0.540000,-250.137000,2.267000,-76.038000,31.350000
0.085,0.974000,-0.480000,-1.127000,-242.947000,58.130000,-70.107000,31.310000
0.100,1.047000,-0.857000,-1.523000,-177.038000,120.115000,-52.397000,31.400000
0.109,0.787000,-1.004000,-1.510000,-102.695000,150.267000,-30.389000,31.260000
0.117,0.074000,-0.824000,-1.074000,-50.450000,114.458000,-2.695000,31.310000
0.128,-0.699000,-0.642000,-0.489000,-22.336000,12.580000,11.252000,31.310000
0.140,-0.848000,-0.471000,0.046000,-9.496000,-95.977000,-2.443000,31.350000
0.146,-0.465000,-0.407000,0.443000,-6.977000,-150.366000,-26.809000,31.310000
0.158,0.093000,-0.411000,0.773000,0.481000,-131.611000,-45.656000,31.400000
0.165,0.469000,-0.355000,1.033000,-2.061000,-68.229000,-50.427000,31.350000
0.177,0.574000,-0.323000,1.135000,-13.740000,6.160000,-39.840000,31.310000
0.189,0.392000,-0.374000,1.056000,-27.695000,59.710000,-19.725000,31.310000
0.196,0.005000,-0.343000,0.850000,-41.710000,65.481000,3.550000,31.350000
0.208,-0.398000,-0.574000,0.538000,-46.176000,37.893000,16.260000,31.400000
0.216,-0.452000,-0.779000,0.335000,-29.183000,2.878000,9.237000,31.400000
0.227,-0.307000,-0.764000,0.329000,-5.878000,-12.015000,-5.908000,31.450000
0.239,-0.217000,-0.707000,0.472000,12.053000,-15.557000,-19.366000,31.260000
0.246,-0.167000,-0.566000,0.646000,21.038000,-14.786000,-25.824000,31.310000
0.258,-0.101000,-0.525000,0.724000,19.336000,-12.954000,-25.115000,31.350000
0.264,-0.060000,-0.519000,0.705000,16.939000,-10.267000,-21.160000,31.350000
0.277,-0.074000,-0.571000,0.638000,19.038000,-9.382000,-17.443000,31.400000
0.289,-0.137000,-0.570000,0.533000,22.153000,-18.275000,-13.565000,31.350000
0.295,-0.189000,-0.610000,0.466000,28.298000,-35.992000,-11.626000,31.350000
0.308,-0.149000,-0.588000,0.397000,37.435000,-49.763000,-14.679000,31.400000
0.319,-0.068000,-0.604000,0.331000,48.679000,-57.374000,-19.519000,31.400000
0.326,0.060000,-0.606000,0.319000,63.710000,-59.710000,-22.664000,31.350000
0.338,0.154000,-0.570000,0.324000,76.855000,-52.099000,-22.702000,31.400000
0.345,0.206000,-0.604000,0.388000,89.557000,-40.023000,-21.618000,31.350000
0.357,0.200000,-0.533000,0.505000,100.702000,-29.061000,-18.031000,31.350000
0.369,0.164000,-0.448000,0.561000,103.214000,-21.580000,-12.901000,31.310000
0.376,0.132000,-0.422000,0.547000,99.634000,-20.420000,-7.802000,31.450000
0.388,0.058000,-0.425000,0.449000,97.580000,-28.527000,-1.244000,31.350000
0.395,-0.042000,-0.418000,0.405000,95.924000,-58.290000,7.038000,31.310000
0.408,-0.066000,-0.429000,0.438000,100.389000,-87.107000,11.397000,31.350000
0.419,0.060000,-0.455000,0.481000,109.160000,-100.908000,9.237000,31.350000
0.426,0.173000,-0.471000,0.624000,123.710000,-99.573000,5.687000,31.400000
0.438,0.233000,-0.356000,0.809000,131.092000,-85.252000,6.924000,31.310000
0.445,0.213000,-0.181000,0.898000,123.115000,-69.473000,6.115000,31.350000
0.457,0.188000,-0.183000,0.931000,111.290000,-58.107000,9.458000,31.400000
0.469,0.202000,-0.207000,0.821000,102.389000,-45.160000,16.275000,31.450000
0.476,0.146000,-0.298000,0.658000,99.031000,-39.916000,24.519000,31.350000
0.488,0.058000,-0.350000,0.577000,104.092000,-44.260000,30.420000,31.310000
0.493,0.035000,-0.337000,0.526000,113.519000,-48.931000,30.557000,31.350000
0.507,-0.018000,-0.363000,0.655000,127.908000,-64.527000,27.504000,31.350000
0.519,0.007000,-0.191000,0.902000,136.458000,-71.695000,19.863000,31.400000
0.526,0.074000,-0.050000,1.087000,134.359000,-68.412000,5.939000,31.350000
0.538,0.169000,-0.008000,1.198000,127.076000,-62.412000,-5.305000,31.350000
0.550,0.299000,0.020000,1.185000,116.344000,-41.901000,-10.763000,31.310000
0.557,0.335000,0.002000,1.054000,105.267000,-27.382000,-8.534000,31.400000
0.570,0.313000,-0.020000,0.978000,86.031000,-23.382000,6.382000,31.260000
0.576,0.244000,-0.065000,0.847000,69.084000,-23.023000,21.626000,31.310000
0.588,0.188000,-0.213000,0.721000,67.244000,-30.092000,32.260000,31.350000
0.593,0.159000,-0.279000,0.628000,79.069000,-36.893000,35.710000,31.350000
0.607,0.149000,-0.269000,0.555000,97.985000,-41.176000,32.969000,31.400000
0.619,0.069000,-0.210000,0.621000,117.496000,-51.313000,24.000000,31.310000
0.626,0.045000,-0.106000,0.703000,139.000000,-56.557000,12.023000,31.350000
0.638,0.009000,0.145000,0.851000,141.748000,-79.550000,1.321000,31.400000
0.645,0.176000,0.388000,1.115000,110.076000,-90.969000,-0.366000,31.310000
0.657,0.354000,0.374000,1.167000,81.183000,-79.817000,-5.053000,31.350000
0.669,0.526000,0.219000,1.051000,69.053000,-48.702000,-6.244000,31.350000
0.676,0.491000,0.005000,0.974000,74.031000,-32.443000,5.893000,31.400000
0.688,0.475000,-0.036000,0.941000,90.786000,-13.221000,15.679000,31.400000
0.695,0.407000,-0.005000,0.870000,106.244000,4.015000,15.557000,31.450000
0.708,0.260000,0.069000,0.840000,116.611000,7.557000,15.145000,31.400000
0.720,0.126000,0.107000,0.760000,118.046000,-2.748000,18.206000,31.350000
0.727,0.024000,0.243000,0.814000,108.740000,-36.771000,23.870000,31.350000
0.739,0.062000,0.295000,1.032000,92.359000,-70.748000,29.130000,31.310000
0.746,0.228000,0.345000,1.228000,86.771000,-77.794000,21.092000,31.310000
0.759,0.388000,0.432000,1.363000,81.305000,-74.954000,4.992000,31.350000
0.765,0.528000,0.439000,1.397000,68.939000,-52.664000,-4.733000,31.310000
0.777,0.600000,0.323000,1.231000,59.702000,-23.382000,-5.023000,31.400000
0.790,0.614000,0.167000,0.999000,60.466000,7.298000,5.695000,31.260000
0.797,0.485000,0.078000,0.788000,68.824000,22.817000,21.641000,31.400000
0.809,0.242000,0.057000,0.626000,78.611000,21.649000,34.534000,31.400000
0.816,0.039000,0.042000,0.519000,88.427000,2.466000,41.153000,31.400000
0.829,-0.034000,0.104000,0.617000,99.649000,-33.137000,42.084000,31.260000
0.835,0.114000,0.259000,0.895000,108.634000,-50.550000,27.924000,31.310000
0.847,0.314000,0.306000,1.067000,119.252000,-41.840000,2.000000,31.350000
0.860,0.465000,0.324000,1.131000,139.008000,-23.824000,-15.809000,31.450000
0.867,0.465000,0.383000,1.119000,146.008000,-11.779000,-15.298000,31.310000
0.879,0.458000,0.412000,1.021000,136.939000,-3.779000,1.305000,31.310000
0.885,0.430000,0.476000,0.952000,112.183000,-7.969000,22.618000,31.350000
0.898,0.527000,0.490000,0.938000,83.962000,6.053000,41.198000,31.400000
0.906,0.459000,0.463000,0.893000,70.649000,10.817000,56.885000,31.310000
0.918,0.343000,0.489000,0.934000,60.191000,4.160000,67.771000,31.350000
0.930,0.271000,0.545000,0.929000,47.153000,-4.206000,67.557000,31.400000
0.937,0.262000,0.454000,0.878000,44.634000,-11.031000,56.290000,31.400000
0.950,0.289000,0.339000,0.810000,55.031000,-11.008000,38.855000,31.400000
0.956,0.287000,0.352000,0.760000,69.779000,-10.573000,21.962000,31.350000
0.971,0.248000,0.372000,0.731000,81.443000,-13.595000,7.458000,31.310000
0.975,0.197000,0.410000,0.688000,86.038000,-22.122000,-3.427000,31.450000
0.987,0.318000,0.557000,0.770000,73.771000,-35.695000,-6.580000,31.350000
1.000,0.507000,0.618000,0.824000,51.053000,-28.931000,-1.779000,31.400000
1.007,0.506000,0.565000,0.785000,38.252000,-25.542000,6.679000,31.260000
1.019,0.435000,0.460000,0.768000,36.763000,-33.008000,15.374000,31.350000
1.026,0.438000,0.476000,0.766000,38.366000,-41.145000,19.145000,31.310000
1.038,0.507000,0.463000,0.781000,42.015000,-42.336000,19.389000,31.400000
1.045,0.591000,0.449000,0.784000,48.832000,-32.130000,18.336000,31.350000
1.057,0.597000,0.433000,0.718000,57.519000,-14.489000,17.603000,31.400000
1.070,0.485000,0.409000,0.631000,72.443000,-2.626000,14.229000,31.310000
1.077,0.333000,0.417000,0.559000,84.321000,-2.237000,7.824000,31.400000
1.089,0.131000,0.548000,0.585000,84.198000,-31.046000,3.206000,31.350000
1.096,0.242000,0.725000,0.781000,64.718000,-62.313000,-0.290000,31.400000
1.108,0.488000,0.783000,0.939000,35.046000,-64.832000,-3.687000,31.350000
1.115,0.656000,0.700000,0.969000,19.191000,-49.687000,-6.260000,31.350000
1.127,0.756000,0.603000,0.933000,19.870000,-26.618000,-3.740000,31.310000
1.140,0.776000,0.552000,0.855000,24.115000,-2.588000,7.573000,31.400000
1.147,0.683000,0.558000,0.795000,25.198000,7.832000,22.626000,31.350000
1.159,0.574000,0.565000,0.748000,23.550000,7.008000,36.008000,31.310000
1.167,0.430000,0.571000,0.692000,20.084000,-7.885000,46.008000,31.310000
1.178,0.339000,0.521000,0.664000,18.786000,-28.542000,47.656000,31.350000
1.185,0.354000,0.467000,0.644000,23.649000,-42.779000,40.969000,31.450000
1.197,0.378000,0.429000,0.624000,36.023000,-48.000000,30.878000,31.310000
1.210,0.389000,0.391000,0.584000,51.794000,-47.053000,18.206000,31.400000
1.217,0.411000,0.450000,0.556000,62.305000,-39.046000,4.725000,31.350000
1.229,0.400000,0.455000,0.533000,76.000000,-31.145000,-8.000000,31.310000
1.236,0.427000,0.513000,0.527000,88.237000,-22.122000,-20.733000,31.400000
1.248,0.440000,0.569000,0.517000,92.511000,-17.718000,-28.366000,31.350000
1.256,0.501000,0.674000,0.628000,88.618000,-18.282000,-30.893000,31.400000
1.268,0.551000,0.755000,0.739000,78.794000,-18.832000,-31.916000,31.310000
1.279,0.563000,0.766000,0.808000,72.061000,-23.191000,-31.435000,31.350000
1.286,0.599000,0.764000,0.835000,61.458000,-27.519000,-27.931000,31.350000
1.298,0.624000,0.773000,0.814000,51.473000,-30.763000,-18.893000,31.400000
1.306,0.635000,0.711000,0.757000,45.153000,-31.580000,-8.908000,31.350000
1.318,0.669000,0.709000,0.670000,40.344000,-26.382000,1.588000,31.350000
1.330,0.658000,0.672000,0.583000,39.084000,-19.931000,11.679000,31.400000
1.337,0.613000,0.651000,0.494000,41.000000,-13.550000,18.550000,31.400000
1.350,0.516000,0.634000,0.447000,47.534000,-14.550000,20.496000,31.450000
1.356,0.459000,0.595000,0.445000,57.885000,-19.817000,17.740000,31.310000
1.368,0.465000,0.640000,0.456000,63.779000,-22.763000,12.695000,31.400000
1.375,0.482000,0.664000,0.485000,67.527000,-24.603000,9.168000,31.350000
1.388,0.527000,0.665000,0.493000,73.275000,-21.626000,2.221000,31.350000
1.400,0.556000,0.745000,0.501000,76.695000,-14.588000,-1.641000,31.310000
1.407,0.541000,0.740000,0.496000,80.366000,-10.137000,-5.023000,31.450000
1.419,0.567000,0.768000,0.472000,80.756000,-2.992000,-8.969000,31.450000
1.426,0.570000,0.792000,0.497000,82.206000,1.412000,-8.160000,31.400000
1.438,0.514000,0.772000,0.480000,83.015000,-1.847000,-8.084000,31.450000
1.445,0.446000,0.775000,0.466000,83.718000,-10.053000,-10.214000,31.350000
1.457,0.405000,0.797000,0.446000,81.802000,-22.992000,-12.466000,31.400000
1.470,0.398000,0.797000,0.441000,79.229000,-34.214000,-13.389000,31.310000
1.476,0.380000,0.938000,0.451000,68.099000,-50.824000,-10.084000,31.260000
1.488,0.322000,0.915000,0.436000,53.847000,-71.733000,-12.260000,31.310000
1.495,0.367000,0.897000,0.404000,49.198000,-85.588000,-20.031000,31.400000
1.508,0.429000,0.863000,0.359000,47.496000,-93.511000,-26.557000,31.350000
1.520,0.523000,0.789000,0.307000,54.847000,-92.405000,-35.534000,31.450000
1.527,0.626000,0.810000,0.273000,64.252000,-80.977000,-37.824000,31.310000
1.539,0.659000,0.805000,0.304000,70.779000,-72.756000,-36.565000,31.450000
1.545,0.730000,0.815000,0.388000,79.183000,-60.344000,-35.817000,31.350000
1.558,0.715000,0.838000,0.481000,85.115000,-52.603000,-30.809000,31.310000
1.570,0.720000,0.895000,0.593000,86.397000,-44.672000,-21.221000,31.400000
1.577,0.688000,1.015000,0.656000,71.626000,-40.015000,-5.412000,31.450000
1.589,0.612000,0.964000,0.642000,50.115000,-41.901000,0.855000,31.310000
1.596,0.629000,0.885000,0.600000,32.260000,-37.137000,-0.710000,31.400000
1.608,0.645000,0.752000,0.529000,22.282000,-30.000000,-4.626000,31.400000
1.615,0.670000,0.698000,0.484000,19.618000,-22.038000,-3.725000,31.350000
1.627,0.634000,0.751000,0.499000,15.481000,-18.550000,4.191000,31.400000
1.640,0.543000,0.808000,0.505000,5.198000,-21.740000,10.092000,31.450000
1.647,0.494000,0.802000,0.480000,-8.344000,-27.756000,7.053000,31.450000
1.659,0.553000,0.746000,0.408000,-16.618000,-29.550000,-1.107000,31.400000
1.666,0.686000,0.716000,0.373000,-19.504000,-21.206000,-7.260000,31.350000
1.678,0.777000,0.679000,0.340000,-17.840000,-7.237000,-7.313000,31.350000
1.685,0.807000,0.691000,0.321000,-13.885000,6.588000,1.351000,31.400000
1.697,0.719000,0.730000,0.297000,-14.977000,11.252000,12.015000,31.310000
1.710,0.632000,0.712000,0.268000,-15.580000,5.771000,17.473000,31.350000
1.717,0.635000,0.698000,0.250000,-12.832000,3.183000,15.824000,31.310000
1.729,0.663000,0.710000,0.271000,-10.000000,3.550000,13.405000,31.400000
1.736,0.676000,0.730000,0.280000,-7.397000,5.840000,12.374000,31.310000
1.749,0.671000,0.713000,0.326000,-4.809000,7.847000,12.573000,31.450000
1.756,0.673000,0.731000,0.378000,-2.137000,12.221000,12.092000,31.310000
1.768,0.690000,0.768000,0.438000,-5.130000,18.000000,12.534000,31.350000
1.775,0.691000,0.802000,0.463000,-11.435000,25.137000,16.115000,31.350000
1.787,0.660000,0.790000,0.477000,-17.649000,28.450000,21.275000,31.490000
1.799,0.671000,0.805000,0.517000,-23.260000,31.366000,24.206000,31.400000
1.807,0.667000,0.806000,0.562000,-29.779000,35.977000,27.099000,31.450000
1.819,0.648000,0.803000,0.573000,-36.985000,41.206000,28.939000,31.400000
1.826,0.624000,0.799000,0.567000,-43.573000,43.847000,32.130000,31.400000
1.838,0.589000,0.764000,0.552000,-46.321000,44.397000,33.137000,31.350000
1.843,0.595000,0.786000,0.552000,-49.672000,47.038000,33.229000,31.400000
1.857,0.612000,0.792000,0.557000,-54.237000,52.008000,33.687000,31.490000
1.869,0.612000,0.782000,0.536000,-58.840000,57.275000,33.198000,31.310000
1.876,0.598000,0.809000,0.523000,-62.191000,60.015000,33.481000,31.350000
1.888,0.575000,0.803000,0.509000,-65.977000,60.176000,33.756000,31.310000
1.895,0.555000,0.812000,0.477000,-70.153000,57.794000,32.733000,31.350000
1.908,0.586000,0.775000,0.415000,-70.748000,54.427000,30.847000,31.350000
1.920,0.620000,0.658000,0.379000,-64.885000,52.496000,26.603000,31.400000
1.926,0.673000,0.615000,0.409000,-54.023000,50.374000,22.275000,31.310000
1.939,0.728000,0.658000,0.503000,-48.069000,47.824000,24.450000,31.450000
1.946,0.761000,0.711000,0.597000,-50.588000,46.580000,28.328000,31.400000
1.959,0.800000,0.807000,0.651000,-59.824000,51.214000,38.511000,31.400000
1.966,0.764000,0.826000,0.658000,-72.908000,55.137000,51.221000,31.450000
1.977,0.691000,0.811000,0.634000,-83.611000,60.359000,54.397000,31.310000
1.989,0.644000,0.757000,0.604000,-90.366000,67.573000,48.748000,31.400000
1.996,0.612000,0.716000,0.577000,-94.656000,70.878000,37.557000,31.310000
2.009,0.669000,0.719000,0.586000,-96.015000,75.611000,27.954000,31.450000
2.016,0.652000,0.722000,0.591000,-97.069000,78.824000,24.122000,31.310000
2.028,0.592000,0.701000,0.605000,-96.893000,72.809000,26.084000,31.450000
2.035,0.538000,0.700000,0.625000,-96.634000,66.435000,25.969000,31.350000
2.047,0.514000,0.686000,0.651000,-96.748000,61.725000,24.626000,31.310000
2.059,0.506000,0.677000,0.663000,-93.351000,61.275000,21.595000,31.310000
2.066,0.518000,0.743000,0.651000,-95.351000,68.389000,15.511000,31.350000
2.078,0.463000,0.704000,0.614000,-100.282000,72.695000,8.328000,31.400000
2.085,0.383000,0.633000,0.599000,-102.626000,72.252000,-0.916000,31.400000
2.097,0.373000,0.567000,0.622000,-98.679000,71.496000,-11.153000,31.350000
2.110,0.370000,0.522000,0.662000,-94.542000,71.229000,-19.229000,31.400000
2.116,0.390000,0.494000,0.704000,-85.794000,74.069000,-25.481000,31.310000
2.128,0.418000,0.524000,0.758000,-79.244000,79.435000,-28.321000,31.400000
2.135,0.438000,0.562000,0.794000,-73.412000,86.924000,-30.191000,31.350000
2.147,0.381000,0.660000,0.829000,-78.511000,87.550000,-32.603000,31.400000
2.160,0.327000,0.691000,0.882000,-93.183000,78.893000,-34.733000,31.350000
2.167,0.280000,0.686000,0.865000,-106.282000,66.977000,-34.496000,31.350000
2.178,0.247000,0.598000,0.851000,-117.046000,46.443000,-31.580000,31.310000
2.185,0.284000,0.517000,0.835000,-118.405000,31.916000,-28.634000,31.350000
2.197,0.393000,0.538000,0.808000,-116.893000,31.511000,-23.435000,31.350000
2.209,0.439000,0.473000,0.799000,-114.115000,36.557000,-14.916000,31.400000
2.216,0.429000,0.414000,0.792000,-106.771000,46.794000,-11.763000,31.310000
2.228,0.437000,0.453000,0.784000,-101.229000,60.328000,-12.916000,31.350000
2.235,0.387000,0.437000,0.842000,-97.763000,64.740000,-14.718000,31.310000
2.247,0.353000,0.438000,0.908000,-92.489000,68.611000,-18.130000,31.310000
2.259,0.308000,0.469000,0.944000,-92.992000,65.878000,-19.092000,31.260000
2.266,0.240000,0.418000,0.970000,-96.847000,54.000000,-18.084000,31.400000
2.279,0.206000,0.381000,0.974000,-96.290000,43.908000,-21.313000,31.310000
2.285,0.236000,0.402000,0.983000,-100.405000,33.603000,-27.000000,31.350000
2.297,0.336000,0.390000,1.003000,-102.527000,36.160000,-34.870000,31.310000
2.309,0.476000,0.421000,0.930000,-105.565000,55.076000,-39.176000,31.400000
2.317,0.448000,0.332000,0.829000,-104.519000,68.145000,-33.618000,31.450000
2.328,0.334000,0.251000,0.763000,-100.229000,70.702000,-27.489000,31.350000
2.335,0.213000,0.224000,0.732000,-95.221000,64.153000,-23.015000,31.400000
2.347,0.088000,0.188000,0.772000,-91.733000,42.038000,-21.481000,31.350000
2.359,0.079000,0.192000,0.874000,-87.863000,23.450000,-28.695000,31.260000
2.366,0.180000,0.296000,0.933000,-89.725000,16.137000,-37.870000,31.310000
2.378,0.281000,0.261000,0.990000,-94.519000,16.023000,-42.901000,31.400000
2.385,0.427000,0.211000,1.055000,-96.962000,28.924000,-47.557000,31.260000
2.397,0.506000,0.246000,1.023000,-98.809000,51.679000,-49.130000,31.310000
2.410,0.441000,0.160000,0.945000,-100.786000,65.015000,-41.336000,31.400000
2.417,0.329000,0.093000,0.879000,-96.794000,67.519000,-30.573000,31.260000
2.428,0.218000,0.121000,0.849000,-92.359000,60.176000,-21.267000,31.310000
2.435,0.079000,0.092000,0.891000,-92.260000,38.962000,-16.496000,31.400000
2.447,0.070000,0.113000,0.919000,-92.565000,24.969000,-22.679000,31.350000
2.460,0.169000,0.162000,0.864000,-97.954000,19.557000,-32.282000,31.350000
2.467,0.210000,0.015000,0.762000,-96.504000,14.221000,-35.282000,31.210000
2.479,0.287000,-0.045000,0.733000,-86.725000,16.519000,-33.496000,31.350000
2.485,0.320000,-0.028000,0.757000,-80.282000,21.641000,-28.038000,31.450000
2.497,0.289000,-0.054000,0.821000,-71.198000,25.687000,-22.382000,31.400000
2.510,0.217000,-0.013000,0.896000,-67.763000,27.046000,-19.725000,31.310000
2.517,0.131000,0.056000,1.012000,-70.885000,20.153000,-19.252000,31.260000
2.528,0.123000,0.022000,1.083000,-70.344000,15.076000,-26.359000,31.310000
2.535,0.198000,0.118000,1.039000,-75.725000,22.145000,-38.443000,31.210000
2.547,0.239000,0.052000,0.894000,-83.634000,30.733000,-43.122000,31.350000
2.560,0.245000,-0.063000,0.728000,-82.626000,37.916000,-40.397000,31.400000
2.567,0.208000,-0.162000,0.580000,-75.863000,40.725000,-36.275000,31.310000
2.578,0.086000,-0.252000,0.566000,-63.008000,28.817000,-26.702000,31.350000
2.585,0.042000,-0.224000,0.671000,-46.771000,17.145000,-23.748000,31.310000
2.597,0.034000,-0.123000,0.823000,-40.267000,5.046000,-26.908000,31.310000
2.610,0.066000,-0.044000,1.055000,-40.115000,-0.115000,-31.008000,31.260000
2.617,0.176000,0.075000,1.161000,-49.496000,11.878000,-39.611000,31.260000
2.628,0.206000,0.012000,1.120000,-61.198000,24.069000,-45.489000,31.310000
2.635,0.200000,-0.120000,1.007000,-64.420000,37.511000,-42.489000,31.310000
2.647,0.181000,-0.215000,0.889000,-58.748000,44.954000,-34.702000,31.350000
2.659,0.127000,-0.258000,0.834000,-46.496000,51.740000,-27.534000,31.310000
2.667,0.065000,-0.167000,0.872000,-39.557000,55.458000,-21.351000,31.310000
2.678,-0.020000,-0.063000,0.917000,-45.847000,55.374000,-18.145000,31.350000
2.685,-0.132000,-0.051000,0.894000,-55.626000,48.267000,-18.031000,31.310000
2.697,-0.135000,-0.167000,0.826000,-56.626000,39.107000,-18.290000,31.310000
2.709,-0.079000,-0.260000,0.813000,-48.252000,35.985000,-14.748000,31.350000
2.717,-0.066000,-0.313000,0.899000,-34.878000,34.992000,-13.290000,31.310000
2.727,-0.008000,-0.244000,1.033000,-21.519000,50.229000,-24.229000,31.310000
2.739,-0.013000,-0.166000,1.136000,-20.809000,64.107000,-39.115000,31.260000
2.746,-0.050000,-0.133000,1.200000,-27.008000,71.099000,-52.092000,31.170000
2.758,-0.054000,0.025000,1.147000,-46.595000,66.183000,-60.611000,31.400000
2.765,-0.103000,-0.097000,1.042000,-65.420000,47.176000,-61.656000,31.310000
2.777,-0.033000,-0.214000,0.895000,-74.885000,30.496000,-62.954000,31.350000
2.789,0.076000,-0.335000,0.791000,-74.023000,17.344000,-61.656000,31.310000
2.795,0.169000,-0.404000,0.782000,-62.603000,14.321000,-59.893000,31.210000
2.808,0.233000,-0.340000,0.803000,-55.679000,19.008000,-60.740000,31.260000
2.820,0.187000,-0.364000,0.877000,-49.611000,17.137000,-59.115000,31.310000
2.827,0.221000,-0.239000,0.936000,-45.863000,22.618000,-62.160000,31.310000
2.838,0.260000,-0.148000,0.908000,-58.725000,23.733000,-60.405000,31.260000
2.845,0.212000,-0.276000,0.845000,-70.893000,19.779000,-54.015000,31.350000
2.858,0.211000,-0.292000,0.763000,-72.206000,15.160000,-48.015000,31.310000
2.870,0.177000,-0.316000,0.699000,-75.489000,1.191000,-38.313000,31.350000
2.876,0.139000,-0.403000,0.682000,-70.504000,-12.076000,-31.206000,31.260000
2.888,0.155000,-0.330000,0.669000,-69.481000,-20.176000,-28.397000,31.310000
2.895,0.172000,-0.344000,0.622000,-71.534000,-24.420000,-24.847000,31.210000
2.908,0.199000,-0.391000,0.598000,-68.122000,-21.496000,-22.802000,31.260000
2.919,0.269000,-0.453000,0.594000,-60.519000,-12.519000,-20.420000,31.310000
2.926,0.318000,-0.579000,0.693000,-40.817000,4.672000,-19.885000,31.310000
2.938,0.324000,-0.464000,0.855000,-26.084000,24.603000,-24.321000,31.350000
2.943,0.198000,-0.363000,1.013000,-23.015000,30.870000,-24.374000,31.310000
2.957,0.043000,-0.250000,1.113000,-36.405000,16.664000,-16.061000,31.310000
2.969,-0.045000,-0.180000,1.127000,-58.099000,-12.718000,-5.611000,31.350000
2.976,-0.012000,-0.224000,1.066000,-75.832000,-41.023000,2.733000,31.310000
2.987,0.160000,-0.312000,1.027000,-84.878000,-49.679000,8.412000,31.210000
3.000,0.407000,-0.379000,1.072000,-91.466000,-24.817000,8.282000,31.350000
3.008,0.614000,-0.315000,1.105000,-99.595000,29.641000,4.725000,31.350000
3.019,0.637000,-0.335000,1.029000,-112.641000,87.397000,7.626000,31.310000
3.026,0.489000,-0.386000,0.889000,-121.084000,132.695000,15.634000,31.310000
3.038,0.175000,-0.490000,0.644000,-129.412000,145.115000,23.725000,31.350000
3.050,-0.075000,-0.622000,0.446000,-124.237000,133.885000,30.763000,31.310000
3.057,-0.210000,-0.662000,0.286000,-113.916000,109.160000,33.504000,31.260000
3.068,-0.325000,-0.634000,0.173000,-107.237000,71.389000,36.542000,31.260000
3.075,-0.373000,-0.652000,0.070000,-101.817000,35.939000,33.481000,31.210000
3.087,-0.339000,-0.709000,0.006000,-89.481000,4.664000,26.229000,31.310000
3.099,-0.217000,-0.756000,-0.007000,-69.313000,-14.534000,21.382000,31.260000
3.106,-0.045000,-0.718000,0.030000,-49.794000,-13.527000,16.397000,31.210000
3.118,0.053000,-0.796000,0.111000,-26.282000,0.053000,12.733000,31.310000
3.130,0.029000,-0.733000,0.266000,-5.443000,11.664000,9.366000,31.350000
3.137,-0.058000,-0.643000,0.467000,3.908000,12.420000,9.672000,31.310000
3.150,-0.115000,-0.589000,0.642000,0.885000,5.099000,14.198000,31.210000
3.157,-0.098000,-0.560000,0.766000,-8.015000,0.740000,19.397000,31.350000
3.169,-0.051000,-0.592000,0.785000,-14.763000,4.954000,24.878000,31.310000
3.175,-0.041000,-0.629000,0.719000,-18.496000,16.527000,29.840000,31.310000
3.187,-0.080000,-0.623000,0.597000,-20.328000,27.695000,32.863000,31.260000
3.200,-0.128000,-0.652000,0.475000,-15.672000,35.725000,34.519000,31.260000
3.206,-0.221000,-0.709000,0.382000,-6.374000,38.344000,31.969000,31.210000
3.218,-0.281000,-0.702000,0.385000,6.542000,35.626000,24.687000,31.260000
3.225,-0.380000,-0.634000,0.450000,13.824000,21.160000,17.947000,31.260000
3.238,-0.401000,-0.617000,0.505000,18.336000,3.679000,11.267000,31.310000
3.250,-0.309000,-0.632000,0.552000,24.557000,-8.351000,5.588000,31.260000
3.258,-0.194000,-0.658000,0.591000,33.198000,-10.069000,0.061000,31.260000
3.269,-0.113000,-0.655000,0.664000,38.702000,-3.344000,-4.878000,31.400000
3.276,-0.068000,-0.663000,0.756000,42.420000,6.992000,-6.313000,31.310000
3.288,-0.038000,-0.630000,0.791000,41.756000,15.321000,-3.359000,31.260000
3.295,-0.057000,-0.608000,0.815000,38.687000,19.221000,2.115000,31.310000
3.308,-0.109000,-0.617000,0.837000,33.031000,18.550000,7.069000,31.400000
3.319,-0.156000,-0.613000,0.829000,29.015000,13.931000,8.893000,31.350000
3.326,-0.199000,-0.611000,0.806000,26.504000,5.389000,9.076000,31.310000
3.339,-0.195000,-0.622000,0.801000,24.473000,-3.122000,5.511000,31.210000
3.346,-0.161000,-0.629000,0.782000,22.351000,-8.374000,2.244000,31.260000
3.358,-0.089000,-0.668000,0.800000,23.794000,-7.672000,1.321000,31.350000
3.365,-0.017000,-0.681000,0.812000,27.794000,0.985000,3.588000,31.310000
3.377,-0.013000,-0.625000,0.830000,24.969000,12.122000,8.076000,31.260000
3.389,-0.092000,-0.574000,0.834000,19.321000,16.901000,14.305000,31.350000
3.396,-0.203000,-0.580000,0.802000,12.321000,11.947000,20.328000,31.400000
3.408,-0.256000,-0.609000,0.739000,10.038000,2.321000,18.992000,31.400000
3.416,-0.234000,-0.650000,0.699000,13.985000,-2.992000,13.672000,31.260000
3.427,-0.211000,-0.626000,0.709000,16.550000,-5.107000,8.412000,31.310000
3.440,-0.186000,-0.603000,0.710000,19.802000,-5.237000,2.481000,31.260000
3.446,-0.158000,-0.601000,0.711000,23.641000,-5.443000,-0.321000,31.350000
3.458,-0.135000,-0.595000,0.713000,25.397000,-4.656000,-1.679000,31.400000
3.466,-0.123000,-0.603000,0.751000,29.015000,-3.298000,-3.252000,31.310000
3.478,-0.099000,-0.571000,0.807000,30.328000,-3.542000,-1.221000,31.350000
3.490,-0.104000,-0.558000,0.852000,28.412000,-1.473000,2.725000,31.400000
3.497,-0.125000,-0.533000,0.877000,24.939000,-2.427000,5.664000,31.310000
3.510,-0.176000,-0.512000,0.897000,19.626000,-6.695000,8.038000,31.350000
3.517,-0.210000,-0.540000,0.863000,14.908000,-11.405000,8.145000,31.260000
3.528,-0.206000,-0.581000,0.819000,15.618000,-16.435000,5.847000,31.310000
3.535,-0.181000,-0.564000,0.797000,16.771000,-18.626000,1.145000,31.310000
3.547,-0.099000,-0.567000,0.769000,17.687000,-15.771000,-1.435000,31.260000
3.559,-0.045000,-0.578000,0.752000,18.985000,-9.427000,0.183000,31.310000
3.566,-0.021000,-0.555000,0.747000,19.092000,-0.412000,3.687000,31.350000
3.578,-0.054000,-0.551000,0.761000,18.565000,6.099000,8.916000,31.350000
3.585,-0.130000,-0.539000,0.759000,18.382000,7.099000,12.038000,31.310000
3.597,-0.229000,-0.520000,0.746000,16.573000,-0.275000,13.420000,31.310000
3.610,-0.278000,-0.519000,0.730000,14.748000,-12.977000,12.427000,31.260000
3.617,-0.247000,-0.554000,0.733000,17.710000,-22.985000,10.771000,31.310000
3.629,-0.177000,-0.545000,0.758000,19.931000,-24.794000,7.137000,31.400000
3.635,-0.109000,-0.524000,0.776000,21.115000,-16.282000,2.198000,31.260000
3.647,-0.070000,-0.539000,0.785000,23.191000,-5.359000,-0.084000,31.310000
3.660,-0.099000,-0.512000,0.801000,22.221000,-0.527000,0.824000,31.210000
3.667,-0.140000,-0.521000,0.825000,21.328000,-1.695000,3.802000,31.350000
3.679,-0.157000,-0.512000,0.814000,19.031000,-3.183000,5.740000,31.310000
3.686,-0.149000,-0.537000,0.814000,17.893000,-3.916000,4.985000,31.310000
3.698,-0.155000,-0.518000,0.806000,17.611000,-2.588000,3.214000,31.350000
3.707,-0.169000,-0.550000,0.794000,18.267000,-3.634000,1.267000,31.350000
3.717,-0.168000,-0.534000,0.817000,18.908000,-7.275000,-1.023000,31.310000
3.729,-0.141000,-0.517000,0.845000,18.122000,-9.260000,-2.664000,31.450000
3.736,-0.094000,-0.549000,0.854000,18.962000,-9.061000,-2.489000,31.350000
