time_sec,ax,ay,az,gx,gy,gz,temp_c
0.013,0.079000,-0.412000,0.742000,23.107000,-103.405000,52.328000,30.650000
0.023,0.263000,-0.483000,0.756000,34.656000,-101.260000,57.366000,30.600000
0.030,0.350000,-0.446000,0.821000,44.374000,-80.718000,58.290000,30.600000
0.042,0.295000,-0.333000,0.911000,53.939000,-58.802000,58.916000,30.650000
0.055,0.160000,-0.253000,0.976000,55.168000,-45.000000,60.160000,30.550000
0.061,0.031000,-0.228000,0.969000,51.679000,-40.275000,58.740000,30.690000
0.074,0.033000,-0.248000,0.946000,50.061000,-36.992000,54.244000,30.650000
0.080,0.084000,-0.301000,0.892000,50.023000,-25.145000,42.901000,30.550000
0.093,0.139000,-0.348000,0.827000,54.924000,-6.023000,31.053000,30.600000
0.105,0.141000,-0.364000,0.778000,62.779000,12.458000,22.252000,30.600000
0.113,0.036000,-0.328000,0.734000,68.565000,20.664000,19.901000,30.650000
0.125,-0.083000,-0.344000,0.668000,72.939000,15.794000,25.565000,30.550000
0.131,-0.122000,-0.307000,0.667000,75.290000,1.863000,30.290000,30.600000
0.144,-0.098000,-0.262000,0.674000,76.786000,-5.824000,27.725000,30.600000
0.155,-0.078000,-0.218000,0.689000,77.473000,-14.458000,21.649000,30.650000
0.162,-0.061000,-0.183000,0.707000,77.229000,-23.153000,18.542000,30.650000
0.174,-0.025000,-0.142000,0.694000,74.061000,-32.183000,16.038000,30.600000
0.181,0.041000,-0.221000,0.687000,76.542000,-37.061000,12.977000,30.550000
0.194,0.117000,-0.230000,0.681000,85.733000,-36.420000,9.641000,30.550000
0.201,0.172000,-0.208000,0.670000,93.420000,-31.137000,7.191000,30.550000
0.213,0.232000,-0.201000,0.694000,101.794000,-25.023000,5.473000,30.510000
0.225,0.236000,-0.130000,0.715000,108.595000,-18.168000,5.221000,30.650000
0.231,0.191000,-0.053000,0.721000,107.496000,-14.634000,8.939000,30.550000
0.244,0.175000,-0.036000,0.747000,102.198000,-16.893000,12.687000,30.600000
0.251,0.178000,-0.012000,0.738000,97.076000,-15.847000,15.588000,30.690000
0.262,0.172000,0.009000,0.724000,90.076000,-18.863000,21.863000,30.650000
0.275,0.161000,-0.024000,0.732000,87.679000,-21.924000,28.931000,30.650000
0.281,0.146000,-0.017000,0.695000,88.908000,-25.145000,32.718000,30.600000
0.294,0.141000,-0.083000,0.720000,97.870000,-31.244000,35.947000,30.650000
0.301,0.151000,-0.027000,0.776000,114.008000,-31.313000,33.214000,30.650000
0.312,0.169000,0.049000,0.810000,122.267000,-27.656000,25.137000,30.600000
0.325,0.216000,0.043000,0.791000,131.328000,-14.931000,16.702000,30.600000
0.332,0.248000,0.064000,0.750000,140.679000,3.298000,8.679000,30.650000
0.344,0.254000,0.189000,0.739000,140.107000,17.481000,3.954000,30.650000
0.352,0.216000,0.325000,0.836000,130.153000,26.817000,4.122000,30.650000
0.363,0.024000,0.393000,0.896000,114.687000,18.916000,12.908000,30.600000
0.370,-0.102000,0.368000,0.921000,100.595000,-7.542000,27.863000,30.550000
0.382,-0.070000,0.317000,0.898000,93.405000,-35.893000,38.924000,30.650000
0.395,0.067000,0.239000,0.832000,94.427000,-48.878000,42.069000,30.600000
0.402,0.211000,0.145000,0.731000,102.916000,-43.931000,37.489000,30.550000
0.414,0.278000,0.156000,0.661000,115.008000,-28.802000,30.756000,30.650000
0.420,0.364000,0.245000,0.729000,120.779000,-2.237000,20.962000,30.600000
0.433,0.297000,0.343000,0.811000,125.969000,20.977000,10.008000,30.600000
0.445,0.134000,0.479000,0.939000,121.351000,17.817000,12.168000,30.650000
0.452,-0.047000,0.609000,1.040000,111.534000,-2.626000,20.344000,30.550000
0.464,-0.101000,0.636000,1.050000,95.656000,-37.458000,30.565000,30.690000
0.471,-0.042000,0.562000,0.998000,80.336000,-68.000000,38.992000,30.600000
0.483,0.092000,0.433000,0.868000,71.794000,-81.359000,39.771000,30.650000
0.491,0.323000,0.274000,0.744000,75.214000,-69.916000,34.710000,30.650000
0.502,0.476000,0.251000,0.710000,91.267000,-35.481000,23.458000,30.600000
0.515,0.484000,0.494000,0.836000,93.397000,-1.405000,20.229000,30.550000
0.522,0.337000,0.651000,0.972000,78.954000,30.824000,19.756000,30.650000
0.534,0.032000,0.686000,1.026000,66.771000,26.595000,24.282000,30.600000
0.541,-0.127000,0.643000,1.056000,58.160000,-4.656000,27.473000,30.690000
0.554,-0.104000,0.619000,1.055000,54.244000,-40.672000,29.137000,30.650000
0.565,0.026000,0.545000,0.976000,53.244000,-64.969000,27.725000,30.650000
0.572,0.203000,0.432000,0.904000,62.015000,-64.924000,18.046000,30.600000
0.585,0.313000,0.353000,0.797000,78.221000,-47.298000,5.466000,30.600000
0.592,0.362000,0.437000,0.766000,89.160000,-27.466000,-2.206000,30.550000
0.604,0.423000,0.521000,0.791000,91.748000,4.603000,-14.015000,30.600000
0.611,0.373000,0.644000,0.843000,89.374000,22.344000,-23.008000,30.600000
0.623,0.186000,0.773000,0.941000,72.878000,18.702000,-14.435000,30.650000
0.635,0.000000,0.791000,0.944000,54.290000,-9.947000,-1.931000,30.650000
0.642,-0.046000,0.684000,0.913000,42.931000,-49.687000,11.160000,30.690000
0.655,0.100000,0.604000,0.832000,42.756000,-74.954000,13.511000,30.600000
0.662,0.294000,0.496000,0.725000,51.099000,-73.252000,3.473000,30.650000
0.674,0.452000,0.412000,0.623000,68.053000,-45.939000,-15.214000,30.690000
0.681,0.519000,0.392000,0.572000,87.031000,-9.450000,-32.191000,30.600000
0.695,0.567000,0.670000,0.693000,88.023000,24.244000,-32.534000,30.740000
0.705,0.466000,0.828000,0.786000,74.878000,55.580000,-32.290000,30.650000
0.713,0.191000,0.811000,0.793000,62.565000,49.260000,-22.992000,30.600000
0.724,-0.001000,0.735000,0.758000,54.786000,17.565000,-7.023000,30.600000
0.731,-0.009000,0.626000,0.659000,49.481000,-15.458000,6.870000,30.650000
0.744,0.131000,0.498000,0.566000,58.015000,-30.832000,8.863000,30.690000
0.751,0.244000,0.449000,0.493000,74.244000,-23.176000,1.298000,30.690000
0.763,0.305000,0.448000,0.420000,87.389000,-7.809000,-11.008000,30.650000
0.775,0.310000,0.366000,0.374000,104.191000,9.473000,-19.840000,30.650000
0.782,0.311000,0.438000,0.327000,116.374000,23.053000,-25.435000,30.550000
0.794,0.313000,0.525000,0.364000,124.458000,35.595000,-32.267000,30.690000
0.801,0.120000,0.670000,0.434000,128.084000,21.107000,-27.718000,30.550000
0.813,-0.054000,0.918000,0.633000,115.359000,-20.588000,-13.969000,30.550000
0.825,-0.050000,1.052000,0.757000,99.153000,-65.481000,-6.107000,30.600000
0.832,0.122000,1.049000,0.773000,86.458000,-98.351000,-7.336000,30.650000
0.844,0.335000,0.994000,0.730000,79.405000,-105.527000,-12.458000,30.550000
0.851,0.534000,0.916000,0.643000,77.687000,-89.145000,-21.038000,30.510000
0.863,0.647000,0.815000,0.583000,80.924000,-53.176000,-26.756000,30.600000
0.875,0.646000,0.824000,0.532000,87.672000,-11.008000,-32.969000,30.550000
0.882,0.438000,0.841000,0.518000,88.870000,9.481000,-26.481000,30.550000
0.895,0.243000,0.883000,0.531000,88.557000,14.718000,-18.947000,30.690000
0.901,0.114000,0.923000,0.499000,85.817000,0.031000,-11.313000,30.550000
0.913,0.117000,1.000000,0.523000,77.725000,-16.710000,-4.588000,30.650000
0.920,0.158000,1.026000,0.540000,66.275000,-29.672000,-1.359000,30.550000
0.933,0.251000,0.947000,0.528000,59.061000,-32.771000,-3.053000,30.600000
0.945,0.349000,0.868000,0.481000,62.000000,-23.573000,-12.977000,30.650000
0.952,0.386000,0.905000,0.514000,68.893000,-8.763000,-17.664000,30.650000
0.964,0.326000,1.047000,0.575000,59.588000,-4.931000,-14.809000,30.600000
0.971,0.287000,1.120000,0.602000,39.947000,1.000000,-12.260000,30.600000
0.984,0.319000,1.040000,0.542000,23.450000,5.985000,-11.450000,30.550000
0.991,0.377000,0.918000,0.447000,13.176000,17.244000,-6.977000,30.690000
1.004,0.422000,0.762000,0.356000,15.656000,31.878000,-2.145000,30.600000
1.015,0.426000,0.643000,0.267000,28.924000,47.618000,3.863000,30.550000
1.022,0.363000,0.612000,0.208000,45.550000,57.473000,11.206000,30.550000
1.035,0.212000,0.621000,0.220000,64.534000,52.427000,23.870000,30.600000
1.042,0.020000,0.674000,0.244000,82.443000,26.863000,40.130000,30.690000
1.055,-0.015000,0.861000,0.297000,99.557000,-0.885000,43.092000,30.650000
1.061,0.084000,1.113000,0.449000,100.885000,-26.473000,40.954000,30.650000
1.073,0.288000,1.334000,0.624000,85.267000,-21.359000,32.550000,30.600000
1.085,0.436000,1.355000,0.651000,59.954000,2.389000,13.893000,30.650000
1.093,0.538000,1.223000,0.660000,42.519000,40.275000,2.183000,30.550000
1.105,0.532000,1.097000,0.583000,32.443000,78.527000,0.145000,30.600000
1.112,0.369000,1.043000,0.492000,26.947000,96.786000,6.038000,30.690000
1.124,0.082000,1.005000,0.433000,23.344000,82.473000,15.977000,30.650000
1.131,-0.081000,0.979000,0.378000,23.206000,47.153000,29.221000,30.650000
1.144,-0.095000,1.010000,0.293000,24.412000,5.176000,37.183000,30.600000
1.151,-0.003000,0.918000,0.226000,29.008000,-27.603000,35.275000,30.650000
1.163,0.115000,0.864000,0.183000,39.580000,-41.023000,30.527000,30.550000
1.175,0.236000,0.826000,0.184000,50.687000,-39.420000,18.267000,30.600000
1.182,0.365000,0.812000,0.193000,63.908000,-20.023000,0.656000,30.600000
1.194,0.453000,0.848000,0.194000,74.557000,9.359000,-13.260000,30.650000
1.201,0.467000,0.881000,0.218000,84.183000,35.130000,-18.237000,30.550000
1.213,0.380000,1.006000,0.219000,86.450000,54.336000,-16.252000,30.510000
1.220,0.196000,1.085000,0.255000,81.656000,47.130000,-9.885000,30.510000
1.233,0.108000,1.112000,0.243000,75.557000,32.756000,-6.198000,30.650000
1.250,0.123000,1.035000,0.207000,70.015000,12.504000,-2.069000,30.600000
1.252,0.241000,0.941000,0.179000,75.374000,2.885000,-3.237000,30.600000
1.265,0.320000,0.950000,0.170000,84.412000,6.802000,-2.855000,30.650000
1.271,0.366000,0.964000,0.196000,92.992000,19.435000,-7.504000,30.650000
1.284,0.400000,1.041000,0.199000,95.649000,39.458000,-12.176000,30.600000
1.291,0.285000,1.148000,0.192000,85.252000,41.489000,-4.878000,30.600000
1.304,0.168000,1.205000,0.247000,70.580000,27.573000,4.947000,30.650000
1.311,0.072000,1.206000,0.271000,55.115000,3.344000,15.458000,30.650000
1.322,0.098000,1.080000,0.237000,46.160000,-21.969000,22.267000,30.690000
1.335,0.248000,0.983000,0.232000,47.954000,-30.794000,22.840000,30.550000
1.342,0.382000,0.961000,0.293000,52.282000,-19.168000,19.466000,30.650000
1.354,0.426000,1.051000,0.344000,48.542000,4.649000,14.107000,30.650000
1.361,0.326000,1.067000,0.374000,39.916000,21.618000,10.664000,30.510000
1.373,0.231000,1.092000,0.343000,31.802000,27.664000,8.298000,30.650000
1.380,0.105000,1.072000,0.316000,21.702000,15.122000,9.382000,30.650000
1.393,0.065000,1.039000,0.297000,15.405000,-7.305000,8.901000,30.600000
1.405,0.184000,1.023000,0.308000,11.252000,-20.786000,6.198000,30.650000
1.412,0.305000,0.993000,0.333000,11.359000,-20.275000,6.252000,30.740000
1.425,0.347000,1.068000,0.324000,2.740000,-9.786000,6.153000,30.600000
1.432,0.309000,0.999000,0.268000,-6.031000,-4.198000,11.481000,30.690000
1.444,0.272000,0.920000,0.182000,-11.069000,-2.573000,9.420000,30.550000
1.452,0.261000,0.854000,0.128000,-9.244000,-9.336000,6.137000,30.650000
1.464,0.340000,0.834000,0.170000,-1.145000,-15.275000,3.519000,30.600000
1.470,0.402000,0.936000,0.282000,2.740000,-12.389000,4.962000,30.650000
1.483,0.375000,1.073000,0.373000,-5.015000,-9.618000,10.947000,30.650000
1.495,0.294000,1.106000,0.359000,-19.351000,-9.382000,15.443000,30.550000
1.502,0.192000,1.027000,0.275000,-34.580000,-17.389000,17.435000,30.600000
1.514,0.199000,0.940000,0.179000,-35.176000,-27.084000,10.023000,30.650000
1.521,0.215000,0.860000,0.095000,-36.542000,-37.076000,5.740000,30.650000
1.533,0.285000,0.859000,0.073000,-31.969000,-38.962000,4.405000,30.600000
1.541,0.294000,0.854000,0.103000,-24.939000,-34.733000,3.412000,30.600000
1.553,0.256000,0.930000,0.188000,-20.695000,-31.718000,4.061000,30.650000
1.565,0.192000,0.975000,0.276000,-19.672000,-33.649000,1.145000,30.650000
1.571,0.138000,1.003000,0.375000,-20.359000,-38.565000,-6.015000,30.600000
1.584,0.152000,1.062000,0.489000,-23.885000,-43.176000,-13.794000,30.650000
1.591,0.215000,1.164000,0.591000,-32.473000,-42.183000,-18.458000,30.550000
1.603,0.332000,1.280000,0.626000,-50.603000,-31.076000,-22.206000,30.690000
1.614,0.404000,1.284000,0.583000,-69.977000,-15.863000,-24.985000,30.600000
1.622,0.391000,1.259000,0.469000,-84.786000,-0.252000,-18.275000,30.650000
1.634,0.305000,1.120000,0.297000,-93.992000,5.290000,-8.924000,30.550000
1.642,0.249000,0.980000,0.183000,-91.916000,4.099000,-7.107000,30.600000
1.654,0.211000,0.900000,0.131000,-82.130000,1.496000,-9.076000,30.690000
1.665,0.233000,0.910000,0.127000,-74.023000,-0.382000,-15.000000,30.550000
1.672,0.275000,0.928000,0.190000,-71.740000,-3.649000,-19.397000,30.600000
1.684,0.312000,0.974000,0.251000,-69.473000,-0.885000,-17.122000,30.600000
1.691,0.351000,1.002000,0.293000,-71.298000,-0.626000,-15.450000,30.550000
1.703,0.398000,1.016000,0.347000,-74.527000,3.374000,-11.053000,30.550000
1.711,0.408000,1.069000,0.398000,-78.435000,11.359000,-8.099000,30.600000
1.722,0.340000,1.101000,0.462000,-83.740000,12.817000,-6.733000,30.600000
1.735,0.252000,1.151000,0.516000,-94.084000,8.519000,-5.885000,30.550000
1.742,0.219000,1.127000,0.581000,-104.145000,-2.221000,-8.511000,30.550000
1.755,0.310000,1.152000,0.562000,-113.267000,-10.176000,-10.794000,30.600000
1.761,0.429000,1.102000,0.512000,-118.519000,-9.618000,-4.176000,30.650000
1.773,0.441000,1.069000,0.436000,-120.374000,-4.992000,6.145000,30.650000
1.785,0.395000,1.014000,0.414000,-119.153000,0.901000,13.672000,30.650000
1.792,0.324000,1.034000,0.463000,-119.389000,0.832000,17.611000,30.690000
1.805,0.362000,1.107000,0.523000,-122.580000,13.511000,15.687000,30.650000
1.812,0.391000,1.103000,0.510000,-130.275000,28.634000,12.389000,30.650000
1.823,0.365000,0.972000,0.464000,-129.656000,43.351000,9.756000,30.600000
1.829,0.275000,0.921000,0.415000,-125.611000,49.863000,6.985000,30.600000
1.844,0.208000,0.930000,0.415000,-119.282000,52.702000,-1.015000,30.650000
1.855,0.143000,0.890000,0.404000,-115.023000,45.969000,-8.336000,30.550000
1.862,0.147000,0.900000,0.430000,-109.626000,38.847000,-16.702000,30.600000
1.873,0.107000,0.889000,0.471000,-111.130000,23.496000,-16.481000,30.650000
1.885,0.188000,0.898000,0.510000,-104.076000,19.458000,-17.466000,30.650000
1.892,0.289000,0.899000,0.517000,-103.267000,23.176000,-11.573000,30.690000
1.905,0.276000,0.790000,0.516000,-101.168000,31.466000,-8.221000,30.690000
1.913,0.242000,0.803000,0.545000,-96.237000,44.878000,-9.053000,30.650000
1.923,0.083000,0.829000,0.591000,-97.290000,40.481000,-14.809000,30.650000
1.929,-0.070000,0.796000,0.683000,-97.427000,20.603000,-22.664000,30.550000
1.943,-0.026000,0.855000,0.690000,-98.588000,2.321000,-35.916000,30.600000
1.955,0.141000,0.819000,0.654000,-101.618000,-7.901000,-40.458000,30.550000
1.961,0.290000,0.749000,0.593000,-99.290000,-1.420000,-41.962000,30.600000
1.974,0.323000,0.691000,0.570000,-98.214000,7.473000,-38.473000,30.600000
1.980,0.276000,0.646000,0.567000,-91.206000,16.901000,-30.992000,30.650000
1.993,0.232000,0.704000,0.589000,-85.466000,25.832000,-30.733000,30.650000
2.005,0.135000,0.703000,0.662000,-87.916000,28.603000,-29.603000,30.690000
2.012,0.061000,0.673000,0.706000,-87.855000,23.420000,-25.893000,30.600000
2.024,0.010000,0.711000,0.721000,-90.550000,8.924000,-25.603000,30.650000
2.030,-0.011000,0.664000,0.745000,-91.229000,-9.130000,-22.405000,30.650000
2.043,0.071000,0.677000,0.731000,-89.985000,-19.168000,-26.122000,30.510000
2.055,0.225000,0.626000,0.714000,-87.000000,-16.382000,-24.794000,30.600000
2.062,0.303000,0.636000,0.739000,-85.580000,-2.679000,-20.344000,30.650000
2.074,0.282000,0.682000,0.770000,-86.290000,14.916000,-19.473000,30.550000
2.080,0.163000,0.702000,0.780000,-93.664000,21.656000,-13.817000,30.600000
2.094,0.071000,0.681000,0.800000,-101.802000,18.863000,-11.130000,30.550000
2.105,0.062000,0.598000,0.795000,-100.336000,13.794000,-12.000000,30.550000
2.112,0.012000,0.547000,0.799000,-96.336000,1.664000,-12.458000,30.600000
2.124,0.043000,0.547000,0.781000,-91.046000,-2.473000,-18.985000,30.600000
2.130,0.080000,0.529000,0.731000,-86.725000,-2.473000,-27.496000,30.650000
2.143,0.123000,0.477000,0.686000,-82.786000,6.924000,-31.198000,30.550000
2.156,0.167000,0.474000,0.651000,-79.809000,21.840000,-34.443000,30.600000
2.162,0.168000,0.440000,0.619000,-79.427000,32.664000,-34.336000,30.600000
2.174,0.059000,0.383000,0.690000,-73.779000,30.672000,-25.878000,30.550000
2.181,-0.060000,0.540000,0.831000,-72.321000,13.969000,-19.473000,30.600000
2.193,-0.129000,0.564000,0.968000,-76.435000,-9.847000,-15.084000,30.600000
2.205,-0.035000,0.565000,1.013000,-76.527000,-21.481000,-18.924000,30.550000
2.212,0.138000,0.533000,0.932000,-79.191000,-15.969000,-26.092000,30.550000
2.224,0.235000,0.383000,0.833000,-74.977000,4.992000,-29.962000,30.550000
2.230,0.193000,0.350000,0.759000,-71.802000,25.412000,-33.069000,30.600000
2.244,0.110000,0.379000,0.767000,-71.641000,36.473000,-32.947000,30.550000
2.255,-0.066000,0.353000,0.862000,-73.863000,29.878000,-28.092000,30.550000
2.262,-0.114000,0.439000,0.946000,-73.107000,15.939000,-27.290000,30.600000
2.274,-0.098000,0.470000,0.968000,-80.901000,-5.802000,-23.321000,30.650000
2.281,0.016000,0.403000,0.991000,-81.511000,-11.374000,-20.931000,30.650000
2.294,0.186000,0.420000,0.900000,-83.710000,-0.740000,-25.595000,30.510000
2.305,0.289000,0.253000,0.762000,-81.130000,22.351000,-26.305000,30.510000
2.312,0.229000,0.129000,0.721000,-70.687000,43.779000,-24.443000,30.650000
2.324,0.084000,0.208000,0.742000,-60.053000,52.000000,-28.931000,30.650000
2.330,-0.115000,0.297000,0.879000,-62.359000,35.885000,-26.855000,30.600000
2.344,-0.296000,0.427000,0.962000,-69.908000,9.183000,-25.382000,30.690000
2.355,-0.167000,0.427000,0.979000,-83.786000,-15.641000,-26.237000,30.650000
2.363,-0.046000,0.254000,0.898000,-87.061000,-29.313000,-22.855000,30.550000
2.374,0.148000,0.188000,0.833000,-81.496000,-22.939000,-23.908000,30.600000
2.380,0.268000,0.155000,0.782000,-77.634000,-4.160000,-26.863000,30.550000
2.394,0.208000,0.105000,0.799000,-69.252000,15.458000,-27.985000,30.550000
2.405,0.124000,0.158000,0.859000,-63.008000,26.779000,-30.321000,30.600000
2.412,-0.025000,0.193000,0.923000,-63.153000,23.450000,-28.008000,30.510000
2.423,-0.122000,0.191000,1.018000,-61.305000,13.893000,-25.000000,30.650000
2.430,-0.118000,0.327000,1.015000,-67.641000,2.779000,-25.534000,30.650000
2.442,-0.062000,0.220000,0.970000,-73.870000,-6.916000,-24.771000,30.600000
2.455,0.025000,0.140000,0.914000,-69.573000,-4.939000,-29.237000,30.510000
2.462,0.090000,0.188000,0.900000,-72.992000,-4.969000,-30.198000,30.650000
2.474,0.126000,0.110000,0.979000,-70.206000,0.863000,-28.244000,30.690000
2.480,0.200000,0.144000,1.011000,-66.580000,12.053000,-28.206000,30.600000
2.494,0.195000,0.145000,1.014000,-71.527000,21.542000,-28.389000,30.550000
2.505,0.154000,0.113000,0.971000,-72.611000,33.336000,-23.969000,30.460000
2.512,0.126000,0.128000,0.861000,-78.267000,40.802000,-21.397000,30.650000
2.524,0.035000,0.018000,0.787000,-79.756000,40.786000,-13.855000,30.600000
2.531,-0.041000,-0.008000,0.757000,-75.664000,39.321000,-13.702000,30.650000
2.544,-0.111000,-0.006000,0.775000,-73.321000,29.038000,-16.252000,30.550000
2.555,-0.135000,0.010000,0.865000,-70.504000,18.618000,-19.550000,30.600000
2.561,-0.138000,0.006000,0.885000,-69.763000,5.252000,-21.282000,30.600000
2.573,-0.101000,-0.042000,0.927000,-64.740000,-4.374000,-23.244000,30.650000
2.579,0.001000,-0.008000,0.900000,-63.115000,-5.565000,-26.656000,30.550000
2.594,0.068000,-0.103000,0.881000,-59.176000,0.145000,-27.939000,30.600000
2.605,0.121000,-0.070000,0.876000,-55.160000,13.641000,-30.076000,30.650000
2.611,0.103000,-0.056000,0.907000,-56.053000,23.061000,-30.618000,30.550000
2.623,0.039000,-0.076000,0.985000,-54.916000,28.099000,-31.710000,30.510000
2.635,-0.017000,-0.024000,1.021000,-57.275000,27.107000,-33.115000,30.600000
2.642,-0.076000,-0.061000,1.020000,-61.924000,18.267000,-30.687000,30.650000
2.654,-0.133000,-0.079000,0.998000,-62.679000,4.580000,-26.160000,30.650000
2.661,-0.083000,-0.041000,0.893000,-70.382000,-7.313000,-25.405000,30.550000
2.673,0.031000,-0.194000,0.802000,-70.664000,-10.420000,-21.802000,30.600000
2.685,0.121000,-0.233000,0.734000,-63.740000,-0.198000,-25.405000,30.550000
2.692,0.168000,-0.271000,0.681000,-59.695000,15.351000,-29.992000,30.550000
2.705,0.122000,-0.305000,0.710000,-46.756000,26.733000,-28.435000,30.600000
2.712,0.022000,-0.210000,0.776000,-40.771000,27.687000,-25.595000,30.600000
2.722,-0.105000,-0.186000,0.849000,-40.878000,15.832000,-21.595000,30.550000
2.734,-0.166000,-0.187000,0.940000,-41.076000,-3.450000,-16.214000,30.600000
2.742,-0.168000,-0.117000,0.988000,-46.481000,-19.802000,-16.985000,30.510000
2.754,-0.115000,-0.139000,0.974000,-53.763000,-33.939000,-16.878000,30.550000
2.765,0.028000,-0.164000,0.930000,-56.954000,-32.305000,-19.435000,30.550000
2.772,0.167000,-0.206000,0.816000,-61.519000,-17.733000,-24.664000,30.600000
2.783,0.249000,-0.369000,0.748000,-58.237000,4.504000,-26.412000,30.600000
2.791,0.238000,-0.415000,0.729000,-47.901000,27.122000,-29.656000,30.550000
2.803,0.161000,-0.379000,0.765000,-39.855000,39.260000,-29.351000,30.650000
2.815,0.018000,-0.280000,0.848000,-38.038000,37.725000,-22.466000,30.600000
2.821,-0.171000,-0.205000,0.904000,-45.366000,17.802000,-12.099000,30.550000
2.833,-0.230000,-0.268000,0.868000,-51.023000,-9.008000,-2.214000,30.550000
2.845,-0.148000,-0.316000,0.783000,-49.328000,-26.176000,1.710000,30.600000
2.852,-0.005000,-0.362000,0.713000,-42.099000,-27.260000,1.366000,30.600000
2.864,0.115000,-0.423000,0.701000,-33.443000,-10.511000,-6.298000,30.650000
2.871,0.153000,-0.391000,0.754000,-21.695000,13.374000,-15.489000,30.550000
2.883,0.138000,-0.344000,0.834000,-17.122000,33.901000,-22.344000,30.600000
2.896,0.111000,-0.261000,0.892000,-17.725000,50.107000,-24.565000,30.510000
2.903,-0.022000,-0.203000,0.929000,-28.061000,50.763000,-17.901000,30.550000
2.914,-0.142000,-0.236000,0.893000,-36.985000,38.649000,-10.710000,30.650000
2.920,-0.176000,-0.308000,0.821000,-42.809000,19.435000,-6.023000,30.510000
2.933,-0.133000,-0.354000,0.751000,-40.214000,7.069000,-5.664000,30.600000
2.945,-0.066000,-0.358000,0.678000,-43.626000,0.756000,-5.191000,30.550000
2.953,-0.037000,-0.463000,0.599000,-38.008000,-3.763000,-2.756000,30.550000
2.964,-0.005000,-0.519000,0.531000,-27.794000,-7.061000,-2.076000,30.510000
2.970,0.007000,-0.535000,0.544000,-16.023000,-10.389000,1.397000,30.550000
2.983,0.041000,-0.505000,0.613000,-2.817000,-7.473000,2.573000,30.650000
2.995,0.048000,-0.444000,0.672000,4.015000,-2.840000,2.534000,30.510000
3.002,0.012000,-0.386000,0.729000,7.351000,-0.198000,4.977000,30.600000
3.015,-0.017000,-0.336000,0.745000,6.802000,-1.473000,7.420000,30.550000
3.022,-0.051000,-0.370000,0.758000,7.252000,-5.534000,11.878000,30.650000
3.034,-0.051000,-0.413000,0.788000,13.489000,-8.153000,12.412000,30.600000
3.041,-0.063000,-0.364000,0.836000,17.786000,-9.466000,12.405000,30.650000
3.054,-0.046000,-0.336000,0.901000,18.710000,-8.977000,10.237000,30.550000
3.065,-0.030000,-0.297000,0.931000,14.802000,-5.282000,9.641000,30.600000
3.072,-0.020000,-0.327000,0.938000,10.893000,-1.649000,9.198000,30.690000
3.084,-0.014000,-0.324000,0.914000,7.504000,4.145000,7.397000,30.650000
3.092,-0.044000,-0.374000,0.878000,6.298000,6.084000,8.565000,30.650000
3.104,-0.093000,-0.387000,0.888000,7.496000,1.420000,8.840000,30.690000
3.111,-0.103000,-0.381000,0.897000,9.382000,-5.580000,10.489000,30.600000
3.123,-0.055000,-0.380000,0.906000,10.496000,-8.847000,11.198000,30.550000
3.135,0.017000,-0.375000,0.910000,12.328000,-4.023000,9.000000,30.600000
3.142,0.043000,-0.358000,0.913000,12.901000,4.870000,7.496000,30.600000
3.155,0.008000,-0.357000,0.922000,13.534000,12.542000,6.992000,30.650000
3.162,-0.039000,-0.348000,0.944000,13.260000,16.496000,8.321000,30.550000
3.174,-0.117000,-0.333000,0.947000,12.695000,14.580000,8.939000,30.600000
3.181,-0.167000,-0.328000,0.929000,11.458000,8.244000,7.847000,30.600000
3.194,-0.170000,-0.323000,0.930000,11.206000,-0.527000,6.580000,30.550000
3.201,-0.114000,-0.298000,0.923000,9.252000,-5.374000,4.038000,30.600000
3.212,-0.039000,-0.340000,0.894000,8.870000,-4.137000,2.183000,30.510000
3.225,0.017000,-0.366000,0.885000,13.137000,3.023000,-0.618000,30.650000
3.232,0.023000,-0.361000,0.871000,15.573000,9.977000,-1.084000,30.550000
3.245,-0.019000,-0.329000,0.906000,16.336000,12.015000,2.664000,30.650000
3.252,-0.094000,-0.296000,0.929000,13.710000,7.359000,5.748000,30.600000
3.263,-0.126000,-0.307000,0.941000,12.176000,-0.679000,8.214000,30.650000
3.270,-0.108000,-0.303000,0.949000,11.611000,-5.397000,8.550000,30.650000
3.282,-0.075000,-0.307000,0.936000,11.237000,-6.374000,9.313000,30.600000
3.295,-0.064000,-0.303000,0.929000,11.664000,-4.000000,6.695000,30.550000
3.303,-0.059000,-0.292000,0.935000,10.588000,-1.977000,4.137000,30.650000
3.314,-0.058000,-0.291000,0.916000,9.855000,-1.267000,3.687000,30.510000
3.321,-0.050000,-0.314000,0.905000,9.107000,-1.634000,5.672000,30.600000
3.333,-0.051000,-0.330000,0.889000,10.473000,-2.015000,7.718000,30.550000
3.341,-0.048000,-0.318000,0.890000,12.069000,-0.908000,8.718000,30.650000
3.353,-0.052000,-0.305000,0.891000,11.794000,-0.687000,7.351000,30.600000
3.364,-0.070000,-0.299000,0.886000,11.145000,-1.618000,6.802000,30.690000
3.371,-0.094000,-0.304000,0.886000,11.061000,-5.214000,6.099000,30.650000
3.384,-0.094000,-0.331000,0.893000,12.664000,-8.481000,5.969000,30.550000
3.391,-0.054000,-0.337000,0.912000,15.962000,-10.053000,6.015000,30.690000
3.403,-0.020000,-0.307000,0.911000,17.298000,-5.351000,3.656000,30.550000
3.415,0.002000,-0.305000,0.922000,16.557000,-1.763000,2.870000,30.550000
3.422,-0.020000,-0.302000,0.907000,16.786000,-2.015000,4.786000,30.690000
3.434,-0.058000,-0.296000,0.897000,17.214000,-6.099000,8.351000,30.600000
3.442,-0.055000,-0.303000,0.899000,17.282000,-11.733000,11.542000,30.650000
3.453,-0.012000,-0.305000,0.907000,18.870000,-11.191000,11.282000,30.650000
3.460,0.012000,-0.285000,0.920000,20.130000,-7.473000,10.275000,30.600000
3.472,0.009000,-0.276000,0.944000,22.160000,-2.366000,10.099000,30.600000
3.485,-0.022000,-0.263000,0.968000,23.366000,1.031000,8.542000,30.650000
3.492,-0.038000,-0.229000,0.983000,22.061000,3.855000,6.267000,30.690000
3.504,-0.059000,-0.214000,0.997000,17.328000,4.336000,4.542000,30.690000
3.511,-0.083000,-0.232000,0.992000,12.878000,1.412000,4.885000,30.650000
3.523,-0.088000,-0.242000,0.961000,9.031000,-3.863000,6.260000,30.650000
